<?xml version="1.0" encoding="utf-8"?>
<COLLADA xmlns="http://www.collada.org/2005/11/COLLADASchema" version="1.4.1">
  <asset><contributor><author>Mixamo</author><authoring_tool>COLLADA Mixamo exporter</authoring_tool><comments></comments></contributor><created>2020-03-02T12:14:09Z</created><modified>2020-03-02T12:14:09Z</modified><revision></revision><title></title><unit meter="0.010000"/><up_axis>Y_UP</up_axis></asset>
  <library_animations>
    <animation id="mixamorig_Hips-anim" name="mixamorig_Hips"><source id="mixamorig_Hips-Matrix-animation-input"><float_array id="mixamorig_Hips-Matrix-animation-input-array" count="59">

0.000000 0.033333 0.066667 0.100000 0.133333 0.166667 0.200000 0.233333 0.266667 0.300000 0.333333 0.366667 0.400000 0.433333 0.466667 0.500000
0.533333 0.566667 0.600000 0.633333 0.666667 0.700000 0.733333 0.766667 0.800000 0.833333 0.866667 0.900000 0.933333 0.966667 1.000000 1.033333
1.066667 1.100000 1.133333 1.166667 1.200000 1.233333 1.266667 1.300000 1.333333 1.366667 1.400000 1.433333 1.466667 1.500000 1.533333 1.566667
1.600000 1.633333 1.666667 1.700000 1.733333 1.766667 1.800000 1.833333 1.866667 1.900000 1.933333</float_array><technique_common><accessor source="#mixamorig_Hips-Matrix-animation-input-array" count="59"><param name="TIME" type="float"/></accessor></technique_common></source><source id="mixamorig_Hips-Matrix-animation-output-transform"><float_array id="mixamorig_Hips-Matrix-animation-output-transform-array" count="944">

0.727201 0.057026 -0.684052 0.112005 -0.005037 0.996960 0.077756 28.587559 0.686406 -0.053098 0.725277 -0.214846 0.000000 0.000000 0.000000 1.000000
0.726901 0.057240 -0.684353 0.115649 -0.004993 0.996935 0.078081 28.591835 0.686725 -0.053340 0.724958 -0.218592 0.000000 0.000000 0.000000 1.000000
0.726689 0.057426 -0.684562 0.119649 -0.004957 0.996912 0.078366 28.596352 0.686949 -0.053554 0.724730 -0.220923 0.000000 0.000000 0.000000 1.000000
0.726697 0.057777 -0.684524 0.123596 -0.005118 0.996885 0.078709 28.601652 0.686939 -0.053694 0.724729 -0.220565 0.000000 0.000000 0.000000 1.000000
0.726991 0.058180 -0.684177 0.126671 -0.005359 0.996854 0.079075 28.607767 0.686626 -0.053820 0.725016 -0.216769 0.000000 0.000000 0.000000 1.000000
0.727506 0.058628 -0.683591 0.128405 -0.005578 0.996815 0.079555 28.614357 0.686078 -0.054063 0.725516 -0.209512 0.000000 0.000000 0.000000 1.000000
0.728087 0.059103 -0.682932 0.128944 -0.005695 0.996763 0.080192 28.621622 0.685461 -0.054497 0.726067 -0.199403 0.000000 0.000000 0.000000 1.000000
0.728564 0.059594 -0.682381 0.128758 -0.005749 0.996705 0.080906 28.630703 0.684954 -0.055022 0.726506 -0.187065 0.000000 0.000000 0.000000 1.000000
0.728843 0.059972 -0.682049 0.128275 -0.005769 0.996659 0.081470 28.642609 0.684656 -0.055444 0.726754 -0.172851 0.000000 0.000000 0.000000 1.000000
0.728907 0.060221 -0.681958 0.128137 -0.005810 0.996632 0.081799 28.656643 0.684588 -0.055662 0.726802 -0.156866 0.000000 0.000000 0.000000 1.000000
0.728790 0.060432 -0.682065 0.129333 -0.005875 0.996613 0.082023 28.670238 0.684712 -0.055771 0.726677 -0.139690 0.000000 0.000000 0.000000 1.000000
0.728578 0.060741 -0.682264 0.132629 -0.005941 0.996583 0.082381 28.680588 0.684937 -0.055968 0.726450 -0.122366 0.000000 0.000000 0.000000 1.000000
0.728475 0.061174 -0.682336 0.137522 -0.005961 0.996533 0.082979 28.686857 0.685047 -0.056381 0.726314 -0.105746 0.000000 0.000000 0.000000 1.000000
0.728708 0.061675 -0.682042 0.142122 -0.005944 0.996468 0.083758 28.691257 0.684799 -0.056981 0.726501 -0.089924 0.000000 0.000000 0.000000 1.000000
0.729287 0.062245 -0.681370 0.144685 -0.006008 0.996397 0.084593 28.697786 0.684181 -0.057599 0.727034 -0.074562 0.000000 0.000000 0.000000 1.000000
0.729896 0.062778 -0.680670 0.145029 -0.006183 0.996339 0.085261 28.709110 0.683531 -0.058023 0.727612 -0.059778 0.000000 0.000000 0.000000 1.000000
0.730123 0.063213 -0.680386 0.144528 -0.006470 0.996307 0.085623 28.724848 0.683285 -0.058113 0.727835 -0.046025 0.000000 0.000000 0.000000 1.000000
0.729851 0.063512 -0.680650 0.144535 -0.006785 0.996299 0.085690 28.741858 0.683573 -0.057922 0.727580 -0.033552 0.000000 0.000000 0.000000 1.000000
0.729338 0.063734 -0.681178 0.145310 -0.007066 0.996300 0.085652 28.756737 0.684117 -0.057656 0.727090 -0.021918 0.000000 0.000000 0.000000 1.000000
0.728965 0.063960 -0.681556 0.146224 -0.007285 0.996294 0.085704 28.767685 0.684512 -0.057510 0.726729 -0.010074 0.000000 0.000000 0.000000 1.000000
0.728916 0.064125 -0.681594 0.146544 -0.007399 0.996283 0.085818 28.775230 0.684564 -0.057511 0.726681 0.002940 0.000000 0.000000 0.000000 1.000000
0.729124 0.064311 -0.681353 0.146064 -0.007490 0.996265 0.086020 28.781435 0.684341 -0.057616 0.726882 0.017588 0.000000 0.000000 0.000000 1.000000
0.729426 0.064486 -0.681014 0.144911 -0.007570 0.996247 0.086228 28.788012 0.684018 -0.057742 0.727176 0.033433 0.000000 0.000000 0.000000 1.000000
0.729682 0.064556 -0.680733 0.143364 -0.007581 0.996236 0.086349 28.795088 0.683745 -0.057847 0.727425 0.049130 0.000000 0.000000 0.000000 1.000000
0.729783 0.064569 -0.680623 0.141837 -0.007576 0.996233 0.086387 28.801538 0.683637 -0.057888 0.727523 0.063208 0.000000 0.000000 0.000000 1.000000
0.729707 0.064504 -0.680711 0.140546 -0.007555 0.996240 0.086305 28.806240 0.683718 -0.057834 0.727451 0.074144 0.000000 0.000000 0.000000 1.000000
0.729471 0.064423 -0.680971 0.139396 -0.007584 0.996255 0.086127 28.809223 0.683970 -0.057663 0.727228 0.081176 0.000000 0.000000 0.000000 1.000000
0.729214 0.064280 -0.681260 0.137998 -0.007631 0.996280 0.085836 28.811306 0.684244 -0.057394 0.726991 0.084516 0.000000 0.000000 0.000000 1.000000
0.729032 0.064147 -0.681468 0.136295 -0.007726 0.996307 0.085517 28.812534 0.684436 -0.057080 0.726835 0.084874 0.000000 0.000000 0.000000 1.000000
0.728912 0.064048 -0.681605 0.134687 -0.007836 0.996329 0.085242 28.811102 0.684563 -0.056793 0.726738 0.082575 0.000000 0.000000 0.000000 1.000000
0.728836 0.063923 -0.681697 0.133621 -0.007859 0.996348 0.085025 28.804663 0.684643 -0.056611 0.726677 0.077444 0.000000 0.000000 0.000000 1.000000
0.728854 0.063849 -0.681685 0.133196 -0.007823 0.996354 0.084958 28.793013 0.684624 -0.056589 0.726696 0.069631 0.000000 0.000000 0.000000 1.000000
0.729046 0.063833 -0.681482 0.132858 -0.007775 0.996350 0.085009 28.779095 0.684421 -0.056677 0.726881 0.059715 0.000000 0.000000 0.000000 1.000000
0.729366 0.063864 -0.681136 0.131855 -0.007772 0.996342 0.085096 28.767750 0.684079 -0.056773 0.727195 0.048669 0.000000 0.000000 0.000000 1.000000
0.729632 0.063865 -0.680852 0.129843 -0.007813 0.996343 0.085085 28.762236 0.683796 -0.056761 0.727462 0.037218 0.000000 0.000000 0.000000 1.000000
0.729632 0.063582 -0.680878 0.127326 -0.007753 0.996373 0.084736 28.761734 0.683796 -0.056547 0.727479 0.025260 0.000000 0.000000 0.000000 1.000000
0.729324 0.063168 -0.681247 0.125496 -0.007642 0.996419 0.084210 28.761503 0.684126 -0.056210 0.727194 0.012409 0.000000 0.000000 0.000000 1.000000
0.728907 0.062786 -0.681727 0.124917 -0.007506 0.996459 0.083748 28.756092 0.684571 -0.055927 0.726797 -0.001499 0.000000 0.000000 0.000000 1.000000
0.728687 0.062513 -0.681987 0.124897 -0.007348 0.996482 0.083490 28.743549 0.684807 -0.055827 0.726583 -0.015685 0.000000 0.000000 0.000000 1.000000
0.728793 0.062332 -0.681891 0.124272 -0.007196 0.996490 0.083398 28.726654 0.684696 -0.055873 0.726684 -0.028866 0.000000 0.000000 0.000000 1.000000
0.729060 0.062146 -0.681623 0.122453 -0.007038 0.996498 0.083326 28.710747 0.684414 -0.055952 0.726944 -0.040249 0.000000 0.000000 0.000000 1.000000
0.729185 0.061905 -0.681511 0.119695 -0.006866 0.996512 0.083172 28.699661 0.684283 -0.055969 0.727066 -0.050270 0.000000 0.000000 0.000000 1.000000
0.728989 0.061553 -0.681752 0.116551 -0.006671 0.996541 0.082840 28.693542 0.684493 -0.055841 0.726878 -0.060284 0.000000 0.000000 0.000000 1.000000
0.728531 0.061173 -0.682276 0.113625 -0.006466 0.996574 0.082449 28.689089 0.684982 -0.055655 0.726431 -0.071784 0.000000 0.000000 0.000000 1.000000
0.728019 0.060795 -0.682856 0.111336 -0.006247 0.996607 0.082067 28.682617 0.685528 -0.055480 0.725929 -0.085694 0.000000 0.000000 0.000000 1.000000
0.727652 0.060488 -0.683274 0.109795 -0.006083 0.996634 0.081751 28.672695 0.685920 -0.055330 0.725571 -0.101832 0.000000 0.000000 0.000000 1.000000
0.727512 0.060180 -0.683451 0.108639 -0.005941 0.996661 0.081435 28.660522 0.686069 -0.055184 0.725440 -0.119164 0.000000 0.000000 0.000000 1.000000
0.727574 0.059854 -0.683414 0.107438 -0.005817 0.996689 0.081097 28.648699 0.686005 -0.055028 0.725513 -0.136367 0.000000 0.000000 0.000000 1.000000
0.727754 0.059514 -0.683251 0.106160 -0.005700 0.996718 0.080748 28.639219 0.685815 -0.054870 0.725705 -0.152348 0.000000 0.000000 0.000000 1.000000
0.727943 0.059157 -0.683081 0.105345 -0.005562 0.996748 0.080395 28.632048 0.685615 -0.054724 0.725904 -0.166388 0.000000 0.000000 0.000000 1.000000
0.728016 0.058726 -0.683041 0.105563 -0.005352 0.996781 0.079997 28.625620 0.685540 -0.054583 0.725986 -0.177929 0.000000 0.000000 0.000000 1.000000
0.727895 0.058324 -0.683204 0.106919 -0.005148 0.996813 0.079611 28.618498 0.685669 -0.054432 0.725875 -0.186613 0.000000 0.000000 0.000000 1.000000
0.727610 0.058149 -0.683523 0.108931 -0.005107 0.996832 0.079367 28.610741 0.685973 -0.054258 0.725602 -0.192482 0.000000 0.000000 0.000000 1.000000
0.727278 0.058010 -0.683888 0.110689 -0.005082 0.996850 0.079152 28.603340 0.686325 -0.054090 0.725281 -0.196600 0.000000 0.000000 0.000000 1.000000
0.727028 0.057884 -0.684164 0.111724 -0.005066 0.996865 0.078956 28.597439 0.686590 -0.053937 0.725042 -0.200025 0.000000 0.000000 0.000000 1.000000
0.726953 0.057728 -0.684256 0.111943 -0.005050 0.996883 0.078738 28.593330 0.686668 -0.053783 0.724979 -0.203484 0.000000 0.000000 0.000000 1.000000
0.727021 0.057509 -0.684202 0.111686 -0.005030 0.996906 0.078447 28.590778 0.686596 -0.053591 0.725061 -0.207203 0.000000 0.000000 0.000000 1.000000
0.727154 0.057236 -0.684084 0.111543 -0.005011 0.996934 0.078086 28.589052 0.686456 -0.053352 0.725211 -0.211083 0.000000 0.000000 0.000000 1.000000
0.727181 0.056966 -0.684078 0.111994 -0.004989 0.996963 0.077718 28.587574 0.686427 -0.053102 0.725257 -0.214930 0.000000 0.000000 0.000000 1.000000</float_array><technique_common><accessor source="#mixamorig_Hips-Matrix-animation-output-transform-array" count="59" stride="16"><param type="float4x4"/></accessor></technique_common></source><source id="mixamorig_Hips-Interpolations"><Name_array id="mixamorig_Hips-Interpolations-array" count="59">
 LINEAR LINEAR LINEAR LINEAR LINEAR LINEAR LINEAR LINEAR LINEAR LINEAR LINEAR
LINEAR LINEAR LINEAR LINEAR LINEAR LINEAR LINEAR LINEAR LINEAR LINEAR LINEAR LINEAR
LINEAR LINEAR LINEAR LINEAR LINEAR LINEAR LINEAR LINEAR LINEAR LINEAR LINEAR LINEAR
LINEAR LINEAR LINEAR LINEAR LINEAR LINEAR LINEAR LINEAR LINEAR LINEAR LINEAR LINEAR
LINEAR LINEAR LINEAR LINEAR LINEAR LINEAR LINEAR LINEAR LINEAR LINEAR LINEAR LINEAR</Name_array><technique_common><accessor source="#mixamorig_Hips-Interpolations-array" count="59"><param type="name"/></accessor></technique_common></source><sampler id="mixamorig_Hips-Matrix-animation-transform"><input semantic="INPUT" source="#mixamorig_Hips-Matrix-animation-input"/><input semantic="OUTPUT" source="#mixamorig_Hips-Matrix-animation-output-transform"/><input semantic="INTERPOLATION" source="#mixamorig_Hips-Interpolations"/></sampler><channel source="#mixamorig_Hips-Matrix-animation-transform" target="mixamorig_Hips/matrix"/></animation>
    <animation id="mixamorig_Spine-anim" name="mixamorig_Spine"><source id="mixamorig_Spine-Matrix-animation-input"><float_array id="mixamorig_Spine-Matrix-animation-input-array" count="59">

0.000000 0.033333 0.066667 0.100000 0.133333 0.166667 0.200000 0.233333 0.266667 0.300000 0.333333 0.366667 0.400000 0.433333 0.466667 0.500000
0.533333 0.566667 0.600000 0.633333 0.666667 0.700000 0.733333 0.766667 0.800000 0.833333 0.866667 0.900000 0.933333 0.966667 1.000000 1.033333
1.066667 1.100000 1.133333 1.166667 1.200000 1.233333 1.266667 1.300000 1.333333 1.366667 1.400000 1.433333 1.466667 1.500000 1.533333 1.566667
1.600000 1.633333 1.666667 1.700000 1.733333 1.766667 1.800000 1.833333 1.866667 1.900000 1.933333</float_array><technique_common><accessor source="#mixamorig_Spine-Matrix-animation-input-array" count="59"><param name="TIME" type="float"/></accessor></technique_common></source><source id="mixamorig_Spine-Matrix-animation-output-transform"><float_array id="mixamorig_Spine-Matrix-animation-output-transform-array" count="944">

0.996374 -0.000040 0.085079 0.000000 -0.005664 0.997750 0.066799 3.786100 -0.084890 -0.067039 0.994133 -0.641600 0.000000 0.000000 0.000000 1.000000
0.996374 -0.000008 0.085078 0.000000 -0.005700 0.997747 0.066849 3.786100 -0.084887 -0.067091 0.994129 -0.641600 0.000000 0.000000 0.000000 1.000000
0.996374 -0.000004 0.085076 0.000000 -0.005713 0.997740 0.066957 3.786100 -0.084884 -0.067200 0.994122 -0.641600 0.000000 0.000000 0.000000 1.000000
0.996380 -0.000063 0.085013 0.000000 -0.005664 0.997728 0.067127 3.786100 -0.084824 -0.067366 0.994116 -0.641600 0.000000 0.000000 0.000000 1.000000
0.996392 -0.000183 0.084870 0.000000 -0.005554 0.997713 0.067362 3.786100 -0.084688 -0.067590 0.994112 -0.641600 0.000000 0.000000 0.000000 1.000000
0.996418 -0.000387 0.084568 0.000000 -0.005354 0.997695 0.067652 3.786100 -0.084399 -0.067862 0.994118 -0.641600 0.000000 0.000000 0.000000 1.000000
0.996444 -0.000605 0.084260 0.000000 -0.005143 0.997673 0.067981 3.786100 -0.084105 -0.068173 0.994122 -0.641600 0.000000 0.000000 0.000000 1.000000
0.996460 -0.000822 0.084068 -0.000000 -0.004945 0.997648 0.068361 3.786100 -0.083927 -0.068535 0.994112 -0.641600 0.000000 0.000000 0.000000 1.000000
0.996466 -0.001029 0.083995 -0.000000 -0.004769 0.997619 0.068800 3.786100 -0.083866 -0.068957 0.994088 -0.641600 0.000000 0.000000 0.000000 1.000000
0.996464 -0.001233 0.084007 0.000000 -0.004608 0.997585 0.069309 3.786100 -0.083889 -0.069451 0.994052 -0.641600 0.000000 0.000000 0.000000 1.000000
0.996460 -0.001444 0.084060 -0.000000 -0.004446 0.997548 0.069841 3.786100 -0.083955 -0.069967 0.994010 -0.641600 0.000000 0.000000 0.000000 1.000000
0.996454 -0.001671 0.084122 0.000000 -0.004265 0.997514 0.070335 3.786100 -0.084031 -0.070445 0.993970 -0.641600 0.000000 0.000000 0.000000 1.000000
0.996453 -0.001925 0.084130 0.000000 -0.004049 0.997484 0.070778 3.786100 -0.084055 -0.070867 0.993938 -0.641600 0.000000 0.000000 0.000000 1.000000
0.996462 -0.002202 0.084020 -0.000000 -0.003799 0.997455 0.071193 3.786100 -0.083963 -0.071260 0.993918 -0.641600 0.000000 0.000000 0.000000 1.000000
0.996481 -0.002495 0.083786 0.000000 -0.003525 0.997426 0.071622 3.786100 -0.083749 -0.071666 0.993906 -0.641600 0.000000 0.000000 0.000000 1.000000
0.996498 -0.002776 0.083572 0.000000 -0.003268 0.997393 0.072094 3.786100 -0.083554 -0.072114 0.993890 -0.641600 0.000000 0.000000 0.000000 1.000000
0.996505 -0.003037 0.083480 0.000000 -0.003042 0.997357 0.072593 3.786100 -0.083480 -0.072593 0.993862 -0.641600 0.000000 0.000000 0.000000 1.000000
0.996501 -0.003251 0.083514 0.000000 -0.002871 0.997321 0.073087 3.786100 -0.083528 -0.073071 0.993823 -0.641600 0.000000 0.000000 0.000000 1.000000
0.996495 -0.003435 0.083580 0.000000 -0.002731 0.997288 0.073543 3.786100 -0.083606 -0.073514 0.993784 -0.641600 0.000000 0.000000 0.000000 1.000000
0.996493 -0.003615 0.083594 0.000000 -0.002585 0.997260 0.073934 3.786100 -0.083632 -0.073891 0.993753 -0.641600 0.000000 0.000000 0.000000 1.000000
0.996498 -0.003800 0.083529 0.000000 -0.002425 0.997234 0.074293 3.786100 -0.083580 -0.074235 0.993732 -0.641600 0.000000 0.000000 0.000000 1.000000
0.996507 -0.003987 0.083419 -0.000000 -0.002258 0.997209 0.074633 3.786100 -0.083484 -0.074561 0.993716 -0.641600 0.000000 0.000000 0.000000 1.000000
0.996514 -0.004180 0.083322 0.000000 -0.002086 0.997184 0.074971 3.786100 -0.083401 -0.074884 0.993699 -0.641600 0.000000 0.000000 0.000000 1.000000
0.996518 -0.004357 0.083269 -0.000000 -0.001930 0.997161 0.075278 3.786100 -0.083360 -0.075177 0.993680 -0.641600 0.000000 0.000000 0.000000 1.000000
0.996519 -0.004504 0.083248 -0.000000 -0.001802 0.997142 0.075524 3.786100 -0.083350 -0.075411 0.993663 -0.641600 0.000000 0.000000 0.000000 1.000000
0.996517 -0.004596 0.083262 0.000000 -0.001724 0.997131 0.075678 3.786100 -0.083371 -0.075558 0.993650 -0.641600 0.000000 0.000000 0.000000 1.000000
0.996514 -0.004619 0.083294 0.000000 -0.001706 0.997129 0.075705 3.786100 -0.083404 -0.075583 0.993645 -0.641600 0.000000 0.000000 0.000000 1.000000
0.996511 -0.004571 0.083335 0.000000 -0.001746 0.997138 0.075584 3.786100 -0.083442 -0.075466 0.993651 -0.641600 0.000000 0.000000 0.000000 1.000000
0.996508 -0.004487 0.083382 0.000000 -0.001815 0.997155 0.075358 3.786100 -0.083483 -0.075246 0.993664 -0.641600 0.000000 0.000000 0.000000 1.000000
0.996503 -0.004379 0.083441 0.000000 -0.001905 0.997175 0.075092 3.786100 -0.083535 -0.074988 0.993679 -0.641600 0.000000 0.000000 0.000000 1.000000
0.996498 -0.004254 0.083504 -0.000000 -0.002011 0.997196 0.074801 3.786100 -0.083588 -0.074707 0.993696 -0.641600 0.000000 0.000000 0.000000 1.000000
0.996496 -0.004113 0.083539 0.000000 -0.002124 0.997224 0.074435 3.786100 -0.083613 -0.074352 0.993721 -0.641600 0.000000 0.000000 0.000000 1.000000
0.996497 -0.003962 0.083533 0.000000 -0.002237 0.997256 0.073990 3.786100 -0.083597 -0.073918 0.993754 -0.641600 0.000000 0.000000 0.000000 1.000000
0.996499 -0.003810 0.083517 0.000000 -0.002351 0.997289 0.073552 3.786100 -0.083570 -0.073491 0.993788 -0.641600 0.000000 0.000000 0.000000 1.000000
0.996498 -0.003653 0.083533 -0.000000 -0.002477 0.997317 0.073167 3.786100 -0.083576 -0.073117 0.993815 -0.641600 0.000000 0.000000 0.000000 1.000000
0.996492 -0.003469 0.083614 -0.000000 -0.002639 0.997341 0.072830 3.786100 -0.083645 -0.072796 0.993833 -0.641600 0.000000 0.000000 0.000000 1.000000
0.996483 -0.003262 0.083734 -0.000000 -0.002828 0.997364 0.072505 3.786100 -0.083750 -0.072487 0.993847 -0.641600 0.000000 0.000000 0.000000 1.000000
0.996475 -0.003050 0.083832 0.000000 -0.003017 0.997389 0.072154 3.786100 -0.083834 -0.072153 0.993864 -0.641600 0.000000 0.000000 0.000000 1.000000
0.996472 -0.002872 0.083875 0.000000 -0.003165 0.997418 0.071750 3.786100 -0.083864 -0.071762 0.993890 -0.641600 0.000000 0.000000 0.000000 1.000000
0.996473 -0.002731 0.083873 0.000000 -0.003272 0.997446 0.071347 3.786100 -0.083853 -0.071369 0.993919 -0.641600 0.000000 0.000000 0.000000 1.000000
0.996473 -0.002581 0.083873 -0.000000 -0.003392 0.997471 0.070993 3.786100 -0.083844 -0.071027 0.993944 -0.641600 0.000000 0.000000 0.000000 1.000000
0.996470 -0.002428 0.083918 0.000000 -0.003524 0.997491 0.070706 3.786100 -0.083879 -0.070752 0.993961 -0.641600 0.000000 0.000000 0.000000 1.000000
0.996462 -0.002261 0.084019 0.000000 -0.003677 0.997509 0.070446 3.786100 -0.083969 -0.070506 0.993971 -0.641600 0.000000 0.000000 0.000000 1.000000
0.996450 -0.002071 0.084161 0.000000 -0.003854 0.997528 0.070170 3.786100 -0.084099 -0.070245 0.993978 -0.641600 0.000000 0.000000 0.000000 1.000000
0.996436 -0.001844 0.084332 -0.000000 -0.004067 0.997549 0.069858 3.786100 -0.084254 -0.069952 0.993986 -0.641600 0.000000 0.000000 0.000000 1.000000
0.996422 -0.001606 0.084496 -0.000000 -0.004288 0.997571 0.069525 3.786100 -0.084403 -0.069639 0.993995 -0.641600 0.000000 0.000000 0.000000 1.000000
0.996413 -0.001371 0.084608 0.000000 -0.004503 0.997593 0.069189 3.786100 -0.084499 -0.069322 0.994009 -0.641600 0.000000 0.000000 0.000000 1.000000
0.996407 -0.001149 0.084689 -0.000000 -0.004702 0.997615 0.068859 3.786100 -0.084566 -0.069010 0.994025 -0.641600 0.000000 0.000000 0.000000 1.000000
0.996402 -0.000953 0.084743 -0.000000 -0.004875 0.997636 0.068545 3.786100 -0.084608 -0.068712 0.994042 -0.641600 0.000000 0.000000 0.000000 1.000000
0.996399 -0.000782 0.084786 0.000000 -0.005025 0.997656 0.068251 3.786100 -0.084640 -0.068431 0.994059 -0.641600 0.000000 0.000000 0.000000 1.000000
0.996395 -0.000631 0.084828 -0.000000 -0.005156 0.997673 0.067980 3.786100 -0.084673 -0.068172 0.994074 -0.641600 0.000000 0.000000 0.000000 1.000000
0.996391 -0.000505 0.084885 -0.000000 -0.005265 0.997690 0.067733 3.786100 -0.084724 -0.067935 0.994086 -0.641600 0.000000 0.000000 0.000000 1.000000
0.996385 -0.000440 0.084957 -0.000000 -0.005316 0.997703 0.067525 3.786100 -0.084792 -0.067732 0.994094 -0.641600 0.000000 0.000000 0.000000 1.000000
0.996379 -0.000399 0.085021 0.000000 -0.005347 0.997716 0.067343 3.786100 -0.084853 -0.067554 0.994101 -0.641600 0.000000 0.000000 0.000000 1.000000
0.996376 -0.000354 0.085061 -0.000000 -0.005381 0.997726 0.067181 3.786100 -0.084891 -0.067396 0.994108 -0.641600 0.000000 0.000000 0.000000 1.000000
0.996375 -0.000293 0.085069 0.000000 -0.005430 0.997736 0.067037 3.786100 -0.084896 -0.067256 0.994117 -0.641600 0.000000 0.000000 0.000000 1.000000
0.996374 -0.000229 0.085077 0.000000 -0.005485 0.997743 0.066921 3.786100 -0.084900 -0.067145 0.994124 -0.641600 0.000000 0.000000 0.000000 1.000000
0.996374 -0.000179 0.085087 0.000000 -0.005527 0.997750 0.066822 3.786100 -0.084908 -0.067050 0.994130 -0.641600 0.000000 0.000000 0.000000 1.000000
0.996373 -0.000137 0.085097 -0.000000 -0.005563 0.997755 0.066740 3.786100 -0.084915 -0.066971 0.994135 -0.641600 0.000000 0.000000 0.000000 1.000000</float_array><technique_common><accessor source="#mixamorig_Spine-Matrix-animation-output-transform-array" count="59" stride="16"><param type="float4x4"/></accessor></technique_common></source><source id="mixamorig_Spine-Interpolations"><Name_array id="mixamorig_Spine-Interpolations-array" count="59">
 LINEAR LINEAR LINEAR LINEAR LINEAR LINEAR LINEAR LINEAR LINEAR LINEAR LINEAR
LINEAR LINEAR LINEAR LINEAR LINEAR LINEAR LINEAR LINEAR LINEAR LINEAR LINEAR LINEAR
LINEAR LINEAR LINEAR LINEAR LINEAR LINEAR LINEAR LINEAR LINEAR LINEAR LINEAR LINEAR
LINEAR LINEAR LINEAR LINEAR LINEAR LINEAR LINEAR LINEAR LINEAR LINEAR LINEAR LINEAR
LINEAR LINEAR LINEAR LINEAR LINEAR LINEAR LINEAR LINEAR LINEAR LINEAR LINEAR LINEAR</Name_array><technique_common><accessor source="#mixamorig_Spine-Interpolations-array" count="59"><param type="name"/></accessor></technique_common></source><sampler id="mixamorig_Spine-Matrix-animation-transform"><input semantic="INPUT" source="#mixamorig_Spine-Matrix-animation-input"/><input semantic="OUTPUT" source="#mixamorig_Spine-Matrix-animation-output-transform"/><input semantic="INTERPOLATION" source="#mixamorig_Spine-Interpolations"/></sampler><channel source="#mixamorig_Spine-Matrix-animation-transform" target="mixamorig_Spine/matrix"/></animation>
    <animation id="mixamorig_Spine1-anim" name="mixamorig_Spine1"><source id="mixamorig_Spine1-Matrix-animation-input"><float_array id="mixamorig_Spine1-Matrix-animation-input-array" count="59">

0.000000 0.033333 0.066667 0.100000 0.133333 0.166667 0.200000 0.233333 0.266667 0.300000 0.333333 0.366667 0.400000 0.433333 0.466667 0.500000
0.533333 0.566667 0.600000 0.633333 0.666667 0.700000 0.733333 0.766667 0.800000 0.833333 0.866667 0.900000 0.933333 0.966667 1.000000 1.033333
1.066667 1.100000 1.133333 1.166667 1.200000 1.233333 1.266667 1.300000 1.333333 1.366667 1.400000 1.433333 1.466667 1.500000 1.533333 1.566667
1.600000 1.633333 1.666667 1.700000 1.733333 1.766667 1.800000 1.833333 1.866667 1.900000 1.933333</float_array><technique_common><accessor source="#mixamorig_Spine1-Matrix-animation-input-array" count="59"><param name="TIME" type="float"/></accessor></technique_common></source><source id="mixamorig_Spine1-Matrix-animation-output-transform"><float_array id="mixamorig_Spine1-Matrix-animation-output-transform-array" count="944">

0.986184 0.026127 0.163580 0.000000 0.007275 0.979700 -0.200336 4.480100 -0.165494 0.198758 0.965975 0.000000 0.000000 0.000000 0.000000 1.000000
0.986184 0.026097 0.163583 0.000000 0.007288 0.979721 -0.200233 4.480100 -0.165491 0.198659 0.965996 -0.000000 0.000000 0.000000 0.000000 1.000000
0.986185 0.026025 0.163589 0.000000 0.007323 0.979765 -0.200015 4.480100 -0.165485 0.198450 0.966040 -0.000000 0.000000 0.000000 0.000000 1.000000
0.986205 0.025895 0.163493 0.000000 0.007375 0.979834 -0.199679 4.480100 -0.165367 0.198130 0.966125 0.000000 0.000000 0.000000 0.000000 1.000000
0.986249 0.025703 0.163255 0.000000 0.007439 0.979926 -0.199222 4.480100 -0.165098 0.197697 0.966260 -0.000000 0.000000 0.000000 0.000000 1.000000
0.986345 0.025386 0.162725 0.000000 0.007551 0.980039 -0.198660 4.480100 -0.164520 0.197176 0.966465 -0.000000 0.000000 0.000000 0.000000 1.000000
0.986440 0.025071 0.162196 -0.000000 0.007649 0.980167 -0.198024 4.480100 -0.163944 0.196579 0.966685 -0.000000 0.000000 0.000000 0.000000 1.000000
0.986494 0.024786 0.161908 0.000000 0.007749 0.980315 -0.197286 4.480100 -0.163611 0.195877 0.966884 -0.000000 0.000000 0.000000 0.000000 1.000000
0.986508 0.024523 0.161865 0.000000 0.007857 0.980486 -0.196431 4.480100 -0.163524 0.195052 0.967065 0.000000 0.000000 0.000000 0.000000 1.000000
0.986492 0.024274 0.161999 0.000000 0.007963 0.980684 -0.195436 4.480100 -0.163614 0.194086 0.967244 -0.000000 0.000000 0.000000 0.000000 1.000000
0.986462 0.024024 0.162218 0.000000 0.008079 0.980890 -0.194397 4.480100 -0.163788 0.193076 0.967417 0.000000 0.000000 0.000000 0.000000 1.000000
0.986430 0.023760 0.162451 0.000000 0.008224 0.981080 -0.193430 4.480100 -0.163974 0.192141 0.967571 0.000000 0.000000 0.000000 0.000000 1.000000
0.986417 0.023459 0.162576 0.000000 0.008401 0.981248 -0.192566 4.480100 -0.164045 0.191316 0.967723 -0.000000 0.000000 0.000000 0.000000 1.000000
0.986444 0.023117 0.162464 0.000000 0.008582 0.981405 -0.191757 4.480100 -0.163876 0.190552 0.967902 0.000000 0.000000 0.000000 0.000000 1.000000
0.986510 0.022737 0.162112 -0.000000 0.008751 0.981566 -0.190922 4.480100 -0.163464 0.189766 0.968126 0.000000 0.000000 0.000000 0.000000 1.000000
0.986570 0.022355 0.161802 -0.000000 0.008916 0.981743 -0.190004 4.480100 -0.163095 0.188895 0.968359 -0.000000 0.000000 0.000000 0.000000 1.000000
0.986588 0.021989 0.161741 -0.000000 0.009104 0.981930 -0.189025 4.480100 -0.162975 0.187962 0.968560 0.000000 0.000000 0.000000 0.000000 1.000000
0.986565 0.021693 0.161922 0.000000 0.009270 0.982115 -0.188055 4.480100 -0.163106 0.187030 0.968719 -0.000000 0.000000 0.000000 0.000000 1.000000
0.986532 0.021444 0.162159 -0.000000 0.009412 0.982285 -0.187158 4.480100 -0.163299 0.186163 0.968853 0.000000 0.000000 0.000000 0.000000 1.000000
0.986517 0.021210 0.162278 -0.000000 0.009539 0.982429 -0.186391 4.480100 -0.163380 0.185426 0.968981 0.000000 0.000000 0.000000 0.000000 1.000000
0.986530 0.020983 0.162232 -0.000000 0.009637 0.982561 -0.185690 4.480100 -0.163299 0.184752 0.969123 0.000000 0.000000 0.000000 0.000000 1.000000
0.986555 0.020795 0.162104 0.000000 0.009690 0.982685 -0.185031 4.480100 -0.163145 0.184114 0.969271 -0.000000 0.000000 0.000000 0.000000 1.000000
0.986573 0.020639 0.162009 -0.000000 0.009718 0.982807 -0.184380 4.480100 -0.163029 0.183479 0.969411 0.000000 0.000000 0.000000 0.000000 1.000000
0.986578 0.020513 0.161997 0.000000 0.009742 0.982917 -0.183789 4.480100 -0.163000 0.182900 0.969525 -0.000000 0.000000 0.000000 0.000000 1.000000
0.986573 0.020421 0.162038 0.000000 0.009761 0.983005 -0.183317 4.480100 -0.163027 0.182437 0.969608 0.000000 0.000000 0.000000 0.000000 1.000000
0.986560 0.020387 0.162122 0.000000 0.009761 0.983061 -0.183021 4.480100 -0.163107 0.182143 0.969649 0.000000 0.000000 0.000000 0.000000 1.000000
0.986544 0.020440 0.162216 0.000000 0.009719 0.983069 -0.182975 4.480100 -0.163209 0.182090 0.969642 0.000000 0.000000 0.000000 0.000000 1.000000
0.986527 0.020590 0.162300 -0.000000 0.009626 0.983025 -0.183220 4.480100 -0.163318 0.182314 0.969582 0.000000 0.000000 0.000000 0.000000 1.000000
0.986509 0.020789 0.162379 -0.000000 0.009518 0.982942 -0.183670 4.480100 -0.163427 0.182738 0.969484 -0.000000 0.000000 0.000000 0.000000 1.000000
0.986491 0.021008 0.162464 0.000000 0.009405 0.982844 -0.184198 4.480100 -0.163547 0.183238 0.969369 0.000000 0.000000 0.000000 0.000000 1.000000
0.986475 0.021210 0.162534 0.000000 0.009313 0.982738 -0.184769 4.480100 -0.163647 0.183784 0.969249 0.000000 0.000000 0.000000 0.000000 1.000000
0.986473 0.021402 0.162521 -0.000000 0.009241 0.982603 -0.185487 4.480100 -0.163664 0.184479 0.969114 -0.000000 0.000000 0.000000 0.000000 1.000000
0.986486 0.021587 0.162416 0.000000 0.009184 0.982439 -0.186358 4.480100 -0.163587 0.185331 0.968964 0.000000 0.000000 0.000000 0.000000 1.000000
0.986503 0.021770 0.162291 -0.000000 0.009122 0.982277 -0.187216 4.480100 -0.163491 0.186169 0.968820 0.000000 0.000000 0.000000 0.000000 1.000000
0.986505 0.021967 0.162249 0.000000 0.009046 0.982133 -0.187969 4.480100 -0.163480 0.186900 0.968681 0.000000 0.000000 0.000000 0.000000 1.000000
0.986486 0.022185 0.162339 -0.000000 0.008956 0.982009 -0.188623 4.480100 -0.163603 0.187528 0.968539 0.000000 0.000000 0.000000 0.000000 1.000000
0.986454 0.022424 0.162499 0.000000 0.008856 0.981888 -0.189255 4.480100 -0.163800 0.188131 0.968389 0.000000 0.000000 0.000000 0.000000 1.000000
0.986431 0.022658 0.162605 -0.000000 0.008759 0.981757 -0.189936 4.480100 -0.163942 0.188783 0.968237 0.000000 0.000000 0.000000 0.000000 1.000000
0.986430 0.022834 0.162587 0.000000 0.008713 0.981606 -0.190721 4.480100 -0.163951 0.189549 0.968086 0.000000 0.000000 0.000000 0.000000 1.000000
0.986445 0.022957 0.162479 0.000000 0.008702 0.981453 -0.191504 4.480100 -0.163861 0.190323 0.967950 0.000000 0.000000 0.000000 0.000000 1.000000
0.986457 0.023131 0.162379 0.000000 0.008626 0.981319 -0.192194 4.480100 -0.163792 0.190992 0.967830 0.000000 0.000000 0.000000 0.000000 1.000000
0.986450 0.023339 0.162391 -0.000000 0.008517 0.981210 -0.192757 4.480100 -0.163838 0.191528 0.967716 -0.000000 0.000000 0.000000 0.000000 1.000000
0.986422 0.023576 0.162527 0.000000 0.008394 0.981111 -0.193265 4.480100 -0.164014 0.192005 0.967592 -0.000000 0.000000 0.000000 0.000000 1.000000
0.986380 0.023831 0.162745 -0.000000 0.008275 0.981006 -0.193802 4.480100 -0.164272 0.192510 0.967448 0.000000 0.000000 0.000000 0.000000 1.000000
0.986332 0.024104 0.162999 0.000000 0.008156 0.980887 -0.194405 4.480100 -0.164569 0.193077 0.967284 0.000000 0.000000 0.000000 0.000000 1.000000
0.986289 0.024354 0.163221 0.000000 0.008061 0.980761 -0.195046 4.480100 -0.164831 0.193688 0.967117 -0.000000 0.000000 0.000000 0.000000 1.000000
0.986266 0.024578 0.163326 -0.000000 0.007969 0.980633 -0.195694 4.480100 -0.164972 0.194308 0.966969 0.000000 0.000000 0.000000 0.000000 1.000000
0.986253 0.024787 0.163371 0.000000 0.007879 0.980506 -0.196329 4.480100 -0.165053 0.194918 0.966832 -0.000000 0.000000 0.000000 0.000000 1.000000
0.986247 0.024977 0.163378 0.000000 0.007795 0.980385 -0.196937 4.480100 -0.165092 0.195502 0.966708 -0.000000 0.000000 0.000000 0.000000 1.000000
0.986244 0.025147 0.163374 0.000000 0.007723 0.980271 -0.197505 4.480100 -0.165118 0.196050 0.966592 -0.000000 0.000000 0.000000 0.000000 1.000000
0.986239 0.025295 0.163381 0.000000 0.007667 0.980166 -0.198031 4.480100 -0.165149 0.196558 0.966484 0.000000 0.000000 0.000000 0.000000 1.000000
0.986228 0.025421 0.163426 -0.000000 0.007632 0.980070 -0.198507 4.480100 -0.165215 0.197021 0.966378 0.000000 0.000000 0.000000 0.000000 1.000000
0.986210 0.025489 0.163522 0.000000 0.007652 0.979988 -0.198910 4.480100 -0.165320 0.197418 0.966279 -0.000000 0.000000 0.000000 0.000000 1.000000
0.986194 0.025540 0.163612 0.000000 0.007680 0.979916 -0.199261 4.480100 -0.165415 0.197767 0.966192 -0.000000 0.000000 0.000000 0.000000 1.000000
0.986184 0.025613 0.163662 0.000000 0.007673 0.979852 -0.199577 4.480100 -0.165476 0.198076 0.966118 0.000000 0.000000 0.000000 0.000000 1.000000
0.986183 0.025712 0.163650 0.000000 0.007620 0.979795 -0.199862 4.480100 -0.165482 0.198347 0.966061 -0.000000 0.000000 0.000000 0.000000 1.000000
0.986183 0.025810 0.163635 0.000000 0.007559 0.979749 -0.200089 4.480100 -0.165486 0.198561 0.966017 0.000000 0.000000 0.000000 0.000000 1.000000
0.986183 0.025880 0.163626 0.000000 0.007521 0.979709 -0.200283 4.480100 -0.165490 0.198746 0.965978 -0.000000 0.000000 0.000000 0.000000 1.000000
0.986183 0.025927 0.163621 0.000000 0.007500 0.979677 -0.200442 4.480100 -0.165493 0.198900 0.965946 -0.000000 0.000000 0.000000 0.000000 1.000000</float_array><technique_common><accessor source="#mixamorig_Spine1-Matrix-animation-output-transform-array" count="59" stride="16"><param type="float4x4"/></accessor></technique_common></source><source id="mixamorig_Spine1-Interpolations"><Name_array id="mixamorig_Spine1-Interpolations-array" count="59">
 LINEAR LINEAR LINEAR LINEAR LINEAR LINEAR LINEAR LINEAR LINEAR LINEAR LINEAR
LINEAR LINEAR LINEAR LINEAR LINEAR LINEAR LINEAR LINEAR LINEAR LINEAR LINEAR LINEAR
LINEAR LINEAR LINEAR LINEAR LINEAR LINEAR LINEAR LINEAR LINEAR LINEAR LINEAR LINEAR
LINEAR LINEAR LINEAR LINEAR LINEAR LINEAR LINEAR LINEAR LINEAR LINEAR LINEAR LINEAR
LINEAR LINEAR LINEAR LINEAR LINEAR LINEAR LINEAR LINEAR LINEAR LINEAR LINEAR LINEAR</Name_array><technique_common><accessor source="#mixamorig_Spine1-Interpolations-array" count="59"><param type="name"/></accessor></technique_common></source><sampler id="mixamorig_Spine1-Matrix-animation-transform"><input semantic="INPUT" source="#mixamorig_Spine1-Matrix-animation-input"/><input semantic="OUTPUT" source="#mixamorig_Spine1-Matrix-animation-output-transform"/><input semantic="INTERPOLATION" source="#mixamorig_Spine1-Interpolations"/></sampler><channel source="#mixamorig_Spine1-Matrix-animation-transform" target="mixamorig_Spine1/matrix"/></animation>
    <animation id="mixamorig_Spine2-anim" name="mixamorig_Spine2"><source id="mixamorig_Spine2-Matrix-animation-input"><float_array id="mixamorig_Spine2-Matrix-animation-input-array" count="59">

0.000000 0.033333 0.066667 0.100000 0.133333 0.166667 0.200000 0.233333 0.266667 0.300000 0.333333 0.366667 0.400000 0.433333 0.466667 0.500000
0.533333 0.566667 0.600000 0.633333 0.666667 0.700000 0.733333 0.766667 0.800000 0.833333 0.866667 0.900000 0.933333 0.966667 1.000000 1.033333
1.066667 1.100000 1.133333 1.166667 1.200000 1.233333 1.266667 1.300000 1.333333 1.366667 1.400000 1.433333 1.466667 1.500000 1.533333 1.566667
1.600000 1.633333 1.666667 1.700000 1.733333 1.766667 1.800000 1.833333 1.866667 1.900000 1.933333</float_array><technique_common><accessor source="#mixamorig_Spine2-Matrix-animation-input-array" count="59"><param name="TIME" type="float"/></accessor></technique_common></source><source id="mixamorig_Spine2-Matrix-animation-output-transform"><float_array id="mixamorig_Spine2-Matrix-animation-output-transform-array" count="944">

0.986184 0.026127 0.163580 0.000000 0.007275 0.979700 -0.200336 5.120100 -0.165493 0.198758 0.965975 0.000000 0.000000 0.000000 0.000000 1.000000
0.986184 0.026097 0.163583 0.000000 0.007288 0.979721 -0.200233 5.120100 -0.165491 0.198659 0.965995 0.000000 0.000000 0.000000 0.000000 1.000000
0.986185 0.026025 0.163589 -0.000000 0.007323 0.979765 -0.200015 5.120100 -0.165485 0.198450 0.966040 0.000000 0.000000 0.000000 0.000000 1.000000
0.986205 0.025895 0.163493 0.000000 0.007375 0.979834 -0.199679 5.120100 -0.165367 0.198130 0.966125 0.000000 0.000000 0.000000 0.000000 1.000000
0.986249 0.025703 0.163255 -0.000000 0.007439 0.979926 -0.199222 5.120100 -0.165099 0.197697 0.966260 0.000000 0.000000 0.000000 0.000000 1.000000
0.986345 0.025386 0.162725 0.000000 0.007551 0.980039 -0.198660 5.120100 -0.164520 0.197176 0.966465 0.000000 0.000000 0.000000 0.000000 1.000000
0.986440 0.025071 0.162196 -0.000000 0.007649 0.980167 -0.198023 5.120100 -0.163944 0.196579 0.966685 0.000000 0.000000 0.000000 0.000000 1.000000
0.986494 0.024786 0.161908 -0.000000 0.007749 0.980315 -0.197286 5.120100 -0.163611 0.195876 0.966884 -0.000000 0.000000 0.000000 0.000000 1.000000
0.986508 0.024523 0.161865 0.000000 0.007857 0.980486 -0.196431 5.120100 -0.163524 0.195052 0.967065 0.000000 0.000000 0.000000 0.000000 1.000000
0.986492 0.024274 0.161999 0.000000 0.007963 0.980684 -0.195436 5.120100 -0.163614 0.194086 0.967244 0.000000 0.000000 0.000000 0.000000 1.000000
0.986462 0.024024 0.162218 -0.000000 0.008079 0.980890 -0.194397 5.120100 -0.163788 0.193076 0.967417 0.000000 0.000000 0.000000 0.000000 1.000000
0.986430 0.023760 0.162451 0.000000 0.008224 0.981080 -0.193430 5.120100 -0.163974 0.192141 0.967571 0.000000 0.000000 0.000000 0.000000 1.000000
0.986417 0.023459 0.162576 -0.000000 0.008401 0.981248 -0.192566 5.120100 -0.164045 0.191316 0.967723 -0.000000 0.000000 0.000000 0.000000 1.000000
0.986444 0.023117 0.162464 0.000000 0.008582 0.981405 -0.191757 5.120100 -0.163875 0.190552 0.967902 0.000000 0.000000 0.000000 0.000000 1.000000
0.986510 0.022737 0.162111 -0.000000 0.008751 0.981566 -0.190922 5.120100 -0.163464 0.189766 0.968126 -0.000000 0.000000 0.000000 0.000000 1.000000
0.986570 0.022355 0.161802 0.000000 0.008916 0.981743 -0.190004 5.120100 -0.163095 0.188895 0.968359 0.000000 0.000000 0.000000 0.000000 1.000000
0.986588 0.021989 0.161742 -0.000000 0.009104 0.981930 -0.189025 5.120100 -0.162975 0.187962 0.968560 0.000000 0.000000 0.000000 0.000000 1.000000
0.986565 0.021693 0.161923 0.000000 0.009270 0.982115 -0.188055 5.120100 -0.163106 0.187030 0.968719 -0.000000 0.000000 0.000000 0.000000 1.000000
0.986532 0.021444 0.162159 0.000000 0.009412 0.982285 -0.187158 5.120100 -0.163299 0.186163 0.968853 0.000000 0.000000 0.000000 0.000000 1.000000
0.986517 0.021210 0.162278 -0.000000 0.009539 0.982429 -0.186391 5.120100 -0.163380 0.185426 0.968981 -0.000000 0.000000 0.000000 0.000000 1.000000
0.986529 0.020983 0.162232 -0.000000 0.009637 0.982561 -0.185690 5.120100 -0.163299 0.184752 0.969123 0.000000 0.000000 0.000000 0.000000 1.000000
0.986555 0.020795 0.162104 -0.000000 0.009690 0.982685 -0.185031 5.120100 -0.163145 0.184114 0.969271 0.000000 0.000000 0.000000 0.000000 1.000000
0.986573 0.020639 0.162009 0.000000 0.009718 0.982807 -0.184380 5.120100 -0.163029 0.183479 0.969411 0.000000 0.000000 0.000000 0.000000 1.000000
0.986578 0.020513 0.161997 -0.000000 0.009741 0.982917 -0.183789 5.120100 -0.162999 0.182900 0.969525 0.000000 0.000000 0.000000 0.000000 1.000000
0.986573 0.020421 0.162038 -0.000000 0.009761 0.983005 -0.183317 5.120100 -0.163028 0.182437 0.969608 0.000000 0.000000 0.000000 0.000000 1.000000
0.986560 0.020387 0.162122 0.000000 0.009761 0.983061 -0.183021 5.120100 -0.163107 0.182143 0.969649 0.000000 0.000000 0.000000 0.000000 1.000000
0.986544 0.020440 0.162216 0.000000 0.009719 0.983069 -0.182975 5.120100 -0.163209 0.182090 0.969642 0.000000 0.000000 0.000000 0.000000 1.000000
0.986527 0.020590 0.162300 0.000000 0.009626 0.983025 -0.183220 5.120100 -0.163317 0.182314 0.969582 0.000000 0.000000 0.000000 0.000000 1.000000
0.986509 0.020789 0.162379 0.000000 0.009518 0.982942 -0.183670 5.120100 -0.163427 0.182738 0.969484 0.000000 0.000000 0.000000 0.000000 1.000000
0.986491 0.021008 0.162465 -0.000000 0.009405 0.982844 -0.184198 5.120100 -0.163547 0.183238 0.969369 -0.000000 0.000000 0.000000 0.000000 1.000000
0.986475 0.021210 0.162533 0.000000 0.009313 0.982738 -0.184770 5.120100 -0.163647 0.183784 0.969249 -0.000000 0.000000 0.000000 0.000000 1.000000
0.986473 0.021402 0.162521 -0.000000 0.009241 0.982603 -0.185487 5.120100 -0.163664 0.184479 0.969114 0.000000 0.000000 0.000000 0.000000 1.000000
0.986486 0.021587 0.162416 0.000000 0.009184 0.982439 -0.186357 5.120100 -0.163587 0.185331 0.968964 0.000000 0.000000 0.000000 0.000000 1.000000
0.986503 0.021770 0.162291 -0.000000 0.009122 0.982277 -0.187216 5.120100 -0.163491 0.186169 0.968820 -0.000000 0.000000 0.000000 0.000000 1.000000
0.986505 0.021967 0.162249 -0.000000 0.009046 0.982133 -0.187969 5.120100 -0.163479 0.186900 0.968681 -0.000000 0.000000 0.000000 0.000000 1.000000
