<?xml version="1.0" encoding="utf-8"?>
<COLLADA xmlns="http://www.collada.org/2005/11/COLLADASchema" version="1.4.1">
  <asset><contributor><author>Mixamo</author><authoring_tool>COLLADA Mixamo exporter</authoring_tool><comments></comments></contributor><created>2020-03-02T12:12:27Z</created><modified>2020-03-02T12:12:27Z</modified><revision></revision><title></title><unit meter="0.010000"/><up_axis>Y_UP</up_axis></asset>
  <library_animations>
    <animation id="mixamorig_Hips-anim" name="mixamorig_Hips"><source id="mixamorig_Hips-Matrix-animation-input"><float_array id="mixamorig_Hips-Matrix-animation-input-array" count="20">

0.000000 0.033333 0.066667 0.100000 0.133333 0.166667 0.200000 0.233333 0.266667 0.300000 0.333333 0.366667 0.400000 0.433333 0.466667 0.500000
0.533333 0.566667 0.600000 0.633333</float_array><technique_common><accessor source="#mixamorig_Hips-Matrix-animation-input-array" count="20"><param name="TIME" type="float"/></accessor></technique_common></source><source id="mixamorig_Hips-Matrix-animation-output-transform"><float_array id="mixamorig_Hips-Matrix-animation-output-transform-array" count="320">

0.988614 0.114531 -0.097594 0.393998 -0.126954 0.983034 -0.132388 27.276855 0.080776 0.143270 0.986382 -0.558056 0.000000 0.000000 0.000000 1.000000
0.991087 0.097881 -0.090369 0.284646 -0.109988 0.983951 -0.140508 27.772320 0.075165 0.149195 0.985947 1.063777 0.000000 0.000000 0.000000 1.000000
0.995625 0.044820 -0.081989 0.068700 -0.058246 0.983810 -0.169486 28.484062 0.073065 0.173520 0.982116 0.771359 0.000000 0.000000 0.000000 1.000000
0.996432 0.020205 -0.081950 -0.115359 -0.034530 0.983540 -0.177363 29.088440 0.077018 0.179559 0.980728 -0.092144 0.000000 0.000000 0.000000 1.000000
0.998380 -0.001722 -0.056873 -0.241375 -0.006679 0.989086 -0.147191 29.198185 0.056505 0.147333 0.987472 -1.339607 0.000000 0.000000 0.000000 1.000000
0.999598 -0.027549 0.006681 -0.245491 0.028144 0.992685 -0.117408 28.590263 -0.003397 0.117548 0.993061 -2.096945 0.000000 0.000000 0.000000 1.000000
0.995571 -0.055112 0.076160 -0.202547 0.063886 0.990951 -0.118043 27.675741 -0.068965 0.122386 0.990084 -2.098023 0.000000 0.000000 0.000000 1.000000
0.985606 -0.104398 0.132971 -0.072018 0.123464 0.981801 -0.144304 27.203121 -0.115486 0.158644 0.980558 -2.377890 0.000000 0.000000 0.000000 1.000000
0.980246 -0.115428 0.160607 -0.171213 0.143472 0.973933 -0.175698 27.002108 -0.136140 0.195269 0.971255 -1.918710 0.000000 0.000000 0.000000 1.000000
0.982673 -0.096873 0.158018 -0.173424 0.127831 0.971557 -0.199338 26.967278 -0.134213 0.216084 0.967106 -1.153326 0.000000 0.000000 0.000000 1.000000
0.984701 -0.071950 0.158706 -0.058770 0.104742 0.972270 -0.209092 27.391022 -0.139260 0.222517 0.964932 0.464400 0.000000 0.000000 0.000000 1.000000
0.985113 -0.043674 0.166270 0.131701 0.079134 0.973831 -0.213054 28.118677 -0.152614 0.223040 0.962789 0.893835 0.000000 0.000000 0.000000 1.000000
0.984807 -0.022109 0.172237 0.192462 0.058961 0.975510 -0.211904 28.763998 -0.163334 0.218840 0.961993 0.344360 0.000000 0.000000 0.000000 1.000000
0.983675 0.002158 0.179943 0.248763 0.033650 0.980085 -0.195708 29.504665 -0.176782 0.198568 0.964012 -1.128833 0.000000 0.000000 0.000000 1.000000
0.984535 0.005368 0.175106 0.234946 0.024733 0.985260 -0.169264 29.864790 -0.173434 0.170977 0.969890 -1.900332 0.000000 0.000000 0.000000 1.000000
0.990297 -0.001636 0.138958 0.228527 0.023463 0.987544 -0.155582 29.327984 -0.136972 0.157333 0.978001 -2.459512 0.000000 0.000000 0.000000 1.000000
0.998570 -0.000023 0.053455 0.117699 0.008772 0.986514 -0.163442 28.481579 -0.052730 0.163677 0.985104 -2.198648 0.000000 0.000000 0.000000 1.000000
0.997841 0.038786 -0.053002 0.256452 -0.046884 0.985797 -0.161265 28.030064 0.045994 0.163401 0.985487 -1.757181 0.000000 0.000000 0.000000 1.000000
0.991530 0.082012 -0.100709 0.457247 -0.095942 0.985157 -0.142339 27.618462 0.087540 0.150795 0.984681 -1.655328 0.000000 0.000000 0.000000 1.000000
0.988614 0.114531 -0.097594 0.393998 -0.126954 0.983034 -0.132387 27.276855 0.080776 0.143270 0.986382 -0.558057 0.000000 0.000000 0.000000 1.000000</float_array><technique_common><accessor source="#mixamorig_Hips-Matrix-animation-output-transform-array" count="20" stride="16"><param type="float4x4"/></accessor></technique_common></source><source id="mixamorig_Hips-Interpolations"><Name_array id="mixamorig_Hips-Interpolations-array" count="20">
 LINEAR LINEAR LINEAR LINEAR LINEAR LINEAR LINEAR LINEAR LINEAR LINEAR LINEAR
LINEAR LINEAR LINEAR LINEAR LINEAR LINEAR LINEAR LINEAR LINEAR</Name_array><technique_common><accessor source="#mixamorig_Hips-Interpolations-array" count="20"><param type="name"/></accessor></technique_common></source><sampler id="mixamorig_Hips-Matrix-animation-transform"><input semantic="INPUT" source="#mixamorig_Hips-Matrix-animation-input"/><input semantic="OUTPUT" source="#mixamorig_Hips-Matrix-animation-output-transform"/><input semantic="INTERPOLATION" source="#mixamorig_Hips-Interpolations"/></sampler><channel source="#mixamorig_Hips-Matrix-animation-transform" target="mixamorig_Hips/matrix"/></animation>
    <animation id="mixamorig_Spine-anim" name="mixamorig_Spine"><source id="mixamorig_Spine-Matrix-animation-input"><float_array id="mixamorig_Spine-Matrix-animation-input-array" count="20">

0.000000 0.033333 0.066667 0.100000 0.133333 0.166667 0.200000 0.233333 0.266667 0.300000 0.333333 0.366667 0.400000 0.433333 0.466667 0.500000
0.533333 0.566667 0.600000 0.633333</float_array><technique_common><accessor source="#mixamorig_Spine-Matrix-animation-input-array" count="20"><param name="TIME" type="float"/></accessor></technique_common></source><source id="mixamorig_Spine-Matrix-animation-output-transform"><float_array id="mixamorig_Spine-Matrix-animation-output-transform-array" count="320">

0.964069 -0.116931 0.238532 0.000000 0.131139 0.990363 -0.044533 3.786100 -0.231026 0.074213 0.970113 -0.641600 0.000000 0.000000 0.000000 1.000000
0.956489 -0.101043 0.273714 0.000000 0.095366 0.994861 0.034001 3.786100 -0.275743 -0.006419 0.961210 -0.641600 0.000000 0.000000 0.000000 1.000000
0.953139 -0.062231 0.296062 -0.000000 0.032845 0.994116 0.103219 3.786100 -0.300743 -0.088658 0.949575 -0.641600 0.000000 0.000000 0.000000 1.000000
0.949399 -0.052564 0.309642 0.000000 0.015712 0.992610 0.120327 3.786100 -0.313678 -0.109374 0.943209 -0.641600 0.000000 0.000000 0.000000 1.000000
0.959930 -0.010096 0.280057 0.000000 -0.007019 0.998171 0.060040 3.786100 -0.280151 -0.059600 0.958104 -0.641600 0.000000 0.000000 0.000000 1.000000
0.978491 0.062704 0.196530 0.000000 -0.059930 0.998001 -0.020039 3.786100 -0.197394 0.007830 0.980293 -0.641600 0.000000 0.000000 0.000000 1.000000
0.988628 0.125651 0.082624 0.000000 -0.119601 0.990022 -0.074506 3.786100 -0.091161 0.063777 0.993792 -0.641600 0.000000 0.000000 0.000000 1.000000
0.982620 0.181098 -0.040751 0.000000 -0.184040 0.979098 -0.086577 3.786100 0.024220 0.092572 0.995411 -0.641600 0.000000 0.000000 0.000000 1.000000
0.969800 0.199356 -0.140517 0.000000 -0.205873 0.978011 -0.033330 3.786100 0.130783 0.061252 0.989517 -0.641600 0.000000 0.000000 0.000000 1.000000
0.957162 0.199033 -0.210303 0.000000 -0.186619 0.979369 0.077518 3.786100 0.221393 -0.034951 0.974558 -0.641600 0.000000 0.000000 0.000000 1.000000
0.947213 0.179272 -0.265800 0.000000 -0.132885 0.974018 0.183384 3.786100 0.291770 -0.138383 0.946425 -0.641600 0.000000 0.000000 0.000000 1.000000
0.942093 0.144845 -0.302456 -0.000000 -0.075176 0.970175 0.230455 3.786100 0.326816 -0.194373 0.924884 -0.641600 0.000000 0.000000 0.000000 1.000000
0.941230 0.120698 -0.315465 0.000000 -0.048717 0.972719 0.226812 3.786100 0.334235 -0.198113 0.921433 -0.641600 0.000000 0.000000 0.000000 1.000000
0.945222 0.091573 -0.313319 0.000000 -0.032587 0.981521 0.188559 3.786100 0.324796 -0.168020 0.930740 -0.641600 0.000000 0.000000 0.000000 1.000000
0.958703 0.062046 -0.277560 -0.000000 -0.028143 0.991820 0.124506 3.786100 0.283014 -0.111553 0.952606 -0.641600 0.000000 0.000000 0.000000 1.000000
0.980111 0.021894 -0.197238 0.000000 -0.014808 0.999193 0.037331 3.786100 0.197896 -0.033668 0.979645 -0.641600 0.000000 0.000000 0.000000 1.000000
0.997384 -0.018225 -0.069950 0.000000 0.015023 0.998827 -0.046041 3.786100 0.070707 0.044869 0.996487 -0.641600 0.000000 0.000000 0.000000 1.000000
0.994925 -0.064575 0.077160 -0.000000 0.071712 0.993023 -0.093611 3.786100 -0.070577 0.098669 0.992614 -0.641600 0.000000 0.000000 0.000000 1.000000
0.978594 -0.095646 0.182224 0.000000 0.113848 0.989213 -0.092177 3.786100 -0.171442 0.110949 0.978927 -0.641600 0.000000 0.000000 0.000000 1.000000
0.964069 -0.116931 0.238532 0.000000 0.131139 0.990363 -0.044533 3.786100 -0.231026 0.074213 0.970113 -0.641600 0.000000 0.000000 0.000000 1.000000</float_array><technique_common><accessor source="#mixamorig_Spine-Matrix-animation-output-transform-array" count="20" stride="16"><param type="float4x4"/></accessor></technique_common></source><source id="mixamorig_Spine-Interpolations"><Name_array id="mixamorig_Spine-Interpolations-array" count="20">
 LINEAR LINEAR LINEAR LINEAR LINEAR LINEAR LINEAR LINEAR LINEAR LINEAR LINEAR
LINEAR LINEAR LINEAR LINEAR LINEAR LINEAR LINEAR LINEAR LINEAR</Name_array><technique_common><accessor source="#mixamorig_Spine-Interpolations-array" count="20"><param type="name"/></accessor></technique_common></source><sampler id="mixamorig_Spine-Matrix-animation-transform"><input semantic="INPUT" source="#mixamorig_Spine-Matrix-animation-input"/><input semantic="OUTPUT" source="#mixamorig_Spine-Matrix-animation-output-transform"/><input semantic="INTERPOLATION" source="#mixamorig_Spine-Interpolations"/></sampler><channel source="#mixamorig_Spine-Matrix-animation-transform" target="mixamorig_Spine/matrix"/></animation>
    <animation id="mixamorig_Spine1-anim" name="mixamorig_Spine1"><source id="mixamorig_Spine1-Matrix-animation-input"><float_array id="mixamorig_Spine1-Matrix-animation-input-array" count="20">

0.000000 0.033333 0.066667 0.100000 0.133333 0.166667 0.200000 0.233333 0.266667 0.300000 0.333333 0.366667 0.400000 0.433333 0.466667 0.500000
0.533333 0.566667 0.600000 0.633333</float_array><technique_common><accessor source="#mixamorig_Spine1-Matrix-animation-input-array" count="20"><param name="TIME" type="float"/></accessor></technique_common></source><source id="mixamorig_Spine1-Matrix-animation-output-transform"><float_array id="mixamorig_Spine1-Matrix-animation-output-transform-array" count="320">

0.999243 -0.028350 0.026648 0.000000 0.026722 0.997865 0.059586 4.480100 -0.028281 -0.058829 0.997867 0.000000 0.000000 0.000000 0.000000 1.000000
0.999175 -0.026460 0.030822 0.000000 0.025362 0.999047 0.035513 4.480100 -0.031733 -0.034702 0.998894 -0.000000 0.000000 0.000000 0.000000 1.000000
0.999249 -0.015911 0.035338 -0.000000 0.015581 0.999832 0.009617 4.480100 -0.035485 -0.009060 0.999329 -0.000000 0.000000 0.000000 0.000000 1.000000
0.999255 -0.003356 0.038452 0.000000 0.003398 0.999994 -0.001027 4.480100 -0.038448 0.001157 0.999260 0.000000 0.000000 0.000000 0.000000 1.000000
0.999478 -0.006274 0.031677 0.000000 0.006163 0.999975 0.003593 4.480100 -0.031699 -0.003396 0.999492 0.000000 0.000000 0.000000 0.000000 1.000000
0.999529 -0.027690 0.013235 0.000000 0.027408 0.999403 0.021027 4.480100 -0.013810 -0.020655 0.999691 -0.000000 0.000000 0.000000 0.000000 1.000000
0.998625 -0.051869 -0.007639 0.000000 0.052183 0.997429 0.049117 4.480100 0.005072 -0.049448 0.998764 0.000000 0.000000 0.000000 0.000000 1.000000
0.997510 -0.066608 -0.023159 0.000000 0.067893 0.995887 0.059993 4.480100 0.019068 -0.061416 0.997930 -0.000000 0.000000 0.000000 0.000000 1.000000
0.996741 -0.072831 -0.034680 0.000000 0.073898 0.996798 0.030546 4.480100 0.032344 -0.033009 0.998932 0.000000 0.000000 0.000000 0.000000 1.000000
0.996902 -0.065713 -0.043213 -0.000000 0.065324 0.997810 -0.010374 4.480100 0.043800 0.007519 0.999012 -0.000000 0.000000 0.000000 0.000000 1.000000
0.997688 -0.048385 -0.047733 0.000000 0.046791 0.998327 -0.033968 4.480100 0.049297 0.031656 0.998282 0.000000 0.000000 0.000000 0.000000 1.000000
0.998006 -0.040186 -0.048672 0.000000 0.038040 0.998297 -0.044237 4.480100 0.050367 0.042297 0.997835 0.000000 0.000000 0.000000 0.000000 1.000000
0.997777 -0.046502 -0.047736 0.000000 0.044222 0.997880 -0.047749 4.480100 0.049855 0.045532 0.997718 0.000000 0.000000 0.000000 0.000000 1.000000
0.997266 -0.057306 -0.046644 0.000000 0.055311 0.997543 -0.042998 4.480100 0.048993 0.040301 0.997986 0.000000 0.000000 0.000000 0.000000 1.000000
0.997285 -0.060579 -0.041864 0.000000 0.059495 0.997872 -0.026673 4.480100 0.043391 0.024110 0.998767 0.000000 0.000000 0.000000 0.000000 1.000000
0.998528 -0.046617 -0.027713 0.000000 0.046588 0.998913 -0.001713 4.480100 0.027762 0.000420 0.999614 0.000000 0.000000 0.000000 0.000000 1.000000
0.999602 -0.027139 -0.007717 0.000000 0.027316 0.999343 0.023812 4.480100 0.007066 -0.024013 0.999687 0.000000 0.000000 0.000000 0.000000 1.000000
0.999750 -0.020277 0.009401 0.000000 0.019811 0.998684 0.047310 4.480100 -0.010348 -0.047112 0.998836 -0.000000 0.000000 0.000000 0.000000 1.000000
0.999506 -0.024056 0.020224 0.000000 0.022719 0.997695 0.063945 4.480100 -0.021716 -0.063454 0.997748 -0.000000 0.000000 0.000000 0.000000 1.000000
0.999243 -0.028350 0.026648 0.000000 0.026722 0.997865 0.059586 4.480100 -0.028281 -0.058829 0.997867 0.000000 0.000000 0.000000 0.000000 1.000000</float_array><technique_common><accessor source="#mixamorig_Spine1-Matrix-animation-output-transform-array" count="20" stride="16"><param type="float4x4"/></accessor></technique_common></source><source id="mixamorig_Spine1-Interpolations"><Name_array id="mixamorig_Spine1-Interpolations-array" count="20">
 LINEAR LINEAR LINEAR LINEAR LINEAR LINEAR LINEAR LINEAR LINEAR LINEAR LINEAR
LINEAR LINEAR LINEAR LINEAR LINEAR LINEAR LINEAR LINEAR LINEAR</Name_array><technique_common><accessor source="#mixamorig_Spine1-Interpolations-array" count="20"><param type="name"/></accessor></technique_common></source><sampler id="mixamorig_Spine1-Matrix-animation-transform"><input semantic="INPUT" source="#mixamorig_Spine1-Matrix-animation-input"/><input semantic="OUTPUT" source="#mixamorig_Spine1-Matrix-animation-output-transform"/><input semantic="INTERPOLATION" source="#mixamorig_Spine1-Interpolations"/></sampler><channel source="#mixamorig_Spine1-Matrix-animation-transform" target="mixamorig_Spine1/matrix"/></animation>
    <animation id="mixamorig_Spine2-anim" name="mixamorig_Spine2"><source id="mixamorig_Spine2-Matrix-animation-input"><float_array id="mixamorig_Spine2-Matrix-animation-input-array" count="20">

0.000000 0.033333 0.066667 0.100000 0.133333 0.166667 0.200000 0.233333 0.266667 0.300000 0.333333 0.366667 0.400000 0.433333 0.466667 0.500000
0.533333 0.566667 0.600000 0.633333</float_array><technique_common><accessor source="#mixamorig_Spine2-Matrix-animation-input-array" count="20"><param name="TIME" type="float"/></accessor></technique_common></source><source id="mixamorig_Spine2-Matrix-animation-output-transform"><float_array id="mixamorig_Spine2-Matrix-animation-output-transform-array" count="320">

0.999290 -0.026187 0.027085 0.000000 0.024558 0.997966 0.058822 5.120100 -0.028570 -0.058116 0.997901 0.000000 0.000000 0.000000 0.000000 1.000000
0.999221 -0.024247 0.031124 0.000000 0.023122 0.999084 0.036016 5.120100 -0.031969 -0.035268 0.998866 0.000000 0.000000 0.000000 0.000000 1.000000
0.999258 -0.014765 0.035570 0.000000 0.014385 0.999837 0.010917 5.120100 -0.035725 -0.010397 0.999308 0.000000 0.000000 0.000000 0.000000 1.000000
0.999260 -0.003439 0.038300 0.000000 0.003487 0.999993 -0.001175 5.120100 -0.038296 0.001307 0.999266 0.000000 0.000000 0.000000 0.000000 1.000000
0.999489 -0.006410 0.031316 0.000000 0.006332 0.999977 0.002612 5.120100 -0.031332 -0.002413 0.999506 -0.000000 0.000000 0.000000 0.000000 1.000000
0.999557 -0.026498 0.013551 0.000000 0.026190 0.999405 0.022436 5.120100 -0.014138 -0.022071 0.999656 0.000000 0.000000 0.000000 0.000000 1.000000
0.998673 -0.050968 -0.007339 0.000000 0.051274 0.997409 0.050453 5.120100 0.004749 -0.050763 0.998699 -0.000000 0.000000 0.000000 0.000000 1.000000
0.997414 -0.067900 -0.023542 0.000000 0.069180 0.995879 0.058646 5.120100 0.019463 -0.060123 0.998001 0.000000 0.000000 0.000000 0.000000 1.000000
0.996714 -0.073419 -0.034217 -0.000000 0.074251 0.996957 0.023718 5.120100 0.032371 -0.026181 0.999133 -0.000000 0.000000 0.000000 0.000000 1.000000
0.997044 -0.064647 -0.041520 0.000000 0.063134 0.997327 -0.036775 5.120100 0.043786 0.034045 0.998461 0.000000 0.000000 0.000000 0.000000 1.000000
0.997841 -0.046943 -0.045940 -0.000000 0.042830 0.995309 -0.086747 5.120100 0.049797 0.084593 0.995171 -0.000000 0.000000 0.000000 0.000000 1.000000
0.998209 -0.036631 -0.047301 0.000000 0.031111 0.993154 -0.112594 5.120100 0.051101 0.110920 0.992515 0.000000 0.000000 0.000000 0.000000 1.000000
0.998012 -0.042036 -0.046958 -0.000000 0.036173 0.992189 -0.119384 5.120100 0.051610 0.117448 0.991737 -0.000000 0.000000 0.000000 0.000000 1.000000
0.997474 -0.054284 -0.045803 -0.000000 0.049107 0.992998 -0.107440 5.120100 0.051315 0.104919 0.993156 0.000000 0.000000 0.000000 0.000000 1.000000
0.997507 -0.057827 -0.040449 0.000000 0.054832 0.995925 -0.071606 5.120100 0.044425 0.069210 0.996612 -0.000000 0.000000 0.000000 0.000000 1.000000
0.998568 -0.046228 -0.026922 0.000000 0.045670 0.998736 -0.020980 5.120100 0.027858 0.019721 0.999417 -0.000000 0.000000 0.000000 0.000000 1.000000
0.999509 -0.030295 -0.007960 -0.000000 0.030468 0.999281 0.022577 5.120100 0.007270 -0.022809 0.999713 0.000000 0.000000 0.000000 0.000000 1.000000
0.999697 -0.022782 0.009312 0.000000 0.022291 0.998510 0.049801 5.120100 -0.010433 -0.049578 0.998716 0.000000 0.000000 0.000000 0.000000 1.000000
0.999507 -0.023667 0.020635 -0.000000 0.022312 0.997724 0.063625 5.120100 -0.022094 -0.063134 0.997760 0.000000 0.000000 0.000000 0.000000 1.000000
0.999290 -0.026187 0.027084 0.000000 0.024558 0.997966 0.058822 5.120100 -0.028570 -0.058116 0.997901 0.000000 0.000000 0.000000 0.000000 1.000000</float_array><technique_common><accessor source="#mixamorig_Spine2-Matrix-animation-output-transform-array" count="20" stride="16"><param type="float4x4"/></accessor></technique_common></source><source id="mixamorig_Spine2-Interpolations"><Name_array id="mixamorig_Spine2-Interpolations-array" count="20">
 LINEAR LINEAR LINEAR LINEAR LINEAR LINEAR LINEAR LINEAR LINEAR LINEAR LINEAR
LINEAR LINEAR LINEAR LINEAR LINEAR LINEAR LINEAR LINEAR LINEAR</Name_array><technique_common><accessor source="#mixamorig_Spine2-Interpolations-array" count="20"><param type="name"/></accessor></technique_common></source><sampler id="mixamorig_Spine2-Matrix-animation-transform"><input semantic="INPUT" source="#mixamorig_Spine2-Matrix-animation-input"/><input semantic="OUTPUT" source="#mixamorig_Spine2-Matrix-animation-output-transform"/><input semantic="INTERPOLATION" source="#mixamorig_Spine2-Interpolations"/></sampler><channel source="#mixamorig_Spine2-Matrix-animation-transform" target="mixamorig_Spine2/matrix"/></animation>
    <animation id="mixamorig_Neck-anim" name="mixamorig_Neck"><source id="mixamorig_Neck-Matrix-animation-input"><float_array id="mixamorig_Neck-Matrix-animation-input-array" count="20">

0.000000 0.033333 0.066667 0.100000 0.133333 0.166667 0.200000 0.233333 0.266667 0.300000 0.333333 0.366667 0.400000 0.433333 0.466667 0.500000
0.533333 0.566667 0.600000 0.633333</float_array><technique_common><accessor source="#mixamorig_Neck-Matrix-animation-input-array" count="20"><param name="TIME" type="float"/></accessor></technique_common></source><source id="mixamorig_Neck-Matrix-animation-output-transform"><float_array id="mixamorig_Neck-Matrix-animation-output-transform-array" count="320">

0.997638 0.053297 -0.043326 -0.000000 -0.062231 0.968339 -0.241760 5.760100 0.029069 0.243885 0.969368 0.000000 0.000000 0.000000 0.000000 1.000000
0.997311 0.049108 -0.054405 -0.000000 -0.061828 0.962328 -0.264768 5.760100 0.039353 0.267419 0.962776 0.000000 0.000000 0.000000 0.000000 1.000000
0.997083 0.045154 -0.061533 0.000000 -0.059455 0.965046 -0.255248 5.760100 0.047857 0.258162 0.964916 -0.000000 0.000000 0.000000 0.000000 1.000000
0.996757 0.048899 -0.063912 -0.000000 -0.062264 0.971772 -0.227557 5.760100 0.050981 0.230798 0.971665 0.000000 0.000000 0.000000 0.000000 1.000000
0.995863 0.068002 -0.060279 -0.000000 -0.079184 0.974814 -0.208486 5.760100 0.044584 0.212397 0.976166 0.000000 0.000000 0.000000 0.000000 1.000000
0.994636 0.089707 -0.051491 0.000000 -0.098586 0.972821 -0.209524 5.760100 0.031296 0.213477 0.976447 0.000000 0.000000 0.000000 0.000000 1.000000
0.994640 0.095922 -0.038607 -0.000000 -0.102069 0.970541 -0.218246 5.760100 0.016536 0.221016 0.975130 0.000000 0.000000 0.000000 0.000000 1.000000
0.996559 0.079799 -0.022408 0.000000 -0.082750 0.973329 -0.213971 5.760100 0.004735 0.215089 0.976583 0.000000 0.000000 0.000000 0.000000 1.000000
0.998655 0.051652 -0.004504 0.000000 -0.051546 0.979709 -0.193683 5.760100 -0.005591 0.193654 0.981054 -0.000000 0.000000 0.000000 0.000000 1.000000
0.999509 0.028960 0.011937 -0.000000 -0.026467 0.984625 -0.172665 5.760100 -0.016754 0.172264 0.984908 0.000000 0.000000 0.000000 0.000000 1.000000
0.999507 0.020664 0.023652 0.000000 -0.016552 0.986571 -0.162492 5.760100 -0.026692 0.162020 0.986426 0.000000 0.000000 0.000000 0.000000 1.000000
0.999336 0.021562 0.029367 0.000000 -0.016625 0.987133 -0.159036 5.760100 -0.032418 0.158442 0.986836 0.000000 0.000000 0.000000 0.000000 1.000000
0.999316 0.021724 0.029918 0.000000 -0.016885 0.988017 -0.153419 5.760100 -0.032892 0.152809 0.987708 0.000000 0.000000 0.000000 0.000000 1.000000
0.999471 0.018756 0.026575 0.000000 -0.014726 0.989404 -0.144438 5.760100 -0.029002 0.143970 0.989157 0.000000 0.000000 0.000000 0.000000 1.000000
0.999633 0.018272 0.019987 0.000000 -0.015375 0.990512 -0.136560 5.760100 -0.022292 0.136203 0.990430 -0.000000 0.000000 0.000000 0.000000 1.000000
0.999631 0.025008 0.010565 0.000000 -0.023373 0.990752 -0.133657 5.760100 -0.013810 0.133361 0.990971 0.000000 0.000000 0.000000 0.000000 1.000000
0.999300 0.037395 -0.001129 -0.000000 -0.037187 0.989524 -0.139498 5.760100 -0.004100 0.139443 0.990222 0.000000 0.000000 0.000000 0.000000 1.000000
0.998672 0.049430 -0.014514 0.000000 -0.051112 0.985951 -0.159026 5.760100 0.006449 0.159556 0.987168 -0.000000 0.000000 0.000000 0.000000 1.000000
0.998074 0.054768 -0.029129 0.000000 -0.059445 0.978644 -0.196777 5.760100 0.017730 0.198130 0.980015 0.000000 0.000000 0.000000 0.000000 1.000000
0.997638 0.053297 -0.043326 -0.000000 -0.062231 0.968339 -0.241760 5.760100 0.029069 0.243885 0.969368 0.000000 0.000000 0.000000 0.000000 1.000000</float_array><technique_common><accessor source="#mixamorig_Neck-Matrix-animation-output-transform-array" count="20" stride="16"><param type="float4x4"/></accessor></technique_common></source><source id="mixamorig_Neck-Interpolations"><Name_array id="mixamorig_Neck-Interpolations-array" count="20">
 LINEAR LINEAR LINEAR LINEAR LINEAR LINEAR LINEAR LINEAR LINEAR LINEAR LINEAR
LINEAR LINEAR LINEAR LINEAR LINEAR LINEAR LINEAR LINEAR LINEAR</Name_array><technique_common><accessor source="#mixamorig_Neck-Interpolations-array" count="20"><param type="name"/></accessor></technique_common></source><sampler id="mixamorig_Neck-Matrix-animation-transform"><input semantic="INPUT" source="#mixamorig_Neck-Matrix-animation-input"/><input semantic="OUTPUT" source="#mixamorig_Neck-Matrix-animation-output-transform"/><input semantic="INTERPOLATION" source="#mixamorig_Neck-Interpolations"/></sampler><channel source="#mixamorig_Neck-Matrix-animation-transform" target="mixamorig_Neck/matrix"/></animation>
    <animation id="mixamorig_Head-anim" name="mixamorig_Head"><source id="mixamorig_Head-Matrix-animation-input"><float_array id="mixamorig_Head-Matrix-animation-input-array" count="20">

0.000000 0.033333 0.066667 0.100000 0.133333 0.166667 0.200000 0.233333 0.266667 0.300000 0.333333 0.366667 0.400000 0.433333 0.466667 0.500000
0.533333 0.566667 0.600000 0.633333</float_array><technique_common><accessor source="#mixamorig_Head-Matrix-animation-input-array" count="20"><param name="TIME" type="float"/></accessor></technique_common></source><source id="mixamorig_Head-Matrix-animation-output-transform"><float_array id="mixamorig_Head-Matrix-animation-output-transform-array" count="320">

0.993232 0.004900 -0.116040 -0.000000 0.034669 0.941052 0.336481 2.286400 0.110848 -0.338227 0.934513 0.666300 0.000000 0.000000 0.000000 1.000000
0.984829 0.005854 -0.173432 -0.000000 0.047660 0.951873 0.302764 2.286400 0.166857 -0.306436 0.937153 0.666300 0.000000 0.000000 0.000000 1.000000
0.977517 0.008229 -0.210696 0.000000 0.051257 0.959990 0.275302 2.286400 0.204531 -0.279912 0.937985 0.666300 0.000000 0.000000 0.000000 1.000000
0.974699 0.004843 -0.223471 0.000000 0.057343 0.960889 0.270932 2.286400 0.216042 -0.276892 0.936299 0.666300 0.000000 0.000000 0.000000 1.000000
0.977395 -0.002645 -0.211406 0.000000 0.064650 0.955764 0.286941 2.286400 0.201295 -0.294122 0.934330 0.666300 0.000000 0.000000 0.000000 1.000000
0.983545 -0.010657 -0.180348 0.000000 0.069123 0.944499 0.321160 2.286400 0.166916 -0.328341 0.929694 0.666300 0.000000 0.000000 0.000000 1.000000
0.990516 -0.018777 -0.136111 0.000000 0.067429 0.929555 0.362466 2.286400 0.119717 -0.368206 0.922004 0.666300 0.000000 0.000000 0.000000 1.000000
0.997018 -0.021193 -0.074200 0.000000 0.048622 0.919199 0.390781 2.286400 0.059923 -0.393223 0.917488 0.666300 0.000000 0.000000 0.000000 1.000000
0.999854 -0.014093 0.009654 0.000000 0.009249 0.921757 0.387658 2.286400 -0.014362 -0.387512 0.921753 0.666300 0.000000 0.000000 0.000000 1.000000
0.995111 -0.002489 0.098734 0.000000 -0.032423 0.936046 0.350381 2.286400 -0.093291 -0.351869 0.931389 0.666300 0.000000 0.000000 0.000000 1.000000
0.986898 0.006315 0.161220 0.000000 -0.054803 0.952945 0.298147 2.286400 -0.151751 -0.303076 0.940806 0.666300 0.000000 0.000000 0.000000 1.000000
0.982845 0.011979 0.184042 0.000000 -0.060792 0.963163 0.261959 2.286400 -0.174124 -0.268653 0.947368 0.666300 0.000000 0.000000 0.000000 1.000000
0.983236 0.021030 0.181119 -0.000000 -0.068906 0.962521 0.262309 2.286400 -0.168815 -0.270392 0.947834 0.666300 0.000000 0.000000 0.000000 1.000000
0.985799 0.034980 0.164246 -0.000000 -0.082288 0.953215 0.290879 2.286400 -0.146387 -0.300263 0.942557 0.666300 0.000000 0.000000 0.000000 1.000000
0.990290 0.045710 0.131290 -0.000000 -0.085803 0.944024 0.318522 2.286400 -0.109381 -0.326694 0.938780 0.666300 0.000000 0.000000 0.000000 1.000000
0.995242 0.047105 0.085285 0.000000 -0.072656 0.942037 0.327547 2.286400 -0.064912 -0.332185 0.940978 0.666300 0.000000 0.000000 0.000000 1.000000
0.998437 0.039398 0.039638 0.000000 -0.050259 0.943151 0.328543 2.286400 -0.024441 -0.330021 0.943657 0.666300 0.000000 0.000000 0.000000 1.000000
0.999691 0.024814 -0.001696 -0.000000 -0.022785 0.941004 0.337629 2.286400 0.009974 -0.337486 0.941278 0.666300 0.000000 0.000000 0.000000 1.000000
0.998552 0.010984 -0.052669 0.000000 0.008140 0.936828 0.349696 2.286400 0.053183 -0.349618 0.935382 0.666300 0.000000 0.000000 0.000000 1.000000
0.993232 0.004900 -0.116040 0.000000 0.034669 0.941052 0.336481 2.286400 0.110848 -0.338227 0.934513 0.666300 0.000000 0.000000 0.000000 1.000000</float_array><technique_common><accessor source="#mixamorig_Head-Matrix-animation-output-transform-array" count="20" stride="16"><param type="float4x4"/></accessor></technique_common></source><source id="mixamorig_Head-Interpolations"><Name_array id="mixamorig_Head-Interpolations-array" count="20">
 LINEAR LINEAR LINEAR LINEAR LINEAR LINEAR LINEAR LINEAR LINEAR LINEAR LINEAR
LINEAR LINEAR LINEAR LINEAR LINEAR LINEAR LINEAR LINEAR LINEAR</Name_array><technique_common><accessor source="#mixamorig_Head-Interpolations-array" count="20"><param type="name"/></accessor></technique_common></source><sampler id="mixamorig_Head-Matrix-animation-transform"><input semantic="INPUT" source="#mixamorig_Head-Matrix-animation-input"/><input semantic="OUTPUT" source="#mixamorig_Head-Matrix-animation-output-transform"/><input semantic="INTERPOLATION" source="#mixamorig_Head-Interpolations"/></sampler><channel source="#mixamorig_Head-Matrix-animation-transform" target="mixamorig_Head/matrix"/></animation>
    <animation id="mixamorig_LeftShoulder-anim" name="mixamorig_LeftShoulder"><source id="mixamorig_LeftShoulder-Matrix-animation-input"><float_array id="mixamorig_LeftShoulder-Matrix-animation-input-array" count="20">

0.000000 0.033333 0.066667 0.100000 0.133333 0.166667 0.200000 0.233333 0.266667 0.300000 0.333333 0.366667 0.400000 0.433333 0.466667 0.500000
0.533333 0.566667 0.600000 0.633333</float_array><technique_common><accessor source="#mixamorig_LeftShoulder-Matrix-animation-input-array" count="20"><param name="TIME" type="float"/></accessor></technique_common></source><source id="mixamorig_LeftShoulder-Matrix-animation-output-transform"><float_array id="mixamorig_LeftShoulder-Matrix-animation-output-transform-array" count="320">

0.126144 0.980642 -0.149763 3.610000 0.036410 -0.155444 -0.987174 4.514500 -0.991344 0.119073 -0.055313 -0.190400 0.000000 0.000000 0.000000 1.000000
0.124645 0.983281 -0.132750 3.610000 0.034681 -0.138030 -0.989821 4.514500 -0.991595 0.118773 -0.051306 -0.190400 0.000000 0.000000 0.000000 1.000000
0.124567 0.984573 -0.122882 3.610000 0.033862 -0.127992 -0.991197 4.514500 -0.991633 0.119309 -0.049283 -0.190400 0.000000 0.000000 0.000000 1.000000
0.131562 0.980506 -0.145941 3.610000 0.037156 -0.151994 -0.987683 4.514500 -0.990611 0.124519 -0.056429 -0.190400 0.000000 0.000000 0.000000 1.000000
0.146175 0.969109 -0.198645 3.610000 0.044301 -0.207013 -0.977335 4.514500 -0.988266 0.134062 -0.073193 -0.190400 0.000000 0.000000 0.000000 1.000000
0.164655 0.956460 -0.240983 3.610000 0.051461 -0.252315 -0.966276 4.514500 -0.985008 0.146701 -0.090766 -0.190400 0.000000 0.000000 0.000000 1.000000
0.175741 0.950211 -0.257320 3.610000 0.054982 -0.270454 -0.961161 4.514500 -0.982900 0.154767 -0.099774 -0.190400 0.000000 0.000000 0.000000 1.000000
0.151496 0.959949 -0.235685 3.610000 0.049217 -0.245467 -0.968155 4.514500 -0.987232 0.135072 -0.084433 -0.190400 0.000000 0.000000 0.000000 1.000000
0.099646 0.977594 -0.185422 3.610000 0.035318 -0.189707 -0.981205 4.514500 -0.994396 0.091225 -0.053430 -0.190400 0.000000 0.000000 0.000000 1.000000
0.053474 0.990753 -0.124696 3.610000 0.021463 -0.125986 -0.991800 4.514500 -0.998339 0.050360 -0.028001 -0.190400 0.000000 0.000000 0.000000 1.000000
0.021492 0.996249 -0.083822 3.610000 0.011696 -0.084086 -0.996390 4.514500 -0.999701 0.020434 -0.013459 -0.190400 0.000000 0.000000 0.000000 1.000000
0.013953 0.996472 -0.082755 3.610000 0.010145 -0.082900 -0.996506 4.514500 -0.999851 0.013065 -0.011266 -0.190400 0.000000 0.000000 0.000000 1.000000
0.031555 0.994607 -0.098795 3.610000 0.014983 -0.099304 -0.994944 4.514500 -0.999390 0.029916 -0.018036 -0.190400 0.000000 0.000000 0.000000 1.000000
0.058804 0.990853 -0.121456 3.610000 0.022330 -0.122942 -0.992163 4.514500 -0.998020 0.055631 -0.029355 -0.190400 0.000000 0.000000 0.000000 1.000000
0.082698 0.985655 -0.147121 3.610000 0.028728 -0.149923 -0.988280 4.514500 -0.996161 0.077502 -0.040714 -0.190400 0.000000 0.000000 0.000000 1.000000
0.102838 0.980687 -0.166368 3.610000 0.033902 -0.170613 -0.984755 4.514500 -0.994120 0.095630 -0.050793 -0.190400 0.000000 0.000000 0.000000 1.000000
0.127315 0.973964 -0.187575 3.610000 0.040439 -0.194054 -0.980157 4.514500 -0.991038 0.117203 -0.064092 -0.190400 0.000000 0.000000 0.000000 1.000000
0.140164 0.970519 -0.196077 3.610000 0.043459 -0.203871 -0.978033 4.514500 -0.989174 0.128564 -0.070753 -0.190400 0.000000 0.000000 0.000000 1.000000
0.131470 0.976280 -0.172027 3.610000 0.039668 -0.178575 -0.983126 4.514500 -0.990526 0.122428 -0.062204 -0.190400 0.000000 0.000000 0.000000 1.000000
0.126144 0.980642 -0.149763 3.610000 0.036410 -0.155444 -0.987174 4.514500 -0.991344 0.119073 -0.055313 -0.190400 0.000000 0.000000 0.000000 1.000000</float_array><technique_common><accessor source="#mixamorig_LeftShoulder-Matrix-animation-output-transform-array" count="20" stride="16"><param type="float4x4"/></accessor></technique_common></source><source id="mixamorig_LeftShoulder-Interpolations"><Name_array id="mixamorig_LeftShoulder-Interpolations-array" count="20">
 LINEAR LINEAR LINEAR LINEAR LINEAR LINEAR LINEAR LINEAR LINEAR LINEAR LINEAR
LINEAR LINEAR LINEAR LINEAR LINEAR LINEAR LINEAR LINEAR LINEAR</Name_array><technique_common><accessor source="#mixamorig_LeftShoulder-Interpolations-array" count="20"><param type="name"/></accessor></technique_common></source><sampler id="mixamorig_LeftShoulder-Matrix-animation-transform"><input semantic="INPUT" source="#mixamorig_LeftShoulder-Matrix-animation-input"/><input semantic="OUTPUT" source="#mixamorig_LeftShoulder-Matrix-animation-output-transform"/><input semantic="INTERPOLATION" source="#mixamorig_LeftShoulder-Interpolations"/></sampler><channel source="#mixamorig_LeftShoulder-Matrix-animation-transform" target="mixamorig_LeftShoulder/matrix"/></animation>
    <animation id="mixamorig_LeftArm-anim" name="mixamorig_LeftArm"><source id="mixamorig_LeftArm-Matrix-animation-input"><float_array id="mixamorig_LeftArm-Matrix-animation-input-array" count="20">

0.000000 0.033333 0.066667 0.100000 0.133333 0.166667 0.200000 0.233333 0.266667 0.300000 0.333333 0.366667 0.400000 0.433333 0.466667 0.500000
0.533333 0.566667 0.600000 0.633333</float_array><technique_common><accessor source="#mixamorig_LeftArm-Matrix-animation-input-array" count="20"><param name="TIME" type="float"/></accessor></technique_common></source><source id="mixamorig_LeftArm-Matrix-animation-output-transform"><float_array id="mixamorig_LeftArm-Matrix-animation-output-transform-array" count="320">

0.300916 0.863977 0.403725 0.000000 -0.092427 0.447775 -0.889356 8.122600 -0.949161 0.230307 0.214598 -0.000000 0.000000 0.000000 0.000000 1.000000
0.183499 0.892425 0.412197 0.000000 -0.170802 0.441884 -0.880662 8.122600 -0.968068 0.091197 0.233513 0.000000 0.000000 0.000000 0.000000 1.000000
0.189782 0.906009 0.378325 0.000000 -0.214122 0.414246 -0.884620 8.122600 -0.958193 0.086877 0.272613 0.000000 0.000000 0.000000 0.000000 1.000000
0.314477 0.896757 0.311338 -0.000000 -0.231081 0.390431 -0.891160 8.122600 -0.920709 0.208305 0.330005 0.000000 0.000000 0.000000 0.000000 1.000000
0.487602 0.841125 0.233991 0.000000 -0.228800 0.381753 -0.895497 8.122600 -0.842552 0.383110 0.378593 0.000000 0.000000 0.000000 0.000000 1.000000
0.648987 0.734754 0.197363 0.000000 -0.184264 0.403494 -0.896236 8.122600 -0.738148 0.545279 0.397251 -0.000000 0.000000 0.000000 0.000000 1.000000
0.807170 0.549639 0.215345 0.000000 -0.085883 0.470252 -0.878343 8.122600 -0.584038 0.690478 0.426779 0.000000 0.000000 0.000000 0.000000 1.000000
0.949328 0.228320 0.215979 0.000000 0.064320 0.531514 -0.844604 8.122600 -0.307636 0.815697 0.489896 0.000000 0.000000 0.000000 0.000000 1.000000
0.978886 -0.163290 0.122960 -0.000000 0.192346 0.532237 -0.824456 8.122600 0.069181 0.830699 0.552407 0.000000 0.000000 0.000000 0.000000 1.000000
0.900141 -0.435002 -0.022784 0.000000 0.242429 0.543736 -0.803480 8.122600 0.361904 0.717721 0.594896 0.000000 0.000000 0.000000 0.000000 1.000000
0.833541 -0.540434 -0.114630 0.000000 0.280703 0.593017 -0.754677 8.122600 0.475830 0.596877 0.646006 0.000000 0.000000 0.000000 0.000000 1.000000
0.827500 -0.553315 -0.095324 0.000000 0.339493 0.628312 -0.699977 8.122600 0.447201 0.546869 0.707775 0.000000 0.000000 0.000000 0.000000 1.000000
0.881202 -0.470994 0.040598 0.000000 0.367972 0.629463 -0.684377 8.122600 0.296783 0.618014 0.727997 -0.000000 0.000000 0.000000 0.000000 1.000000
0.942823 -0.242038 0.229135 0.000000 0.330882 0.597147 -0.730707 8.122600 0.040032 0.764743 0.643090 -0.000000 0.000000 0.000000 0.000000 1.000000
0.932651 0.069360 0.354050 0.000000 0.265312 0.533152 -0.803342 8.122600 -0.244483 0.843171 0.478843 0.000000 0.000000 0.000000 0.000000 1.000000
0.865798 0.339836 0.367293 -0.000000 0.177099 0.478397 -0.860100 8.122600 -0.468005 0.809721 0.354010 0.000000 0.000000 0.000000 0.000000 1.000000
0.781495 0.536125 0.319116 0.000000 0.064983 0.438751 -0.896256 8.122600 -0.620518 0.721157 0.308043 0.000000 0.000000 0.000000 0.000000 1.000000
0.667967 0.680911 0.300299 0.000000 -0.004474 0.407191 -0.913332 8.122600 -0.744177 0.608732 0.275037 0.000000 0.000000 0.000000 0.000000 1.000000
0.494560 0.794228 0.353005 0.000000 -0.027092 0.420042 -0.907100 8.122600 -0.868721 0.439052 0.229253 0.000000 0.000000 0.000000 0.000000 1.000000
0.300916 0.863977 0.403724 -0.000000 -0.092427 0.447775 -0.889357 8.122600 -0.949161 0.230306 0.214598 0.000000 0.000000 0.000000 0.000000 1.000000</float_array><technique_common><accessor source="#mixamorig_LeftArm-Matrix-animation-output-transform-array" count="20" stride="16"><param type="float4x4"/></accessor></technique_common></source><source id="mixamorig_LeftArm-Interpolations"><Name_array id="mixamorig_LeftArm-Interpolations-array" count="20">
 LINEAR LINEAR LINEAR LINEAR LINEAR LINEAR LINEAR LINEAR LINEAR LINEAR LINEAR
LINEAR LINEAR LINEAR LINEAR LINEAR LINEAR LINEAR LINEAR LINEAR</Name_array><technique_common><accessor source="#mixamorig_LeftArm-Interpolations-array" count="20"><param type="name"/></accessor></technique_common></source><sampler id="mixamorig_LeftArm-Matrix-animation-transform"><input semantic="INPUT" source="#mixamorig_LeftArm-Matrix-animation-input"/><input semantic="OUTPUT" source="#mixamorig_LeftArm-Matrix-animation-output-transform"/><input semantic="INTERPOLATION" source="#mixamorig_LeftArm-Interpolations"/></sampler><channel source="#mixamorig_LeftArm-Matrix-animation-transform" target="mixamorig_LeftArm/matrix"/></animation>
    <animation id="mixamorig_LeftForeArm-anim" name="mixamorig_LeftForeArm"><source id="mixamorig_LeftForeArm-Matrix-animation-input"><float_array id="mixamorig_LeftForeArm-Matrix-animation-input-array" count="20">

0.000000 0.033333 0.066667 0.100000 0.133333 0.166667 0.200000 0.233333 0.266667 0.300000 0.333333 0.366667 0.400000 0.433333 0.466667 0.500000
0.533333 0.566667 0.600000 0.633333</float_array><technique_common><accessor source="#mixamorig_LeftForeArm-Matrix-animation-input-array" count="20"><param name="TIME" type="float"/></accessor></technique_common></source><source id="mixamorig_LeftForeArm-Matrix-animation-output-transform"><float_array id="mixamorig_LeftForeArm-Matrix-animation-output-transform-array" count="320">

0.302983 -0.952864 -0.015894 -0.000000 0.952629 0.302361 0.032813 10.308300 -0.026461 -0.025083 0.999335 0.000000 0.000000 0.000000 0.000000 1.000000
0.148166 -0.988735 -0.021228 0.000000 0.988491 0.147398 0.034049 10.308300 -0.030536 -0.026028 0.999195 0.000000 0.000000 0.000000 0.000000 1.000000
0.132745 -0.990911 -0.021759 0.000000 0.990667 0.131963 0.034124 10.308300 -0.030942 -0.026085 0.999181 0.000000 0.000000 0.000000 0.000000 1.000000
0.214233 -0.976599 -0.018952 -0.000000 0.976358 0.213527 0.033631 10.308300 -0.028797 -0.025709 0.999255 0.000000 0.000000 0.000000 0.000000 1.000000
0.238310 -0.971020 -0.018123 -0.000000 0.970781 0.237627 0.033439 10.308300 -0.028163 -0.025562 0.999276 -0.000000 0.000000 0.000000 0.000000 1.000000
0.142217 -0.989603 -0.021432 0.000000 0.989360 0.141444 0.034079 10.308300 -0.030693 -0.026051 0.999189 0.000000 0.000000 0.000000 0.000000 1.000000
-0.057441 -0.997947 -0.028310 0.000000 0.997701 -0.058402 0.034366 10.308300 -0.035949 -0.026270 0.999008 0.000000 0.000000 0.000000 0.000000 1.000000
-0.224969 -0.973770 -0.034080 0.000000 0.973530 -0.226087 0.033533 10.308300 -0.040358 -0.025634 0.998856 0.000000 0.000000 0.000000 0.000000 1.000000
