<?xml version="1.0" encoding="utf-8"?>
<COLLADA xmlns="http://www.collada.org/2005/11/COLLADASchema" version="1.4.1">
  <asset><contributor><author>Mixamo</author><authoring_tool>COLLADA Mixamo exporter</authoring_tool><comments></comments></contributor><created>2020-03-02T12:27:41Z</created><modified>2020-03-02T12:27:41Z</modified><revision></revision><title></title><unit meter="0.010000"/><up_axis>Y_UP</up_axis></asset>
  <library_animations>
    <animation id="mixamorig_Hips-anim" name="mixamorig_Hips"><source id="mixamorig_Hips-Matrix-animation-input"><float_array id="mixamorig_Hips-Matrix-animation-input-array" count="56">

0.000000 0.033333 0.066667 0.100000 0.133333 0.166667 0.200000 0.233333 0.266667 0.300000 0.333333 0.366667 0.400000 0.433333 0.466667 0.500000
0.533333 0.566667 0.600000 0.633333 0.666667 0.700000 0.733333 0.766667 0.800000 0.833333 0.866667 0.900000 0.933333 0.966667 1.000000 1.033333
1.066667 1.100000 1.133333 1.166667 1.200000 1.233333 1.266667 1.300000 1.333333 1.366667 1.400000 1.433333 1.466667 1.500000 1.533333 1.566667
1.600000 1.633333 1.666667 1.700000 1.733333 1.766667 1.800000 1.833333</float_array><technique_common><accessor source="#mixamorig_Hips-Matrix-animation-input-array" count="56"><param name="TIME" type="float"/></accessor></technique_common></source><source id="mixamorig_Hips-Matrix-animation-output-transform"><float_array id="mixamorig_Hips-Matrix-animation-output-transform-array" count="896">

0.634281 -0.126420 -0.762696 -0.119321 0.038934 0.990511 -0.131802 25.483320 0.772121 0.053904 0.633185 0.213598 0.000000 0.000000 0.000000 1.000000
0.634491 -0.124165 -0.762892 -0.123890 0.038554 0.990868 -0.129205 25.473475 0.771968 0.052567 0.633484 0.207590 0.000000 0.000000 0.000000 1.000000
0.633352 -0.122033 -0.764181 -0.129361 0.038207 0.991215 -0.126623 25.484165 0.772920 0.051000 0.632450 0.206775 0.000000 0.000000 0.000000 1.000000
0.630706 -0.121122 -0.766511 -0.134968 0.038113 0.991387 -0.125295 25.534840 0.775085 0.049810 0.629891 0.214837 0.000000 0.000000 0.000000 1.000000
0.627042 -0.121316 -0.769481 -0.139780 0.037968 0.991384 -0.125361 25.621754 0.778059 0.049391 0.626246 0.228363 0.000000 0.000000 0.000000 1.000000
0.622816 -0.122618 -0.772700 -0.141949 0.037886 0.991210 -0.126755 25.741488 0.781450 0.049671 0.621987 0.249684 0.000000 0.000000 0.000000 1.000000
0.617456 -0.124344 -0.776715 -0.144846 0.037838 0.990979 -0.128565 25.890285 0.785695 0.049994 0.616591 0.281273 0.000000 0.000000 0.000000 1.000000
0.611490 -0.125995 -0.781156 -0.146928 0.037479 0.990745 -0.130462 26.054045 0.790364 0.050499 0.610552 0.322267 0.000000 0.000000 0.000000 1.000000
0.605993 -0.127178 -0.785238 -0.147985 0.036893 0.990568 -0.131962 26.226961 0.794614 0.050998 0.604969 0.368096 0.000000 0.000000 0.000000 1.000000
0.601795 -0.128524 -0.788241 -0.147616 0.036770 0.990379 -0.133410 26.395658 0.797803 0.051301 0.600731 0.417519 0.000000 0.000000 0.000000 1.000000
0.598720 -0.130319 -0.790286 -0.145314 0.037136 0.990130 -0.135139 26.546219 0.800097 0.051562 0.597650 0.465194 0.000000 0.000000 0.000000 1.000000
0.595829 -0.133542 -0.791931 -0.135750 0.038279 0.989680 -0.138087 26.672405 0.802199 0.051962 0.594792 0.507527 0.000000 0.000000 0.000000 1.000000
0.593189 -0.135271 -0.793617 -0.127463 0.038349 0.989411 -0.139980 26.778954 0.804149 0.052600 0.592095 0.549932 0.000000 0.000000 0.000000 1.000000
0.591079 -0.137260 -0.794849 -0.116934 0.038577 0.989098 -0.142117 26.859280 0.805691 0.053339 0.589930 0.589007 0.000000 0.000000 0.000000 1.000000
0.589189 -0.138656 -0.796009 -0.109214 0.039081 0.988903 -0.143330 26.921333 0.807049 0.053340 0.588070 0.628179 0.000000 0.000000 0.000000 1.000000
0.587475 -0.139327 -0.797158 -0.102198 0.039765 0.988847 -0.143525 26.967325 0.808265 0.052618 0.586464 0.665524 0.000000 0.000000 0.000000 1.000000
0.585917 -0.139027 -0.798356 -0.095004 0.040351 0.988957 -0.142605 27.002737 0.809366 0.051341 0.585057 0.695906 0.000000 0.000000 0.000000 1.000000
0.584413 -0.139532 -0.799370 -0.092690 0.041405 0.988950 -0.142353 27.035904 0.810399 0.050095 0.583732 0.722067 0.000000 0.000000 0.000000 1.000000
0.583248 -0.141232 -0.799922 -0.091350 0.042719 0.988739 -0.143421 27.067526 0.811170 0.049478 0.582713 0.737506 0.000000 0.000000 0.000000 1.000000
0.584036 -0.142405 -0.799139 -0.093699 0.044370 0.988620 -0.143743 27.100760 0.810514 0.048494 0.583708 0.747814 0.000000 0.000000 0.000000 1.000000
0.585571 -0.143198 -0.797873 -0.095735 0.045739 0.988542 -0.143849 27.137108 0.809330 0.047739 0.585411 0.751176 0.000000 0.000000 0.000000 1.000000
0.586975 -0.143976 -0.796700 -0.098281 0.046605 0.988437 -0.144289 27.169930 0.808262 0.047564 0.586898 0.742576 0.000000 0.000000 0.000000 1.000000
0.589394 -0.144145 -0.794881 -0.099247 0.047281 0.988421 -0.144183 27.201479 0.806461 0.047398 0.589385 0.728272 0.000000 0.000000 0.000000 1.000000
0.592489 -0.143692 -0.792660 -0.101948 0.047412 0.988477 -0.143751 27.222771 0.804182 0.047590 0.592474 0.707146 0.000000 0.000000 0.000000 1.000000
0.595767 -0.142594 -0.790398 -0.106643 0.047298 0.988634 -0.142705 27.231886 0.801763 0.047635 0.595740 0.684034 0.000000 0.000000 0.000000 1.000000
0.599213 -0.141016 -0.788072 -0.111920 0.047171 0.988874 -0.141080 27.226994 0.799199 0.047363 0.599198 0.664582 0.000000 0.000000 0.000000 1.000000
0.602082 -0.139068 -0.786230 -0.119849 0.046813 0.989169 -0.139115 27.209059 0.797060 0.046953 0.602072 0.648060 0.000000 0.000000 0.000000 1.000000
0.604786 -0.137167 -0.784487 -0.129176 0.046978 0.989485 -0.136794 27.172840 0.795001 0.045877 0.604870 0.633157 0.000000 0.000000 0.000000 1.000000
0.607303 -0.135059 -0.782906 -0.136924 0.047250 0.989840 -0.134105 27.116653 0.793064 0.044450 0.607515 0.613140 0.000000 0.000000 0.000000 1.000000
0.609503 -0.133474 -0.781467 -0.143772 0.047858 0.990122 -0.131785 27.036385 0.791338 0.042924 0.609870 0.587097 0.000000 0.000000 0.000000 1.000000
0.611819 -0.133136 -0.779713 -0.149009 0.049130 0.990226 -0.130530 26.940041 0.789470 0.041554 0.612380 0.555130 0.000000 0.000000 0.000000 1.000000
0.615346 -0.133918 -0.776798 -0.152240 0.050634 0.990143 -0.130588 26.834795 0.786629 0.041025 0.616062 0.520055 0.000000 0.000000 0.000000 1.000000
0.619487 -0.133753 -0.773528 -0.157372 0.051641 0.990187 -0.129859 26.722702 0.783307 0.040500 0.620315 0.486463 0.000000 0.000000 0.000000 1.000000
0.622884 -0.133552 -0.770830 -0.167640 0.053093 0.990265 -0.128668 26.609940 0.780511 0.039219 0.623911 0.455972 0.000000 0.000000 0.000000 1.000000
0.625513 -0.134062 -0.768610 -0.178844 0.054743 0.990241 -0.128167 26.497429 0.778291 0.038094 0.626747 0.429448 0.000000 0.000000 0.000000 1.000000
0.627506 -0.133483 -0.767084 -0.189132 0.055827 0.990373 -0.126670 26.400024 0.776608 0.036662 0.628917 0.409656 0.000000 0.000000 0.000000 1.000000
0.629072 -0.133404 -0.765814 -0.200343 0.057702 0.990460 -0.125137 26.307585 0.775202 0.034531 0.630769 0.392990 0.000000 0.000000 0.000000 1.000000
0.629403 -0.133218 -0.765575 -0.206276 0.058542 0.990525 -0.124232 26.232605 0.774871 0.033373 0.631238 0.376921 0.000000 0.000000 0.000000 1.000000
0.630838 -0.132922 -0.764444 -0.216050 0.059409 0.990600 -0.123220 26.157022 0.773637 0.032317 0.632805 0.367789 0.000000 0.000000 0.000000 1.000000
0.632491 -0.132529 -0.763145 -0.223663 0.060048 0.990678 -0.122275 26.090990 0.772236 0.031513 0.634553 0.362230 0.000000 0.000000 0.000000 1.000000
0.631682 -0.132020 -0.763904 -0.233103 0.059139 0.990728 -0.122317 26.030794 0.772969 0.032089 0.633632 0.346070 0.000000 0.000000 0.000000 1.000000
0.633670 -0.131463 -0.762352 -0.239110 0.059082 0.990801 -0.121749 25.979038 0.771344 0.032107 0.635608 0.334363 0.000000 0.000000 0.000000 1.000000
0.634045 -0.130641 -0.762181 -0.242985 0.057597 0.990867 -0.121925 25.929663 0.771148 0.033407 0.635779 0.316694 0.000000 0.000000 0.000000 1.000000
0.633577 -0.130648 -0.762568 -0.240777 0.055834 0.990790 -0.123360 25.883236 0.771662 0.035581 0.635037 0.296094 0.000000 0.000000 0.000000 1.000000
0.633638 -0.130600 -0.762527 -0.235104 0.054132 0.990717 -0.124701 25.838404 0.771734 0.037738 0.634825 0.276064 0.000000 0.000000 0.000000 1.000000
0.633796 -0.130110 -0.762479 -0.222755 0.051819 0.990679 -0.125977 25.789143 0.771762 0.040333 0.634631 0.254747 0.000000 0.000000 0.000000 1.000000
0.633776 -0.129784 -0.762551 -0.211711 0.049648 0.990616 -0.127337 25.736580 0.771921 0.042844 0.634273 0.235216 0.000000 0.000000 0.000000 1.000000
0.633141 -0.129276 -0.763164 -0.197511 0.047614 0.990592 -0.128299 25.682926 0.772570 0.044894 0.633340 0.217141 0.000000 0.000000 0.000000 1.000000
0.632195 -0.128013 -0.764161 -0.183045 0.045481 0.990688 -0.128334 25.639116 0.773473 0.046378 0.632130 0.204819 0.000000 0.000000 0.000000 1.000000
0.631232 -0.126950 -0.765134 -0.167764 0.043338 0.990745 -0.128630 25.600712 0.774382 0.048036 0.630892 0.195482 0.000000 0.000000 0.000000 1.000000
0.631154 -0.127009 -0.765188 -0.151462 0.042202 0.990665 -0.129625 25.567184 0.774508 0.049521 0.630622 0.191008 0.000000 0.000000 0.000000 1.000000
0.631643 -0.127338 -0.764730 -0.135018 0.041538 0.990560 -0.130632 25.540390 0.774146 0.050748 0.630970 0.192212 0.000000 0.000000 0.000000 1.000000
0.631966 -0.127335 -0.764464 -0.122924 0.040812 0.990509 -0.131249 25.518639 0.773921 0.051746 0.631165 0.194505 0.000000 0.000000 0.000000 1.000000
0.632311 -0.127334 -0.764178 -0.116348 0.040173 0.990462 -0.131798 25.501701 0.773672 0.052638 0.631396 0.199249 0.000000 0.000000 0.000000 1.000000
0.632869 -0.127228 -0.763734 -0.114721 0.039612 0.990435 -0.132170 25.487349 0.773245 0.053393 0.631856 0.205061 0.000000 0.000000 0.000000 1.000000
0.634281 -0.126420 -0.762696 -0.119323 0.038934 0.990511 -0.131802 25.483315 0.772121 0.053904 0.633185 0.213595 0.000000 0.000000 0.000000 1.000000</float_array><technique_common><accessor source="#mixamorig_Hips-Matrix-animation-output-transform-array" count="56" stride="16"><param type="float4x4"/></accessor></technique_common></source><source id="mixamorig_Hips-Interpolations"><Name_array id="mixamorig_Hips-Interpolations-array" count="56">
 LINEAR LINEAR LINEAR LINEAR LINEAR LINEAR LINEAR LINEAR LINEAR LINEAR LINEAR
LINEAR LINEAR LINEAR LINEAR LINEAR LINEAR LINEAR LINEAR LINEAR LINEAR LINEAR LINEAR
LINEAR LINEAR LINEAR LINEAR LINEAR LINEAR LINEAR LINEAR LINEAR LINEAR LINEAR LINEAR
LINEAR LINEAR LINEAR LINEAR LINEAR LINEAR LINEAR LINEAR LINEAR LINEAR LINEAR LINEAR
LINEAR LINEAR LINEAR LINEAR LINEAR LINEAR LINEAR LINEAR LINEAR</Name_array><technique_common><accessor source="#mixamorig_Hips-Interpolations-array" count="56"><param type="name"/></accessor></technique_common></source><sampler id="mixamorig_Hips-Matrix-animation-transform"><input semantic="INPUT" source="#mixamorig_Hips-Matrix-animation-input"/><input semantic="OUTPUT" source="#mixamorig_Hips-Matrix-animation-output-transform"/><input semantic="INTERPOLATION" source="#mixamorig_Hips-Interpolations"/></sampler><channel source="#mixamorig_Hips-Matrix-animation-transform" target="mixamorig_Hips/matrix"/></animation>
    <animation id="mixamorig_Spine-anim" name="mixamorig_Spine"><source id="mixamorig_Spine-Matrix-animation-input"><float_array id="mixamorig_Spine-Matrix-animation-input-array" count="56">

0.000000 0.033333 0.066667 0.100000 0.133333 0.166667 0.200000 0.233333 0.266667 0.300000 0.333333 0.366667 0.400000 0.433333 0.466667 0.500000
0.533333 0.566667 0.600000 0.633333 0.666667 0.700000 0.733333 0.766667 0.800000 0.833333 0.866667 0.900000 0.933333 0.966667 1.000000 1.033333
1.066667 1.100000 1.133333 1.166667 1.200000 1.233333 1.266667 1.300000 1.333333 1.366667 1.400000 1.433333 1.466667 1.500000 1.533333 1.566667
1.600000 1.633333 1.666667 1.700000 1.733333 1.766667 1.800000 1.833333</float_array><technique_common><accessor source="#mixamorig_Spine-Matrix-animation-input-array" count="56"><param name="TIME" type="float"/></accessor></technique_common></source><source id="mixamorig_Spine-Matrix-animation-output-transform"><float_array id="mixamorig_Spine-Matrix-animation-output-transform-array" count="896">

0.997948 0.025892 0.058567 0.000000 -0.024556 0.999424 -0.023424 3.786100 -0.059140 0.021937 0.998009 -0.641600 0.000000 0.000000 0.000000 1.000000
0.997924 0.025894 0.058971 0.000000 -0.024495 0.999404 -0.024336 3.786100 -0.059567 0.022841 0.997963 -0.641600 0.000000 0.000000 0.000000 1.000000
0.997906 0.026199 0.059134 0.000000 -0.024776 0.999388 -0.024682 3.786100 -0.059744 0.023166 0.997945 -0.641600 0.000000 0.000000 0.000000 1.000000
0.997894 0.026622 0.059151 -0.000000 -0.025239 0.999393 -0.024007 3.786100 -0.059754 0.022463 0.997960 -0.641600 0.000000 0.000000 0.000000 1.000000
0.997893 0.027167 0.058919 0.000000 -0.025893 0.999417 -0.022265 3.786100 -0.059490 0.020693 0.998014 -0.641600 0.000000 0.000000 0.000000 1.000000
0.997914 0.027732 0.058303 0.000000 -0.026619 0.999450 -0.019783 3.786100 -0.058819 0.018190 0.998103 -0.641600 0.000000 0.000000 0.000000 1.000000
0.997910 0.028496 0.057997 0.000000 -0.027563 0.999479 -0.016818 3.786100 -0.058446 0.015184 0.998175 -0.641600 0.000000 0.000000 0.000000 1.000000
0.997903 0.029202 0.057773 0.000000 -0.028444 0.999499 -0.013897 3.786100 -0.058150 0.012225 0.998233 -0.641600 0.000000 0.000000 0.000000 1.000000
0.997901 0.029695 0.057544 0.000000 -0.029103 0.999515 -0.011100 3.786100 -0.057846 0.009402 0.998281 -0.641600 0.000000 0.000000 0.000000 1.000000
0.997913 0.030031 0.057166 0.000000 -0.029592 0.999526 -0.008499 3.786100 -0.057395 0.006789 0.998328 -0.641600 0.000000 0.000000 0.000000 1.000000
0.997939 0.030357 0.056528 -0.000000 -0.030057 0.999529 -0.006146 3.786100 -0.056688 0.004434 0.998382 -0.641600 0.000000 0.000000 0.000000 1.000000
0.997960 0.030308 0.056198 0.000000 -0.030163 0.999539 -0.003434 3.786100 -0.056276 0.001732 0.998414 -0.641600 0.000000 0.000000 0.000000 1.000000
0.997986 0.029760 0.056025 0.000000 -0.029742 0.999557 -0.001157 3.786100 -0.056034 -0.000512 0.998429 -0.641600 0.000000 0.000000 0.000000 1.000000
0.998009 0.029270 0.055875 0.000000 -0.029361 0.999569 0.000809 3.786100 -0.055827 -0.002448 0.998437 -0.641600 0.000000 0.000000 0.000000 1.000000
0.998022 0.029028 0.055760 0.000000 -0.029217 0.999570 0.002565 3.786100 -0.055662 -0.004189 0.998441 -0.641600 0.000000 0.000000 0.000000 1.000000
0.998034 0.028660 0.055732 -0.000000 -0.028932 0.999573 0.004076 3.786100 -0.055592 -0.005681 0.998437 -0.641600 0.000000 0.000000 0.000000 1.000000
0.998047 0.028059 0.055816 -0.000000 -0.028389 0.999584 0.005130 3.786100 -0.055649 -0.006705 0.998428 -0.641600 0.000000 0.000000 0.000000 1.000000
0.998047 0.027720 0.055977 0.000000 -0.028158 0.999579 0.007058 3.786100 -0.055758 -0.008620 0.998407 -0.641600 0.000000 0.000000 0.000000 1.000000
0.998043 0.027617 0.056103 0.000000 -0.028182 0.999559 0.009311 3.786100 -0.055821 -0.010874 0.998382 -0.641600 0.000000 0.000000 0.000000 1.000000
0.998046 0.027593 0.056068 0.000000 -0.028274 0.999535 0.011403 3.786100 -0.055727 -0.012966 0.998362 -0.641600 0.000000 0.000000 0.000000 1.000000
0.998048 0.027480 0.056075 0.000000 -0.028261 0.999514 0.013188 3.786100 -0.055685 -0.014747 0.998339 -0.641600 0.000000 0.000000 0.000000 1.000000
0.998034 0.027419 0.056363 0.000000 -0.028298 0.999489 0.014850 3.786100 -0.055927 -0.016416 0.998300 -0.641600 0.000000 0.000000 0.000000 1.000000
0.998029 0.027292 0.056503 0.000000 -0.028250 0.999469 0.016211 3.786100 -0.056030 -0.017775 0.998271 -0.641600 0.000000 0.000000 0.000000 1.000000
0.998028 0.027187 0.056569 0.000000 -0.028215 0.999449 0.017457 3.786100 -0.056063 -0.019019 0.998246 -0.641600 0.000000 0.000000 0.000000 1.000000
0.998027 0.027125 0.056632 0.000000 -0.028218 0.999429 0.018602 3.786100 -0.056095 -0.020163 0.998222 -0.641600 0.000000 0.000000 0.000000 1.000000
0.998023 0.026981 0.056767 0.000000 -0.028128 0.999414 0.019511 3.786100 -0.056207 -0.021069 0.998197 -0.641600 0.000000 0.000000 0.000000 1.000000
0.998014 0.026583 0.057114 0.000000 -0.027800 0.999401 0.020634 3.786100 -0.056531 -0.022181 0.998154 -0.641600 0.000000 0.000000 0.000000 1.000000
0.998008 0.026204 0.057381 0.000000 -0.027461 0.999397 0.021230 3.786100 -0.056791 -0.022763 0.998127 -0.641600 0.000000 0.000000 0.000000 1.000000
0.998003 0.025905 0.057608 0.000000 -0.027145 0.999414 0.020850 3.786100 -0.057034 -0.022372 0.998122 -0.641600 0.000000 0.000000 0.000000 1.000000
0.997993 0.025842 0.057819 0.000000 -0.027010 0.999445 0.019508 3.786100 -0.057283 -0.021031 0.998136 -0.641600 0.000000 0.000000 0.000000 1.000000
0.997980 0.026102 0.057917 0.000000 -0.027163 0.999476 0.017604 3.786100 -0.057427 -0.019141 0.998166 -0.641600 0.000000 0.000000 0.000000 1.000000
0.997994 0.026341 0.057576 0.000000 -0.027257 0.999513 0.015181 3.786100 -0.057148 -0.016720 0.998226 -0.641600 0.000000 0.000000 0.000000 1.000000
0.998023 0.026169 0.057151 0.000000 -0.026893 0.999567 0.011942 3.786100 -0.056814 -0.013455 0.998294 -0.641600 0.000000 0.000000 0.000000 1.000000
0.998024 0.026272 0.057078 -0.000000 -0.026815 0.999602 0.008766 3.786100 -0.056825 -0.010279 0.998331 -0.641600 0.000000 0.000000 0.000000 1.000000
0.998011 0.026608 0.057151 0.000000 -0.026988 0.999618 0.005891 3.786100 -0.056972 -0.007421 0.998348 -0.641600 0.000000 0.000000 0.000000 1.000000
0.998028 0.026516 0.056890 -0.000000 -0.026721 0.999639 0.002853 3.786100 -0.056794 -0.004367 0.998376 -0.641600 0.000000 0.000000 0.000000 1.000000
0.997993 0.027142 0.057210 0.000000 -0.027196 0.999630 0.000168 3.786100 -0.057184 -0.001723 0.998362 -0.641600 0.000000 0.000000 0.000000 1.000000
0.997987 0.027355 0.057215 0.000000 -0.027279 0.999626 -0.002116 3.786100 -0.057252 0.000551 0.998360 -0.641600 0.000000 0.000000 0.000000 1.000000
0.997996 0.027525 0.056968 -0.000000 -0.027329 0.999618 -0.004230 3.786100 -0.057063 0.002664 0.998367 -0.641600 0.000000 0.000000 0.000000 1.000000
0.997998 0.027548 0.056924 0.000000 -0.027243 0.999610 -0.006119 3.786100 -0.057070 0.004556 0.998360 -0.641600 0.000000 0.000000 0.000000 1.000000
0.997979 0.027629 0.057223 0.000000 -0.027240 0.999600 -0.007570 3.786100 -0.057409 0.005996 0.998333 -0.641600 0.000000 0.000000 0.000000 1.000000
0.998028 0.027736 0.056315 0.000000 -0.027237 0.999583 -0.009619 3.786100 -0.056559 0.008066 0.998367 -0.641600 0.000000 0.000000 0.000000 1.000000
0.998028 0.027669 0.056336 -0.000000 -0.027079 0.999570 -0.011209 3.786100 -0.056622 0.009661 0.998349 -0.641600 0.000000 0.000000 0.000000 1.000000
0.998020 0.027569 0.056537 0.000000 -0.026905 0.999560 -0.012481 3.786100 -0.056856 0.010936 0.998322 -0.641600 0.000000 0.000000 0.000000 1.000000
0.998028 0.027405 0.056475 0.000000 -0.026667 0.999549 -0.013783 3.786100 -0.056827 0.012250 0.998309 -0.641600 0.000000 0.000000 0.000000 1.000000
0.998047 0.026940 0.056362 -0.000000 -0.026112 0.999541 -0.015376 3.786100 -0.056751 0.013874 0.998292 -0.641600 0.000000 0.000000 0.000000 1.000000
0.998049 0.026896 0.056353 0.000000 -0.026007 0.999526 -0.016456 3.786100 -0.056769 0.014958 0.998275 -0.641600 0.000000 0.000000 0.000000 1.000000
0.998039 0.026766 0.056589 0.000000 -0.025788 0.999506 -0.017939 3.786100 -0.057042 0.016445 0.998236 -0.641600 0.000000 0.000000 0.000000 1.000000
0.998027 0.026443 0.056954 0.000000 -0.025367 0.999487 -0.019534 3.786100 -0.057441 0.018051 0.998186 -0.641600 0.000000 0.000000 0.000000 1.000000
0.998017 0.026149 0.057255 -0.000000 -0.024993 0.999471 -0.020804 3.786100 -0.057769 0.019332 0.998143 -0.641600 0.000000 0.000000 0.000000 1.000000
0.998012 0.026073 0.057373 -0.000000 -0.024878 0.999460 -0.021447 3.786100 -0.057901 0.019977 0.998122 -0.641600 0.000000 0.000000 0.000000 1.000000
0.997996 0.026071 0.057660 0.000000 -0.024833 0.999448 -0.022076 3.786100 -0.058203 0.020600 0.998092 -0.641600 0.000000 0.000000 0.000000 1.000000
0.997985 0.026071 0.057838 0.000000 -0.024794 0.999435 -0.022692 3.786100 -0.058397 0.021212 0.998068 -0.641600 0.000000 0.000000 0.000000 1.000000
0.997978 0.026044 0.057973 0.000000 -0.024737 0.999426 -0.023153 3.786100 -0.058543 0.021672 0.998050 -0.641600 0.000000 0.000000 0.000000 1.000000
0.997967 0.026015 0.058183 -0.000000 -0.024690 0.999422 -0.023386 3.786100 -0.058757 0.021902 0.998032 -0.641600 0.000000 0.000000 0.000000 1.000000
0.997948 0.025892 0.058567 0.000000 -0.024556 0.999424 -0.023424 3.786100 -0.059140 0.021938 0.998009 -0.641600 0.000000 0.000000 0.000000 1.000000</float_array><technique_common><accessor source="#mixamorig_Spine-Matrix-animation-output-transform-array" count="56" stride="16"><param type="float4x4"/></accessor></technique_common></source><source id="mixamorig_Spine-Interpolations"><Name_array id="mixamorig_Spine-Interpolations-array" count="56">
 LINEAR LINEAR LINEAR LINEAR LINEAR LINEAR LINEAR LINEAR LINEAR LINEAR LINEAR
LINEAR LINEAR LINEAR LINEAR LINEAR LINEAR LINEAR LINEAR LINEAR LINEAR LINEAR LINEAR
LINEAR LINEAR LINEAR LINEAR LINEAR LINEAR LINEAR LINEAR LINEAR LINEAR LINEAR LINEAR
LINEAR LINEAR LINEAR LINEAR LINEAR LINEAR LINEAR LINEAR LINEAR LINEAR LINEAR LINEAR
LINEAR LINEAR LINEAR LINEAR LINEAR LINEAR LINEAR LINEAR LINEAR</Name_array><technique_common><accessor source="#mixamorig_Spine-Interpolations-array" count="56"><param type="name"/></accessor></technique_common></source><sampler id="mixamorig_Spine-Matrix-animation-transform"><input semantic="INPUT" source="#mixamorig_Spine-Matrix-animation-input"/><input semantic="OUTPUT" source="#mixamorig_Spine-Matrix-animation-output-transform"/><input semantic="INTERPOLATION" source="#mixamorig_Spine-Interpolations"/></sampler><channel source="#mixamorig_Spine-Matrix-animation-transform" target="mixamorig_Spine/matrix"/></animation>
    <animation id="mixamorig_Spine1-anim" name="mixamorig_Spine1"><source id="mixamorig_Spine1-Matrix-animation-input"><float_array id="mixamorig_Spine1-Matrix-animation-input-array" count="56">

0.000000 0.033333 0.066667 0.100000 0.133333 0.166667 0.200000 0.233333 0.266667 0.300000 0.333333 0.366667 0.400000 0.433333 0.466667 0.500000
0.533333 0.566667 0.600000 0.633333 0.666667 0.700000 0.733333 0.766667 0.800000 0.833333 0.866667 0.900000 0.933333 0.966667 1.000000 1.033333
1.066667 1.100000 1.133333 1.166667 1.200000 1.233333 1.266667 1.300000 1.333333 1.366667 1.400000 1.433333 1.466667 1.500000 1.533333 1.566667
1.600000 1.633333 1.666667 1.700000 1.733333 1.766667 1.800000 1.833333</float_array><technique_common><accessor source="#mixamorig_Spine1-Matrix-animation-input-array" count="56"><param name="TIME" type="float"/></accessor></technique_common></source><source id="mixamorig_Spine1-Matrix-animation-output-transform"><float_array id="mixamorig_Spine1-Matrix-animation-output-transform-array" count="896">

0.992503 0.057106 0.108062 0.000000 -0.045711 0.993406 -0.105138 4.480100 -0.113354 0.099410 0.988569 -0.000000 0.000000 0.000000 0.000000 1.000000
0.992449 0.057223 0.108490 0.000000 -0.045613 0.993251 -0.106636 4.480100 -0.113860 0.100883 0.988362 0.000000 0.000000 0.000000 0.000000 1.000000
0.992461 0.057760 0.108094 0.000000 -0.046191 0.993226 -0.106627 4.480100 -0.113521 0.100831 0.988406 0.000000 0.000000 0.000000 0.000000 1.000000
0.992408 0.058682 0.108085 -0.000000 -0.047295 0.993341 -0.105054 4.480100 -0.113530 0.099144 0.988575 0.000000 0.000000 0.000000 0.000000 1.000000
0.992298 0.059470 0.108662 -0.000000 -0.048329 0.993566 -0.102430 4.480100 -0.114055 0.096389 0.988787 0.000000 0.000000 0.000000 0.000000 1.000000
0.992199 0.060622 0.108929 0.000000 -0.049954 0.993920 -0.098122 4.480100 -0.114215 0.091915 0.989195 0.000000 0.000000 0.000000 0.000000 1.000000
0.992098 0.061833 0.109174 -0.000000 -0.051730 0.994315 -0.093064 4.480100 -0.114307 0.086681 0.989657 -0.000000 0.000000 0.000000 0.000000 1.000000
0.991974 0.063270 0.109470 -0.000000 -0.053778 0.994704 -0.087593 4.480100 -0.114432 0.081003 0.990123 0.000000 0.000000 0.000000 0.000000 1.000000
0.991908 0.064183 0.109540 -0.000000 -0.055274 0.995055 -0.082520 4.480100 -0.114295 0.075797 0.990551 0.000000 0.000000 0.000000 0.000000 1.000000
0.991925 0.064608 0.109132 0.000000 -0.056286 0.995387 -0.077695 4.480100 -0.113648 0.070926 0.990986 0.000000 0.000000 0.000000 0.000000 1.000000
0.991984 0.064734 0.108526 0.000000 -0.056964 0.995687 -0.073231 4.480100 -0.112799 0.066462 0.991393 -0.000000 0.000000 0.000000 0.000000 1.000000
0.992011 0.065368 0.107897 0.000000 -0.058286 0.996013 -0.067534 4.480100 -0.111882 0.060705 0.991866 0.000000 0.000000 0.000000 0.000000 1.000000
0.992063 0.065280 0.107464 0.000000 -0.058774 0.996304 -0.062642 4.480100 -0.111156 0.055829 0.992234 0.000000 0.000000 0.000000 0.000000 1.000000
0.992129 0.065045 0.106997 0.000000 -0.059083 0.996568 -0.057986 4.480100 -0.110401 0.051208 0.992567 -0.000000 0.000000 0.000000 0.000000 1.000000
0.992201 0.064391 0.106725 0.000000 -0.058813 0.996774 -0.054612 4.480100 -0.109897 0.047909 0.992788 0.000000 0.000000 0.000000 0.000000 1.000000
0.992255 0.063606 0.106700 0.000000 -0.058329 0.996949 -0.051875 4.480100 -0.109674 0.045249 0.992937 0.000000 0.000000 0.000000 0.000000 1.000000
0.992282 0.062694 0.106986 0.000000 -0.057783 0.997155 -0.048407 4.480100 -0.109716 0.041852 0.993081 0.000000 0.000000 0.000000 0.000000 1.000000
0.992292 0.061999 0.107297 0.000000 -0.057476 0.997344 -0.044746 4.480100 -0.109786 0.038234 0.993220 0.000000 0.000000 0.000000 0.000000 1.000000
0.992272 0.061494 0.107773 0.000000 -0.057470 0.997543 -0.040061 4.480100 -0.109972 0.033558 0.993368 -0.000000 0.000000 0.000000 0.000000 1.000000
0.992308 0.061073 0.107682 0.000000 -0.057494 0.997695 -0.036044 4.480100 -0.109635 0.029576 0.993532 -0.000000 0.000000 0.000000 0.000000 1.000000
0.992337 0.060533 0.107720 0.000000 -0.057389 0.997837 -0.032056 4.480100 -0.109428 0.025628 0.993664 -0.000000 0.000000 0.000000 0.000000 1.000000
0.992380 0.059715 0.107774 0.000000 -0.056996 0.997978 -0.028135 4.480100 -0.109236 0.021778 0.993777 0.000000 0.000000 0.000000 0.000000 1.000000
0.992418 0.058979 0.107831 -0.000000 -0.056616 0.998087 -0.024854 4.480100 -0.109091 0.018560 0.993859 0.000000 0.000000 0.000000 0.000000 1.000000
0.992459 0.058123 0.107918 0.000000 -0.056070 0.998185 -0.021963 4.480100 -0.108999 0.015747 0.993917 -0.000000 0.000000 0.000000 0.000000 1.000000
0.992481 0.057250 0.108180 0.000000 -0.055429 0.998267 -0.019768 4.480100 -0.109124 0.013623 0.993935 0.000000 0.000000 0.000000 0.000000 1.000000
0.992512 0.056512 0.108291 0.000000 -0.054876 0.998330 -0.018028 4.480100 -0.109129 0.011950 0.993956 0.000000 0.000000 0.000000 0.000000 1.000000
0.992503 0.055956 0.108656 0.000000 -0.054398 0.998370 -0.017256 4.480100 -0.109444 0.011216 0.993930 -0.000000 0.000000 0.000000 0.000000 1.000000
0.992469 0.055814 0.109045 0.000000 -0.054218 0.998375 -0.017549 4.480100 -0.109847 0.011504 0.993882 -0.000000 0.000000 0.000000 0.000000 1.000000
0.992421 0.055925 0.109421 0.000000 -0.054136 0.998348 -0.019260 4.480100 -0.110318 0.013191 0.993809 0.000000 0.000000 0.000000 0.000000 1.000000
0.992367 0.056181 0.109783 0.000000 -0.054110 0.998298 -0.021759 4.480100 -0.110819 0.015653 0.993717 0.000000 0.000000 0.000000 0.000000 1.000000
0.992339 0.056507 0.109863 0.000000 -0.054061 0.998222 -0.025125 4.480100 -0.111087 0.018993 0.993629 0.000000 0.000000 0.000000 0.000000 1.000000
0.992395 0.056543 0.109339 0.000000 -0.053740 0.998151 -0.028416 4.480100 -0.110744 0.022324 0.993598 0.000000 0.000000 0.000000 0.000000 1.000000
0.992521 0.056184 0.108374 -0.000000 -0.052962 0.998071 -0.032386 4.480100 -0.109984 0.026404 0.993583 0.000000 0.000000 0.000000 0.000000 1.000000
0.992623 0.056168 0.107451 0.000000 -0.052421 0.997925 -0.037393 4.480100 -0.109328 0.031485 0.993507 0.000000 0.000000 0.000000 0.000000 1.000000
0.992690 0.056230 0.106794 -0.000000 -0.051986 0.997759 -0.042125 4.480100 -0.108923 0.036265 0.993388 0.000000 0.000000 0.000000 0.000000 1.000000
0.992698 0.055797 0.106945 0.000000 -0.050910 0.997554 -0.047896 4.480100 -0.109356 0.042102 0.993111 0.000000 0.000000 0.000000 0.000000 1.000000
0.992705 0.056155 0.106695 0.000000 -0.050682 0.997290 -0.053330 4.480100 -0.109401 0.047534 0.992861 -0.000000 0.000000 0.000000 0.000000 1.000000
0.992631 0.056921 0.106971 -0.000000 -0.050881 0.996997 -0.058377 4.480100 -0.109973 0.052504 0.992547 0.000000 0.000000 0.000000 0.000000 1.000000
0.992644 0.057622 0.106478 0.000000 -0.051158 0.996735 -0.062471 4.480100 -0.109730 0.056564 0.992351 0.000000 0.000000 0.000000 0.000000 1.000000
0.992700 0.058120 0.105682 0.000000 -0.051250 0.996463 -0.066598 4.480100 -0.109178 0.060695 0.992167 0.000000 0.000000 0.000000 0.000000 1.000000
0.992656 0.057972 0.106176 0.000000 -0.050642 0.996227 -0.070480 4.480100 -0.109861 0.064586 0.991846 0.000000 0.000000 0.000000 0.000000 1.000000
0.992713 0.058518 0.105338 0.000000 -0.050853 0.995958 -0.074045 4.480100 -0.109245 0.068148 0.991676 0.000000 0.000000 0.000000 0.000000 1.000000
0.992763 0.058341 0.104970 0.000000 -0.050342 0.995736 -0.077306 4.480100 -0.109033 0.071462 0.991466 -0.000000 0.000000 0.000000 0.000000 1.000000
0.992795 0.057939 0.104888 0.000000 -0.049652 0.995560 -0.079966 4.480100 -0.109056 0.074182 0.991264 -0.000000 0.000000 0.000000 0.000000 1.000000
0.992844 0.057477 0.104679 0.000000 -0.048882 0.995358 -0.082898 4.480100 -0.108958 0.077188 0.991045 0.000000 0.000000 0.000000 0.000000 1.000000
0.992882 0.056817 0.104681 0.000000 -0.047946 0.995193 -0.085395 4.480100 -0.109029 0.079768 0.990833 0.000000 0.000000 0.000000 0.000000 1.000000
0.992922 0.055996 0.104742 0.000000 -0.046830 0.995019 -0.088005 4.480100 -0.109148 0.082477 0.990598 -0.000000 0.000000 0.000000 0.000000 1.000000
0.992932 0.055496 0.104907 -0.000000 -0.046016 0.994812 -0.090726 4.480100 -0.109398 0.085258 0.990335 0.000000 0.000000 0.000000 0.000000 1.000000
0.992890 0.055279 0.105418 0.000000 -0.045414 0.994556 -0.093792 4.480100 -0.110029 0.088337 0.989995 0.000000 0.000000 0.000000 0.000000 1.000000
0.992814 0.055082 0.106236 0.000000 -0.044859 0.994339 -0.096323 4.480100 -0.110940 0.090865 0.989665 0.000000 0.000000 0.000000 0.000000 1.000000
0.992781 0.054984 0.106591 0.000000 -0.044467 0.994128 -0.098648 4.480100 -0.111390 0.093196 0.989397 0.000000 0.000000 0.000000 0.000000 1.000000
0.992792 0.055134 0.106419 0.000000 -0.044442 0.993958 -0.100359 4.480100 -0.111309 0.094906 0.989244 0.000000 0.000000 0.000000 0.000000 1.000000
0.992734 0.055603 0.106708 -0.000000 -0.044704 0.993786 -0.101939 4.480100 -0.111713 0.096428 0.989051 0.000000 0.000000 0.000000 0.000000 1.000000
0.992662 0.056167 0.107084 0.000000 -0.045079 0.993629 -0.103293 4.480100 -0.112203 0.097707 0.988870 0.000000 0.000000 0.000000 0.000000 1.000000
0.992585 0.056680 0.107530 0.000000 -0.045420 0.993496 -0.104420 4.480100 -0.112749 0.098761 0.988703 0.000000 0.000000 0.000000 0.000000 1.000000
0.992503 0.057106 0.108062 0.000000 -0.045711 0.993406 -0.105138 4.480100 -0.113354 0.099410 0.988569 0.000000 0.000000 0.000000 0.000000 1.000000</float_array><technique_common><accessor source="#mixamorig_Spine1-Matrix-animation-output-transform-array" count="56" stride="16"><param type="float4x4"/></accessor></technique_common></source><source id="mixamorig_Spine1-Interpolations"><Name_array id="mixamorig_Spine1-Interpolations-array" count="56">
 LINEAR LINEAR LINEAR LINEAR LINEAR LINEAR LINEAR LINEAR LINEAR LINEAR LINEAR
LINEAR LINEAR LINEAR LINEAR LINEAR LINEAR LINEAR LINEAR LINEAR LINEAR LINEAR LINEAR
LINEAR LINEAR LINEAR LINEAR LINEAR LINEAR LINEAR LINEAR LINEAR LINEAR LINEAR LINEAR
LINEAR LINEAR LINEAR LINEAR LINEAR LINEAR LINEAR LINEAR LINEAR LINEAR LINEAR LINEAR
LINEAR LINEAR LINEAR LINEAR LINEAR LINEAR LINEAR LINEAR LINEAR</Name_array><technique_common><accessor source="#mixamorig_Spine1-Interpolations-array" count="56"><param type="name"/></accessor></technique_common></source><sampler id="mixamorig_Spine1-Matrix-animation-transform"><input semantic="INPUT" source="#mixamorig_Spine1-Matrix-animation-input"/><input semantic="OUTPUT" source="#mixamorig_Spine1-Matrix-animation-output-transform"/><input semantic="INTERPOLATION" source="#mixamorig_Spine1-Interpolations"/></sampler><channel source="#mixamorig_Spine1-Matrix-animation-transform" target="mixamorig_Spine1/matrix"/></animation>
    <animation id="mixamorig_Spine2-anim" name="mixamorig_Spine2"><source id="mixamorig_Spine2-Matrix-animation-input"><float_array id="mixamorig_Spine2-Matrix-animation-input-array" count="56">

0.000000 0.033333 0.066667 0.100000 0.133333 0.166667 0.200000 0.233333 0.266667 0.300000 0.333333 0.366667 0.400000 0.433333 0.466667 0.500000
0.533333 0.566667 0.600000 0.633333 0.666667 0.700000 0.733333 0.766667 0.800000 0.833333 0.866667 0.900000 0.933333 0.966667 1.000000 1.033333
1.066667 1.100000 1.133333 1.166667 1.200000 1.233333 1.266667 1.300000 1.333333 1.366667 1.400000 1.433333 1.466667 1.500000 1.533333 1.566667
1.600000 1.633333 1.666667 1.700000 1.733333 1.766667 1.800000 1.833333</float_array><technique_common><accessor source="#mixamorig_Spine2-Matrix-animation-input-array" count="56"><param name="TIME" type="float"/></accessor></technique_common></source><source id="mixamorig_Spine2-Matrix-animation-output-transform"><float_array id="mixamorig_Spine2-Matrix-animation-output-transform-array" count="896">

0.992503 0.033658 0.117499 0.000000 -0.045667 0.993832 0.101060 5.120100 -0.113372 -0.105669 0.987917 0.000000 0.000000 0.000000 0.000000 1.000000
0.992451 0.033672 0.117929 0.000000 -0.045553 0.993989 0.099553 5.120100 -0.113868 -0.104174 0.988019 0.000000 0.000000 0.000000 0.000000 1.000000
0.992466 0.034264 0.117631 0.000000 -0.046114 0.993965 0.099539 5.120100 -0.113511 -0.104213 0.988056 0.000000 0.000000 0.000000 0.000000 1.000000
0.992414 0.035176 0.117797 0.000000 -0.047223 0.993756 0.101091 5.120100 -0.113506 -0.105887 0.987879 0.000000 0.000000 0.000000 0.000000 1.000000
0.992299 0.035824 0.118571 0.000000 -0.048262 0.993432 0.103745 5.120100 -0.114076 -0.108668 0.987511 0.000000 0.000000 0.000000 0.000000 1.000000
0.992196 0.036960 0.119081 -0.000000 -0.049953 0.992891 0.108041 5.120100 -0.114241 -0.113147 0.986989 0.000000 0.000000 0.000000 0.000000 1.000000
0.992091 0.038057 0.119614 -0.000000 -0.051701 0.992235 0.113119 5.120100 -0.114381 -0.118408 0.986355 0.000000 0.000000 0.000000 0.000000 1.000000
0.991970 0.039398 0.120184 -0.000000 -0.053743 0.991491 0.118563 5.120100 -0.114490 -0.124070 0.985646 0.000000 0.000000 0.000000 0.000000 1.000000
0.991901 0.040227 0.120472 0.000000 -0.055196 0.990794 0.123614 5.120100 -0.114390 -0.129262 0.984990 0.000000 0.000000 0.000000 0.000000 1.000000
0.991918 0.040684 0.120177 0.000000 -0.056170 0.990127 0.128427 5.120100 -0.113766 -0.134140 0.984410 0.000000 0.000000 0.000000 0.000000 1.000000
0.991971 0.040926 0.119657 0.000000 -0.056857 0.989494 0.132921 5.120100 -0.112960 -0.138657 0.983877 0.000000 0.000000 0.000000 0.000000 1.000000
0.992005 0.041691 0.119115 0.000000 -0.058180 0.988652 0.138499 5.120100 -0.111989 -0.144322 0.983173 0.000000 0.000000 0.000000 0.000000 1.000000
0.992065 0.041714 0.118604 0.000000 -0.058667 0.987946 0.143254 5.120100 -0.111198 -0.149076 0.982553 -0.000000 0.000000 0.000000 0.000000 1.000000
0.992134 0.041636 0.118054 0.000000 -0.059018 0.987254 0.147804 5.120100 -0.110396 -0.153608 0.981946 0.000000 0.000000 0.000000 0.000000 1.000000
0.992203 0.041030 0.117685 0.000000 -0.058738 0.986757 0.151194 5.120100 -0.109923 -0.156928 0.981474 -0.000000 0.000000 0.000000 0.000000 1.000000
0.992249 0.040229 0.117575 0.000000 -0.058232 0.986361 0.153953 5.120100 -0.109778 -0.159606 0.981058 -0.000000 0.000000 0.000000 0.000000 1.000000
0.992266 0.039413 0.117705 -0.000000 -0.057827 0.985842 0.157388 5.120100 -0.109836 -0.162977 0.980497 -0.000000 0.000000 0.000000 0.000000 1.000000
0.992285 0.038647 0.117799 -0.000000 -0.057494 0.985269 0.161059 5.120100 -0.109839 -0.166589 0.979889 -0.000000 0.000000 0.000000 0.000000 1.000000
0.992265 0.038047 0.118167 0.000000 -0.057484 0.984497 0.165714 5.120100 -0.110030 -0.171225 0.979069 0.000000 0.000000 0.000000 0.000000 1.000000
0.992299 0.037643 0.118004 -0.000000 -0.057500 0.983820 0.169685 5.120100 -0.109707 -0.175163 0.978408 0.000000 0.000000 0.000000 0.000000 1.000000
0.992330 0.037152 0.117901 -0.000000 -0.057439 0.983132 0.173646 5.120100 -0.109461 -0.179086 0.977725 -0.000000 0.000000 0.000000 0.000000 1.000000
0.992365 0.036365 0.117854 0.000000 -0.057086 0.982458 0.177533 5.120100 -0.109330 -0.182905 0.977033 0.000000 0.000000 0.000000 0.000000 1.000000
0.992393 0.035660 0.117833 0.000000 -0.056745 0.981889 0.180762 5.120100 -0.109253 -0.186073 0.976443 0.000000 0.000000 0.000000 0.000000 1.000000
0.992431 0.034833 0.117757 0.000000 -0.056235 0.981385 0.183634 5.120100 -0.109169 -0.188867 0.975916 -0.000000 0.000000 0.000000 0.000000 1.000000
0.992473 0.033951 0.117660 -0.000000 -0.055588 0.981009 0.185824 5.120100 -0.109117 -0.190966 0.975513 0.000000 0.000000 0.000000 0.000000 1.000000
0.992500 0.033184 0.117658 0.000000 -0.055023 0.980713 0.187548 5.120100 -0.109165 -0.192616 0.975183 0.000000 0.000000 0.000000 0.000000 1.000000
0.992497 0.032413 0.117891 0.000000 -0.054390 0.980608 0.188283 5.120100 -0.109502 -0.193283 0.975013 0.000000 0.000000 0.000000 0.000000 1.000000
0.992466 0.032100 0.118238 0.000000 -0.054109 0.980689 0.187937 5.120100 -0.109922 -0.192919 0.975038 0.000000 0.000000 0.000000 0.000000 1.000000
0.992435 0.031840 0.118573 -0.000000 -0.053726 0.981034 0.186240 5.120100 -0.110394 -0.191201 0.975323 0.000000 0.000000 0.000000 0.000000 1.000000
0.992383 0.032007 0.118960 -0.000000 -0.053682 0.981508 0.183738 5.120100 -0.110879 -0.188725 0.975750 -0.000000 0.000000 0.000000 0.000000 1.000000
0.992344 0.032540 0.119145 0.000000 -0.053864 0.982119 0.180394 5.120100 -0.111144 -0.185430 0.976352 0.000000 0.000000 0.000000 0.000000 1.000000
0.992390 0.032871 0.118670 0.000000 -0.053740 0.982706 0.177205 5.120100 -0.110793 -0.182233 0.976993 0.000000 0.000000 0.000000 0.000000 1.000000
0.992507 0.032985 0.117652 0.000000 -0.053223 0.983435 0.173269 5.120100 -0.109988 -0.178233 0.977822 0.000000 0.000000 0.000000 0.000000 1.000000
0.992616 0.033076 0.116706 0.000000 -0.052595 0.984321 0.168361 5.120100 -0.109308 -0.173256 0.978792 0.000000 0.000000 0.000000 0.000000 1.000000
0.992689 0.033140 0.116058 -0.000000 -0.052032 0.985129 0.163751 5.120100 -0.108905 -0.168593 0.979651 0.000000 0.000000 0.000000 0.000000 1.000000
0.992671 0.033073 0.116235 0.000000 -0.051364 0.986089 0.158086 5.120100 -0.109389 -0.162897 0.980560 0.000000 0.000000 0.000000 0.000000 1.000000
0.992667 0.033552 0.116130 -0.000000 -0.051228 0.986936 0.152752 5.120100 -0.109488 -0.157581 0.981418 0.000000 0.000000 0.000000 0.000000 1.000000
0.992601 0.034086 0.116539 -0.000000 -0.051266 0.987693 0.147765 5.120100 -0.110068 -0.152646 0.982132 0.000000 0.000000 0.000000 0.000000 1.000000
0.992614 0.034896 0.116189 -0.000000 -0.051561 0.988280 0.143677 5.120100 -0.109814 -0.148607 0.982780 0.000000 0.000000 0.000000 0.000000 1.000000
0.992671 0.035486 0.115521 -0.000000 -0.051594 0.988865 0.139586 5.120100 -0.109281 -0.144523 0.983448 0.000000 0.000000 0.000000 0.000000 1.000000
0.992626 0.035138 0.116015 0.000000 -0.050894 0.989431 0.135777 5.120100 -0.110018 -0.140680 0.983923 0.000000 0.000000 0.000000 0.000000 1.000000
0.992679 0.035984 0.115301 0.000000 -0.051240 0.989896 0.132214 5.120100 -0.109378 -0.137154 0.984492 0.000000 0.000000 0.000000 0.000000 1.000000
0.992730 0.035853 0.114900 -0.000000 -0.050693 0.990353 0.128962 5.120100 -0.109168 -0.133849 0.984970 0.000000 0.000000 0.000000 0.000000 1.000000
0.992763 0.035429 0.114744 -0.000000 -0.049957 0.990730 0.126323 5.120100 -0.109205 -0.131141 0.985330 0.000000 0.000000 0.000000 0.000000 1.000000
0.992810 0.034980 0.114476 -0.000000 -0.049152 0.991137 0.123415 5.120100 -0.109144 -0.128155 0.985730 -0.000000 0.000000 0.000000 0.000000 1.000000
