<?xml version="1.0" encoding="utf-8"?>
<COLLADA xmlns="http://www.collada.org/2005/11/COLLADASchema" version="1.4.1">
  <asset><contributor><author>Mixamo</author><authoring_tool>COLLADA Mixamo exporter</authoring_tool><comments></comments></contributor><created>2020-03-04T17:49:26Z</created><modified>2020-03-04T17:49:26Z</modified><revision></revision><title></title><unit meter="0.010000"/><up_axis>Y_UP</up_axis></asset>
  <library_animations>
    <animation id="mixamorig_Hips-anim" name="mixamorig_Hips"><source id="mixamorig_Hips-Matrix-animation-input"><float_array id="mixamorig_Hips-Matrix-animation-input-array" count="39">

0.000000 0.033333 0.066667 0.100000 0.133333 0.166667 0.200000 0.233333 0.266667 0.300000 0.333333 0.366667 0.400000 0.433333 0.466667 0.500000
0.533333 0.566667 0.600000 0.633333 0.666667 0.700000 0.733333 0.766667 0.800000 0.833333 0.866667 0.900000 0.933333 0.966667 1.000000 1.033333
1.066667 1.100000 1.133333 1.166667 1.200000 1.233333 1.266667</float_array><technique_common><accessor source="#mixamorig_Hips-Matrix-animation-input-array" count="39"><param name="TIME" type="float"/></accessor></technique_common></source><source id="mixamorig_Hips-Matrix-animation-output-transform"><float_array id="mixamorig_Hips-Matrix-animation-output-transform-array" count="624">

0.962484 -0.003648 -0.271312 0.071421 -0.020113 0.996200 -0.084747 29.557245 0.270590 0.087024 0.958753 -0.368551 0.000000 0.000000 0.000000 1.000000
0.947694 -0.022637 -0.318378 0.145487 -0.006658 0.995863 -0.090626 29.658047 0.319112 0.088005 0.943622 -0.258376 0.000000 0.000000 0.000000 1.000000
0.927299 -0.031186 -0.373021 0.254688 0.003184 0.997144 -0.075451 29.586216 0.374309 0.068778 0.924750 -0.080758 0.000000 0.000000 0.000000 1.000000
0.903870 -0.031891 -0.426617 0.423539 0.010370 0.998558 -0.052675 29.252386 0.427682 0.043188 0.902897 0.172727 0.000000 0.000000 0.000000 1.000000
0.879883 -0.031274 -0.474160 0.720824 0.020752 0.999409 -0.027409 28.652836 0.474737 0.014277 0.880012 0.517043 0.000000 0.000000 0.000000 1.000000
0.861525 -0.036820 -0.506378 1.116134 0.036026 0.999286 -0.011367 27.984863 0.506435 -0.008450 0.862236 0.918832 0.000000 0.000000 0.000000 1.000000
0.856423 -0.053577 -0.513487 1.539385 0.054193 0.998435 -0.013791 27.445217 0.513423 -0.016016 0.857986 1.354948 0.000000 0.000000 0.000000 1.000000
0.867445 -0.079328 -0.491167 1.912006 0.072431 0.996825 -0.033077 27.178398 0.492232 -0.006883 0.870437 1.842984 0.000000 0.000000 0.000000 1.000000
0.889459 -0.104652 -0.444872 2.133149 0.087680 0.994422 -0.058625 27.248199 0.448526 0.013138 0.893673 2.405804 0.000000 0.000000 0.000000 1.000000
0.912992 -0.120873 -0.389661 2.170115 0.097569 0.992078 -0.079134 27.638657 0.396139 0.034230 0.917552 3.058766 0.000000 0.000000 0.000000 1.000000
0.931167 -0.124374 -0.342722 2.090348 0.099609 0.991037 -0.089014 28.263330 0.350722 0.048749 0.935210 3.832988 0.000000 0.000000 0.000000 1.000000
0.942372 -0.116757 -0.313534 1.986483 0.093534 0.991704 -0.088169 29.004887 0.321227 0.053762 0.945475 4.721690 0.000000 0.000000 0.000000 1.000000
0.947831 -0.100826 -0.302407 1.883556 0.081293 0.993748 -0.076529 29.657553 0.308233 0.047953 0.950102 5.574715 0.000000 0.000000 0.000000 1.000000
0.949885 -0.070933 -0.304445 1.906512 0.058037 0.997000 -0.051215 29.854290 0.307165 0.030979 0.951152 6.358625 0.000000 0.000000 0.000000 1.000000
0.951818 -0.014186 -0.306337 2.231313 0.011671 0.999882 -0.010038 29.047512 0.306443 0.005979 0.951870 7.203908 0.000000 0.000000 0.000000 1.000000
0.958965 0.043214 -0.280211 2.505955 -0.033746 0.998687 0.038530 27.904253 0.281508 -0.027493 0.959165 7.904013 0.000000 0.000000 0.000000 1.000000
0.976150 0.084357 -0.200037 2.554321 -0.070943 0.994782 0.073315 26.735493 0.205178 -0.057375 0.977042 8.462460 0.000000 0.000000 0.000000 1.000000
0.993590 0.096896 -0.058216 2.379646 -0.092429 0.992885 0.075070 25.867710 0.065076 -0.069208 0.995477 8.974358 0.000000 0.000000 0.000000 1.000000
0.989550 0.080926 0.119337 2.049894 -0.086927 0.995154 0.045965 25.351608 -0.115039 -0.055858 0.991789 9.469834 0.000000 0.000000 0.000000 1.000000
0.957771 0.050051 0.283142 1.694213 -0.054138 0.998512 0.006621 25.054592 -0.282389 -0.021671 0.959055 9.935138 0.000000 0.000000 0.000000 1.000000
0.917962 0.020888 0.396118 1.464904 -0.010574 0.999546 -0.028202 24.870691 -0.396528 0.021700 0.917766 10.355378 0.000000 0.000000 0.000000 1.000000
0.889924 0.003517 0.456096 1.394428 0.025611 0.998007 -0.057667 24.741541 -0.455389 0.063000 0.888060 10.698153 0.000000 0.000000 0.000000 1.000000
0.875623 -0.002777 0.482987 1.395269 0.048266 0.995481 -0.081779 24.593117 -0.480577 0.094920 0.871800 10.859257 0.000000 0.000000 0.000000 1.000000
0.868422 -0.001901 0.495822 1.382376 0.056649 0.993825 -0.095409 24.454765 -0.492579 0.110943 0.863167 10.794646 0.000000 0.000000 0.000000 1.000000
0.867439 0.000630 0.497542 1.304130 0.053498 0.994084 -0.094529 24.387560 -0.494658 0.108616 0.862274 10.464039 0.000000 0.000000 0.000000 1.000000
0.877705 0.001256 0.479199 1.137097 0.043456 0.995668 -0.082205 24.476162 -0.477227 0.092976 0.873848 9.983398 0.000000 0.000000 0.000000 1.000000
0.901118 -0.000840 0.433573 0.861914 0.033103 0.997213 -0.066866 24.779545 -0.432308 0.074607 0.898634 9.420185 0.000000 0.000000 0.000000 1.000000
0.930545 -0.003779 0.366159 0.475016 0.026729 0.997980 -0.057628 25.333117 -0.365201 0.063412 0.928766 8.707475 0.000000 0.000000 0.000000 1.000000
0.954880 -0.006985 0.296909 -0.020438 0.026205 0.997806 -0.060805 26.119940 -0.295833 0.065842 0.952968 7.800807 0.000000 0.000000 0.000000 1.000000
0.968869 -0.011459 0.247309 -0.532166 0.031426 0.996540 -0.076944 27.050926 -0.245572 0.082320 0.965877 6.723228 0.000000 0.000000 0.000000 1.000000
0.975267 -0.018689 0.220238 -0.924938 0.041659 0.994103 -0.100121 27.877937 -0.217068 0.106819 0.970294 5.523590 0.000000 0.000000 0.000000 1.000000
0.980583 -0.022337 0.194826 -1.024984 0.046401 0.991708 -0.119842 28.310606 -0.190534 0.126555 0.973489 4.395887 0.000000 0.000000 0.000000 1.000000
0.988878 -0.023885 0.146797 -0.860567 0.042981 0.990800 -0.128331 28.470819 -0.142381 0.133213 0.980807 3.423443 0.000000 0.000000 0.000000 1.000000
0.997715 -0.020707 0.064311 -0.580486 0.028531 0.991967 -0.123237 28.532387 -0.061242 0.124790 0.990291 2.593704 0.000000 0.000000 0.000000 1.000000
0.999107 -0.017143 -0.038617 -0.313123 0.012772 0.993770 -0.110720 28.580578 0.040274 0.110128 0.993101 1.842554 0.000000 0.000000 0.000000 1.000000
0.990650 -0.015862 -0.135500 -0.135994 0.002312 0.995027 -0.099578 28.689327 0.136406 0.098334 0.985761 1.126094 0.000000 0.000000 0.000000 1.000000
0.978059 -0.014648 -0.207814 -0.047888 -0.004773 0.995687 -0.092648 28.923847 0.208275 0.091607 0.973771 0.473633 0.000000 0.000000 0.000000 1.000000
0.967122 -0.012695 -0.253995 0.002285 -0.009691 0.996188 -0.086688 29.238447 0.254127 0.086299 0.963313 -0.031660 0.000000 0.000000 0.000000 1.000000
0.962484 -0.003648 -0.271312 0.071403 -0.020113 0.996200 -0.084747 29.557241 0.270590 0.087024 0.958753 -0.368535 0.000000 0.000000 0.000000 1.000000</float_array><technique_common><accessor source="#mixamorig_Hips-Matrix-animation-output-transform-array" count="39" stride="16"><param type="float4x4"/></accessor></technique_common></source><source id="mixamorig_Hips-Interpolations"><Name_array id="mixamorig_Hips-Interpolations-array" count="39">
 LINEAR LINEAR LINEAR LINEAR LINEAR LINEAR LINEAR LINEAR LINEAR LINEAR LINEAR
LINEAR LINEAR LINEAR LINEAR LINEAR LINEAR LINEAR LINEAR LINEAR LINEAR LINEAR LINEAR
LINEAR LINEAR LINEAR LINEAR LINEAR LINEAR LINEAR LINEAR LINEAR LINEAR LINEAR LINEAR
LINEAR LINEAR LINEAR LINEAR</Name_array><technique_common><accessor source="#mixamorig_Hips-Interpolations-array" count="39"><param type="name"/></accessor></technique_common></source><sampler id="mixamorig_Hips-Matrix-animation-transform"><input semantic="INPUT" source="#mixamorig_Hips-Matrix-animation-input"/><input semantic="OUTPUT" source="#mixamorig_Hips-Matrix-animation-output-transform"/><input semantic="INTERPOLATION" source="#mixamorig_Hips-Interpolations"/></sampler><channel source="#mixamorig_Hips-Matrix-animation-transform" target="mixamorig_Hips/matrix"/></animation>
    <animation id="mixamorig_Spine-anim" name="mixamorig_Spine"><source id="mixamorig_Spine-Matrix-animation-input"><float_array id="mixamorig_Spine-Matrix-animation-input-array" count="39">

0.000000 0.033333 0.066667 0.100000 0.133333 0.166667 0.200000 0.233333 0.266667 0.300000 0.333333 0.366667 0.400000 0.433333 0.466667 0.500000
0.533333 0.566667 0.600000 0.633333 0.666667 0.700000 0.733333 0.766667 0.800000 0.833333 0.866667 0.900000 0.933333 0.966667 1.000000 1.033333
1.066667 1.100000 1.133333 1.166667 1.200000 1.233333 1.266667</float_array><technique_common><accessor source="#mixamorig_Spine-Matrix-animation-input-array" count="39"><param name="TIME" type="float"/></accessor></technique_common></source><source id="mixamorig_Spine-Matrix-animation-output-transform"><float_array id="mixamorig_Spine-Matrix-animation-output-transform-array" count="624">

0.996976 -0.006252 0.077460 0.000000 0.024115 0.972445 -0.231883 3.786100 -0.073876 0.233050 0.969655 -0.641600 0.000000 0.000000 0.000000 1.000000
0.992581 -0.028067 0.118302 0.000000 0.052915 0.975732 -0.212479 3.786100 -0.109467 0.217163 0.969978 -0.641600 0.000000 0.000000 0.000000 1.000000
0.988658 -0.056477 0.139161 -0.000000 0.083536 0.976830 -0.197039 3.786100 -0.124809 0.206429 0.970469 -0.641600 0.000000 0.000000 0.000000 1.000000
0.986149 -0.086850 0.141307 0.000000 0.112690 0.975951 -0.186601 3.786100 -0.121702 0.199940 0.972220 -0.641600 0.000000 0.000000 0.000000 1.000000
0.986207 -0.113106 0.120840 0.000000 0.134647 0.972833 -0.188323 3.786100 -0.096257 0.201997 0.974645 -0.641600 0.000000 0.000000 0.000000 1.000000
0.988636 -0.128772 0.077573 0.000000 0.141987 0.969369 -0.200406 3.786100 -0.049390 0.209143 0.976637 -0.641600 0.000000 0.000000 0.000000 1.000000
0.991564 -0.129074 0.011851 0.000000 0.128556 0.967652 -0.217078 3.786100 0.016552 0.216770 0.976082 -0.641600 0.000000 0.000000 0.000000 1.000000
0.991002 -0.110172 -0.076013 0.000000 0.089828 0.968434 -0.232522 3.786100 0.099231 0.223602 0.969616 -0.641600 0.000000 0.000000 0.000000 1.000000
0.980287 -0.072724 -0.183710 0.000000 0.026143 0.969364 -0.244235 3.786100 0.195844 0.234618 0.952155 -0.641600 0.000000 0.000000 0.000000 1.000000
0.954031 -0.018631 -0.299128 -0.000000 -0.058565 0.967236 -0.247032 3.786100 0.293930 0.253195 0.921682 -0.641600 0.000000 0.000000 0.000000 1.000000
0.915434 0.047545 -0.399650 0.000000 -0.150689 0.961259 -0.230810 3.786100 0.373194 0.271514 0.887134 -0.641600 0.000000 0.000000 0.000000 1.000000
0.875984 0.115466 -0.468316 -0.000000 -0.226881 0.955446 -0.188808 3.786100 0.425649 0.271645 0.863152 -0.641600 0.000000 0.000000 0.000000 1.000000
0.854593 0.176010 -0.488561 -0.000000 -0.270031 0.954229 -0.128567 3.786100 0.443570 0.241799 0.863006 -0.641600 0.000000 0.000000 0.000000 1.000000
0.863379 0.218399 -0.454838 0.000000 -0.282168 0.956316 -0.076421 3.786100 0.418279 0.194321 0.887289 -0.641600 0.000000 0.000000 0.000000 1.000000
0.902707 0.215821 -0.372210 0.000000 -0.253820 0.965649 -0.055662 3.786100 0.347411 0.144721 0.926478 -0.641600 0.000000 0.000000 0.000000 1.000000
0.946552 0.189579 -0.260959 0.000000 -0.210793 0.975948 -0.055595 3.786100 0.244143 0.107632 0.963748 -0.641600 0.000000 0.000000 0.000000 1.000000
0.975684 0.165910 -0.143228 -0.000000 -0.176494 0.982181 -0.064576 3.786100 0.129962 0.088284 0.987581 -0.641600 0.000000 0.000000 0.000000 1.000000
0.987332 0.153580 -0.039850 -0.000000 -0.156124 0.985150 -0.071441 3.786100 0.028286 0.076758 0.996648 -0.641600 0.000000 0.000000 0.000000 1.000000
0.985329 0.160675 0.057530 0.000000 -0.155872 0.984530 -0.080029 3.786100 -0.069499 0.069888 0.995131 -0.641600 0.000000 0.000000 0.000000 1.000000
0.969161 0.194595 0.151196 0.000000 -0.178892 0.977537 -0.111439 3.786100 -0.169485 0.080954 0.982202 -0.641600 0.000000 0.000000 0.000000 1.000000
0.939069 0.225311 0.259585 0.000000 -0.185709 0.968062 -0.168430 3.786100 -0.289243 0.109960 0.950919 -0.641600 0.000000 0.000000 0.000000 1.000000
0.897996 0.242416 0.367203 -0.000000 -0.163084 0.958477 -0.233935 3.786100 -0.408665 0.150188 0.900242 -0.641600 0.000000 0.000000 0.000000 1.000000
0.856495 0.245910 0.453811 -0.000000 -0.121116 0.950418 -0.286421 3.786100 -0.501744 0.190354 0.843812 -0.641600 0.000000 0.000000 0.000000 1.000000
0.831074 0.236475 0.503385 -0.000000 -0.072685 0.943523 -0.323237 3.786100 -0.551392 0.232045 0.801325 -0.641600 0.000000 0.000000 0.000000 1.000000
0.829447 0.211496 0.516998 0.000000 -0.022869 0.937630 -0.346881 3.786100 -0.558116 0.275896 0.782552 -0.641600 0.000000 0.000000 0.000000 1.000000
0.847965 0.177787 0.499346 0.000000 0.015701 0.933232 -0.358931 3.786100 -0.529819 0.312201 0.788557 -0.641600 0.000000 0.000000 0.000000 1.000000
0.876289 0.149276 0.458077 0.000000 0.032601 0.930237 -0.365508 3.786100 -0.480682 0.335225 0.810290 -0.641600 0.000000 0.000000 0.000000 1.000000
0.907717 0.138991 0.395894 -0.000000 0.020567 0.927666 -0.372844 3.786100 -0.419079 0.346579 0.839199 -0.641600 0.000000 0.000000 0.000000 1.000000
0.938031 0.147140 0.313762 0.000000 -0.017840 0.924691 -0.380301 3.786100 -0.346091 0.351137 0.870014 -0.641600 0.000000 0.000000 0.000000 1.000000
0.962911 0.165550 0.213064 0.000000 -0.073167 0.920272 -0.384378 3.786100 -0.259711 0.354533 0.898252 -0.641600 0.000000 0.000000 0.000000 1.000000
0.978247 0.177511 0.107344 -0.000000 -0.124711 0.916754 -0.379486 3.786100 -0.165771 0.357843 0.918949 -0.641600 0.000000 0.000000 0.000000 1.000000
0.985457 0.167585 0.028102 0.000000 -0.145641 0.918195 -0.368385 3.786100 -0.087539 0.358935 0.929249 -0.641600 0.000000 0.000000 0.000000 1.000000
0.990476 0.137247 -0.010966 -0.000000 -0.132406 0.927636 -0.349228 3.786100 -0.037758 0.347354 0.936974 -0.641600 0.000000 0.000000 0.000000 1.000000
0.995117 0.098387 -0.007940 -0.000000 -0.095493 0.939235 -0.329725 3.786100 -0.024983 0.328874 0.944043 -0.641600 0.000000 0.000000 0.000000 1.000000
0.997675 0.063588 0.024528 0.000000 -0.053152 0.951198 -0.303970 3.786100 -0.042660 0.301960 0.952366 -0.641600 0.000000 0.000000 0.000000 1.000000
0.997383 0.036532 0.062385 -0.000000 -0.018338 0.962550 -0.270482 3.786100 -0.069930 0.268630 0.960702 -0.641600 0.000000 0.000000 0.000000 1.000000
0.996080 0.017270 0.086752 0.000000 0.004104 0.970676 -0.240358 3.786100 -0.088359 0.239771 0.966800 -0.641600 0.000000 0.000000 0.000000 1.000000
0.995695 0.005557 0.092519 -0.000000 0.015523 0.974104 -0.225566 3.786100 -0.091377 0.226032 0.969825 -0.641600 0.000000 0.000000 0.000000 1.000000
0.996976 -0.006252 0.077460 0.000000 0.024115 0.972445 -0.231884 3.786100 -0.073876 0.233050 0.969655 -0.641600 0.000000 0.000000 0.000000 1.000000</float_array><technique_common><accessor source="#mixamorig_Spine-Matrix-animation-output-transform-array" count="39" stride="16"><param type="float4x4"/></accessor></technique_common></source><source id="mixamorig_Spine-Interpolations"><Name_array id="mixamorig_Spine-Interpolations-array" count="39">
 LINEAR LINEAR LINEAR LINEAR LINEAR LINEAR LINEAR LINEAR LINEAR LINEAR LINEAR
LINEAR LINEAR LINEAR LINEAR LINEAR LINEAR LINEAR LINEAR LINEAR LINEAR LINEAR LINEAR
LINEAR LINEAR LINEAR LINEAR LINEAR LINEAR LINEAR LINEAR LINEAR LINEAR LINEAR LINEAR
LINEAR LINEAR LINEAR LINEAR</Name_array><technique_common><accessor source="#mixamorig_Spine-Interpolations-array" count="39"><param type="name"/></accessor></technique_common></source><sampler id="mixamorig_Spine-Matrix-animation-transform"><input semantic="INPUT" source="#mixamorig_Spine-Matrix-animation-input"/><input semantic="OUTPUT" source="#mixamorig_Spine-Matrix-animation-output-transform"/><input semantic="INTERPOLATION" source="#mixamorig_Spine-Interpolations"/></sampler><channel source="#mixamorig_Spine-Matrix-animation-transform" target="mixamorig_Spine/matrix"/></animation>
    <animation id="mixamorig_Spine1-anim" name="mixamorig_Spine1"><source id="mixamorig_Spine1-Matrix-animation-input"><float_array id="mixamorig_Spine1-Matrix-animation-input-array" count="39">

0.000000 0.033333 0.066667 0.100000 0.133333 0.166667 0.200000 0.233333 0.266667 0.300000 0.333333 0.366667 0.400000 0.433333 0.466667 0.500000
0.533333 0.566667 0.600000 0.633333 0.666667 0.700000 0.733333 0.766667 0.800000 0.833333 0.866667 0.900000 0.933333 0.966667 1.000000 1.033333
1.066667 1.100000 1.133333 1.166667 1.200000 1.233333 1.266667</float_array><technique_common><accessor source="#mixamorig_Spine1-Matrix-animation-input-array" count="39"><param name="TIME" type="float"/></accessor></technique_common></source><source id="mixamorig_Spine1-Matrix-animation-output-transform"><float_array id="mixamorig_Spine1-Matrix-animation-output-transform-array" count="624">

0.999658 0.010850 0.023793 -0.000000 -0.009296 0.997876 -0.064468 4.480100 -0.024442 0.064225 0.997636 0.000000 0.000000 0.000000 0.000000 1.000000
0.999356 0.013824 0.033106 -0.000000 -0.011714 0.997939 -0.063094 4.480100 -0.033910 0.062666 0.997458 0.000000 0.000000 0.000000 0.000000 1.000000
0.999244 0.009629 0.037668 0.000000 -0.007231 0.997969 -0.063286 4.480100 -0.038200 0.062966 0.997284 0.000000 0.000000 0.000000 0.000000 1.000000
0.999314 0.002029 0.036980 0.000000 0.000329 0.997972 -0.063652 4.480100 -0.037034 0.063621 0.997287 -0.000000 0.000000 0.000000 0.000000 1.000000
0.999635 -0.006060 0.026309 -0.000000 0.007735 0.997917 -0.064048 4.480100 -0.025866 0.064228 0.997600 0.000000 0.000000 0.000000 0.000000 1.000000
0.999880 -0.015159 0.003144 0.000000 0.015329 0.997848 -0.063757 4.480100 -0.002170 0.063798 0.997960 0.000000 0.000000 0.000000 0.000000 1.000000
0.999222 -0.026123 -0.029556 0.000000 0.024319 0.997912 -0.059840 4.480100 0.031058 0.059075 0.997770 0.000000 0.000000 0.000000 0.000000 1.000000
0.996633 -0.041271 -0.070841 -0.000000 0.037495 0.997846 -0.053822 4.480100 0.072909 0.050985 0.996035 0.000000 0.000000 0.000000 0.000000 1.000000
0.990698 -0.065470 -0.119291 -0.000000 0.060027 0.997010 -0.048668 4.480100 0.122121 0.041055 0.991666 0.000000 0.000000 0.000000 0.000000 1.000000
0.980425 -0.100171 -0.169509 0.000000 0.093250 0.994469 -0.048333 4.480100 0.173413 0.031580 0.984343 0.000000 0.000000 0.000000 0.000000 1.000000
0.967419 -0.138227 -0.212119 0.000000 0.129479 0.990074 -0.054663 4.480100 0.217570 0.025417 0.975714 0.000000 0.000000 0.000000 0.000000 1.000000
0.957748 -0.166088 -0.234804 0.000000 0.155236 0.985795 -0.064102 4.480100 0.242115 0.024943 0.969927 0.000000 0.000000 0.000000 0.000000 1.000000
0.957020 -0.171000 -0.234246 -0.000000 0.158751 0.984811 -0.070330 4.480100 0.242715 0.030121 0.969630 -0.000000 0.000000 0.000000 0.000000 1.000000
0.964738 -0.155708 -0.212217 0.000000 0.144000 0.987123 -0.069652 4.480100 0.220329 0.036637 0.974737 0.000000 0.000000 0.000000 0.000000 1.000000
0.975948 -0.132123 -0.173402 0.000000 0.122274 0.990276 -0.066349 4.480100 0.180482 0.043551 0.982614 -0.000000 0.000000 0.000000 0.000000 1.000000
0.986743 -0.105156 -0.123611 0.000000 0.098255 0.993310 -0.060674 4.480100 0.129164 0.047725 0.990474 -0.000000 0.000000 0.000000 0.000000 1.000000
0.995033 -0.070206 -0.070574 0.000000 0.066075 0.996053 -0.059259 4.480100 0.074456 0.054302 0.995745 -0.000000 0.000000 0.000000 0.000000 1.000000
0.999077 -0.034727 -0.025268 0.000000 0.032973 0.997221 -0.066802 4.480100 0.027518 0.065907 0.997446 0.000000 0.000000 0.000000 0.000000 1.000000
0.999979 -0.003552 0.005386 0.000000 0.004019 0.996000 -0.089262 4.480100 -0.005048 0.089281 0.995994 0.000000 0.000000 0.000000 0.000000 1.000000
0.999560 0.000725 0.029641 0.000000 0.002775 0.993024 -0.117880 4.480100 -0.029520 0.117910 0.992585 -0.000000 0.000000 0.000000 0.000000 1.000000
0.998614 -0.010105 0.051643 0.000000 0.017452 0.989446 -0.143847 4.480100 -0.049644 0.144549 0.988252 0.000000 0.000000 0.000000 0.000000 1.000000
0.996702 -0.025549 0.077018 0.000000 0.037539 0.986645 -0.158500 4.480100 -0.071939 0.160868 0.984351 0.000000 0.000000 0.000000 0.000000 1.000000
0.994351 -0.038307 0.098989 0.000000 0.054710 0.984143 -0.168727 4.480100 -0.090956 0.173190 0.980680 -0.000000 0.000000 0.000000 0.000000 1.000000
0.992727 -0.045203 0.111579 0.000000 0.064371 0.982519 -0.174680 4.480100 -0.101733 0.180592 0.978283 0.000000 0.000000 0.000000 0.000000 1.000000
0.992749 -0.042624 0.112393 0.000000 0.062056 0.982518 -0.175520 4.480100 -0.102947 0.181222 0.978039 0.000000 0.000000 0.000000 0.000000 1.000000
0.993754 -0.034263 0.106199 0.000000 0.052191 0.983898 -0.170941 4.480100 -0.098632 0.175416 0.979541 0.000000 0.000000 0.000000 0.000000 1.000000
0.995148 -0.022045 0.095891 -0.000000 0.037209 0.986519 -0.159359 4.480100 -0.091085 0.162154 0.982553 0.000000 0.000000 0.000000 0.000000 1.000000
0.996471 -0.008622 0.083488 0.000000 0.020325 0.989892 -0.140358 4.480100 -0.081434 0.141560 0.986574 0.000000 0.000000 0.000000 0.000000 1.000000
0.997677 0.004679 0.067967 0.000000 0.003283 0.993178 -0.116562 4.480100 -0.068049 0.116514 0.990855 -0.000000 0.000000 0.000000 0.000000 1.000000
0.998726 0.013084 0.048746 0.000000 -0.008668 0.995928 -0.089738 4.480100 -0.049721 0.089201 0.994772 0.000000 0.000000 0.000000 0.000000 1.000000
0.999480 0.016174 0.027887 -0.000000 -0.014266 0.997628 -0.067334 4.480100 -0.028910 0.066901 0.997341 0.000000 0.000000 0.000000 0.000000 1.000000
0.999849 0.015305 0.008239 0.000000 -0.014843 0.998458 -0.053486 4.480100 -0.009045 0.053356 0.998535 -0.000000 0.000000 0.000000 0.000000 1.000000
0.999878 0.015624 -0.000921 0.000000 -0.015651 0.998444 -0.053528 4.480100 0.000084 0.053536 0.998566 0.000000 0.000000 0.000000 0.000000 1.000000
0.999883 0.015173 0.001920 -0.000000 -0.015041 0.998302 -0.056273 4.480100 -0.002771 0.056238 0.998414 -0.000000 0.000000 0.000000 0.000000 1.000000
0.999824 0.015092 0.011181 0.000000 -0.014382 0.998031 -0.061046 4.480100 -0.012080 0.060875 0.998072 0.000000 0.000000 0.000000 0.000000 1.000000
0.999647 0.016668 0.020713 -0.000000 -0.015247 0.997641 -0.066934 4.480100 -0.021779 0.066595 0.997542 0.000000 0.000000 0.000000 0.000000 1.000000
0.999511 0.016905 0.026313 0.000000 -0.015027 0.997435 -0.069981 4.480100 -0.027428 0.069551 0.997201 0.000000 0.000000 0.000000 0.000000 1.000000
0.999516 0.014638 0.027457 -0.000000 -0.012721 0.997554 -0.068733 4.480100 -0.028396 0.068350 0.997257 0.000000 0.000000 0.000000 0.000000 1.000000
0.999658 0.010850 0.023793 0.000000 -0.009296 0.997876 -0.064468 4.480100 -0.024442 0.064225 0.997636 -0.000000 0.000000 0.000000 0.000000 1.000000</float_array><technique_common><accessor source="#mixamorig_Spine1-Matrix-animation-output-transform-array" count="39" stride="16"><param type="float4x4"/></accessor></technique_common></source><source id="mixamorig_Spine1-Interpolations"><Name_array id="mixamorig_Spine1-Interpolations-array" count="39">
 LINEAR LINEAR LINEAR LINEAR LINEAR LINEAR LINEAR LINEAR LINEAR LINEAR LINEAR
LINEAR LINEAR LINEAR LINEAR LINEAR LINEAR LINEAR LINEAR LINEAR LINEAR LINEAR LINEAR
LINEAR LINEAR LINEAR LINEAR LINEAR LINEAR LINEAR LINEAR LINEAR LINEAR LINEAR LINEAR
LINEAR LINEAR LINEAR LINEAR</Name_array><technique_common><accessor source="#mixamorig_Spine1-Interpolations-array" count="39"><param type="name"/></accessor></technique_common></source><sampler id="mixamorig_Spine1-Matrix-animation-transform"><input semantic="INPUT" source="#mixamorig_Spine1-Matrix-animation-input"/><input semantic="OUTPUT" source="#mixamorig_Spine1-Matrix-animation-output-transform"/><input semantic="INTERPOLATION" source="#mixamorig_Spine1-Interpolations"/></sampler><channel source="#mixamorig_Spine1-Matrix-animation-transform" target="mixamorig_Spine1/matrix"/></animation>
    <animation id="mixamorig_Spine2-anim" name="mixamorig_Spine2"><source id="mixamorig_Spine2-Matrix-animation-input"><float_array id="mixamorig_Spine2-Matrix-animation-input-array" count="39">

0.000000 0.033333 0.066667 0.100000 0.133333 0.166667 0.200000 0.233333 0.266667 0.300000 0.333333 0.366667 0.400000 0.433333 0.466667 0.500000
0.533333 0.566667 0.600000 0.633333 0.666667 0.700000 0.733333 0.766667 0.800000 0.833333 0.866667 0.900000 0.933333 0.966667 1.000000 1.033333
1.066667 1.100000 1.133333 1.166667 1.200000 1.233333 1.266667</float_array><technique_common><accessor source="#mixamorig_Spine2-Matrix-animation-input-array" count="39"><param name="TIME" type="float"/></accessor></technique_common></source><source id="mixamorig_Spine2-Matrix-animation-output-transform"><float_array id="mixamorig_Spine2-Matrix-animation-output-transform-array" count="624">

0.999628 0.010722 0.025072 -0.000000 -0.009089 0.997887 -0.064341 5.120100 -0.025709 0.064089 0.997613 0.000000 0.000000 0.000000 0.000000 1.000000
0.999300 0.014660 0.034417 -0.000000 -0.012459 0.997916 -0.063315 5.120100 -0.035273 0.062842 0.997400 0.000000 0.000000 0.000000 0.000000 1.000000
0.999169 0.010946 0.039265 -0.000000 -0.008423 0.997924 -0.063855 5.120100 -0.039882 0.063471 0.997186 0.000000 0.000000 0.000000 0.000000 1.000000
0.999232 0.003150 0.039046 0.000000 -0.000626 0.997919 -0.064477 5.120100 -0.039168 0.064403 0.997155 0.000000 0.000000 0.000000 0.000000 1.000000
0.999573 -0.005904 0.028617 0.000000 0.007732 0.997908 -0.064182 5.120100 -0.028178 0.064376 0.997528 0.000000 0.000000 0.000000 0.000000 1.000000
0.999851 -0.016360 0.005484 0.000000 0.016669 0.997929 -0.062134 5.120100 -0.004456 0.062216 0.998053 0.000000 0.000000 0.000000 0.000000 1.000000
0.999221 -0.028547 -0.027234 0.000000 0.026988 0.998066 -0.056006 5.120100 0.028780 0.055227 0.998059 0.000000 0.000000 0.000000 0.000000 1.000000
0.996595 -0.045608 -0.068686 0.000000 0.042395 0.997970 -0.047530 5.120100 0.070714 0.044456 0.996505 -0.000000 0.000000 0.000000 0.000000 1.000000
0.990406 -0.073114 -0.117262 0.000000 0.068844 0.996822 -0.040070 5.120100 0.119819 0.031613 0.992292 -0.000000 0.000000 0.000000 0.000000 1.000000
0.979495 -0.112529 -0.167114 -0.000000 0.107498 0.993445 -0.038880 5.120100 0.170394 0.020118 0.985171 -0.000000 0.000000 0.000000 0.000000 1.000000
0.965604 -0.155253 -0.208581 0.000000 0.148799 0.987779 -0.046386 5.120100 0.213233 0.013754 0.976904 0.000000 0.000000 0.000000 0.000000 1.000000
0.955501 -0.184123 -0.230472 0.000000 0.175725 0.982809 -0.056630 5.120100 0.236937 0.013610 0.971430 -0.000000 0.000000 0.000000 0.000000 1.000000
0.954737 -0.188812 -0.229844 0.000000 0.178784 0.981812 -0.063893 5.120100 0.237727 0.019908 0.971128 0.000000 0.000000 0.000000 0.000000 1.000000
0.962869 -0.172429 -0.207728 0.000000 0.162555 0.984632 -0.063835 5.120100 0.215543 0.027698 0.976101 0.000000 0.000000 0.000000 0.000000 1.000000
0.974551 -0.148366 -0.168043 0.000000 0.139959 0.988284 -0.060881 5.120100 0.175107 0.035813 0.983898 -0.000000 0.000000 0.000000 0.000000 1.000000
0.985778 -0.120368 -0.117272 -0.000000 0.114572 0.991892 -0.054992 5.120100 0.122940 0.040773 0.991576 -0.000000 0.000000 0.000000 0.000000 1.000000
0.994540 -0.082023 -0.064513 -0.000000 0.078612 0.995456 -0.053744 5.120100 0.068628 0.048379 0.996469 0.000000 0.000000 0.000000 0.000000 1.000000
0.998840 -0.043506 -0.020614 0.000000 0.042130 0.997123 -0.063018 5.120100 0.023296 0.062076 0.997799 0.000000 0.000000 0.000000 0.000000 1.000000
0.999889 -0.012978 0.007329 0.000000 0.013565 0.996135 -0.086780 5.120100 -0.006174 0.086870 0.996201 0.000000 0.000000 0.000000 0.000000 1.000000
0.999517 -0.007296 0.030215 0.000000 0.010757 0.993189 -0.116013 5.120100 -0.029163 0.116282 0.992788 0.000000 0.000000 0.000000 0.000000 1.000000
0.998537 -0.016708 0.051426 0.000000 0.023845 0.989655 -0.141469 5.120100 -0.048530 0.142488 0.988606 -0.000000 0.000000 0.000000 0.000000 1.000000
0.996583 -0.029916 0.076991 0.000000 0.041627 0.986988 -0.155312 5.120100 -0.071342 0.157986 0.984861 -0.000000 0.000000 0.000000 0.000000 1.000000
0.994228 -0.039872 0.099607 0.000000 0.055951 0.984829 -0.164257 5.120100 -0.091547 0.168882 0.981376 0.000000 0.000000 0.000000 0.000000 1.000000
0.992619 -0.044221 0.112922 0.000000 0.063072 0.983551 -0.169259 5.120100 -0.103579 0.175132 0.979081 0.000000 0.000000 0.000000 0.000000 1.000000
0.992643 -0.041547 0.113725 0.000000 0.060706 0.983472 -0.170581 5.120100 -0.104758 0.176230 0.978759 0.000000 0.000000 0.000000 0.000000 1.000000
0.993688 -0.032607 0.107332 -0.000000 0.050380 0.984617 -0.167307 5.120100 -0.100225 0.171658 0.980045 0.000000 0.000000 0.000000 0.000000 1.000000
0.995092 -0.019562 0.097002 0.000000 0.034724 0.986960 -0.157178 5.120100 -0.092662 0.159775 0.982795 0.000000 0.000000 0.000000 0.000000 1.000000
0.996385 -0.005610 0.084769 0.000000 0.017403 0.990134 -0.139038 5.120100 -0.083153 0.140011 0.986652 0.000000 0.000000 0.000000 0.000000 1.000000
0.997572 0.007620 0.069218 0.000000 0.000422 0.993315 -0.115436 5.120100 -0.069634 0.115185 0.990900 0.000000 0.000000 0.000000 0.000000 1.000000
0.998628 0.015477 0.050030 0.000000 -0.010992 0.995998 -0.088697 5.120100 -0.051202 0.088026 0.994801 -0.000000 0.000000 0.000000 0.000000 1.000000
0.999423 0.017713 0.028971 0.000000 -0.015762 0.997679 -0.066251 5.120100 -0.030077 0.065756 0.997382 0.000000 0.000000 0.000000 0.000000 1.000000
0.999865 0.013514 0.009323 0.000000 -0.013007 0.998537 -0.052487 5.120100 -0.010018 0.052359 0.998578 0.000000 0.000000 0.000000 0.000000 1.000000
0.999930 0.011828 -0.000382 0.000000 -0.011831 0.998546 -0.052595 5.120100 -0.000241 0.052595 0.998616 -0.000000 0.000000 0.000000 0.000000 1.000000
0.999916 0.012684 0.002670 -0.000000 -0.012516 0.998383 -0.055446 5.120100 -0.003369 0.055408 0.998458 -0.000000 0.000000 0.000000 0.000000 1.000000
0.999820 0.014390 0.012354 0.000000 -0.013618 0.998078 -0.060454 5.120100 -0.013200 0.060274 0.998095 0.000000 0.000000 0.000000 0.000000 1.000000
0.999624 0.016612 0.021799 -0.000000 -0.015129 0.997671 -0.066509 5.120100 -0.022853 0.066154 0.997548 0.000000 0.000000 0.000000 0.000000 1.000000
0.999484 0.016810 0.027353 -0.000000 -0.014868 0.997457 -0.069706 5.120100 -0.028455 0.069263 0.997193 -0.000000 0.000000 0.000000 0.000000 1.000000
0.999483 0.014562 0.028677 0.000000 -0.012566 0.997566 -0.068593 5.120100 -0.029606 0.068197 0.997232 0.000000 0.000000 0.000000 0.000000 1.000000
0.999628 0.010722 0.025072 -0.000000 -0.009089 0.997887 -0.064341 5.120100 -0.025709 0.064089 0.997613 0.000000 0.000000 0.000000 0.000000 1.000000</float_array><technique_common><accessor source="#mixamorig_Spine2-Matrix-animation-output-transform-array" count="39" stride="16"><param type="float4x4"/></accessor></technique_common></source><source id="mixamorig_Spine2-Interpolations"><Name_array id="mixamorig_Spine2-Interpolations-array" count="39">
 LINEAR LINEAR LINEAR LINEAR LINEAR LINEAR LINEAR LINEAR LINEAR LINEAR LINEAR
LINEAR LINEAR LINEAR LINEAR LINEAR LINEAR LINEAR LINEAR LINEAR LINEAR LINEAR LINEAR
LINEAR LINEAR LINEAR LINEAR LINEAR LINEAR LINEAR LINEAR LINEAR LINEAR LINEAR LINEAR
LINEAR LINEAR LINEAR LINEAR</Name_array><technique_common><accessor source="#mixamorig_Spine2-Interpolations-array" count="39"><param type="name"/></accessor></technique_common></source><sampler id="mixamorig_Spine2-Matrix-animation-transform"><input semantic="INPUT" source="#mixamorig_Spine2-Matrix-animation-input"/><input semantic="OUTPUT" source="#mixamorig_Spine2-Matrix-animation-output-transform"/><input semantic="INTERPOLATION" source="#mixamorig_Spine2-Interpolations"/></sampler><channel source="#mixamorig_Spine2-Matrix-animation-transform" target="mixamorig_Spine2/matrix"/></animation>
    <animation id="mixamorig_Neck-anim" name="mixamorig_Neck"><source id="mixamorig_Neck-Matrix-animation-input"><float_array id="mixamorig_Neck-Matrix-animation-input-array" count="39">

0.000000 0.033333 0.066667 0.100000 0.133333 0.166667 0.200000 0.233333 0.266667 0.300000 0.333333 0.366667 0.400000 0.433333 0.466667 0.500000
0.533333 0.566667 0.600000 0.633333 0.666667 0.700000 0.733333 0.766667 0.800000 0.833333 0.866667 0.900000 0.933333 0.966667 1.000000 1.033333
1.066667 1.100000 1.133333 1.166667 1.200000 1.233333 1.266667</float_array><technique_common><accessor source="#mixamorig_Neck-Matrix-animation-input-array" count="39"><param name="TIME" type="float"/></accessor></technique_common></source><source id="mixamorig_Neck-Matrix-animation-output-transform"><float_array id="mixamorig_Neck-Matrix-animation-output-transform-array" count="624">

0.999013 -0.039858 0.019593 0.000000 0.038756 0.997804 0.053712 5.760100 -0.021691 -0.052899 0.998364 0.000000 0.000000 0.000000 0.000000 1.000000
0.999615 -0.015419 0.023087 0.000000 0.013932 0.997901 0.063249 5.760100 -0.024013 -0.062903 0.997731 0.000000 0.000000 0.000000 0.000000 1.000000
0.998921 0.006167 0.046026 0.000000 -0.010465 0.995543 0.093728 5.760100 -0.045243 -0.094109 0.994533 -0.000000 0.000000 0.000000 0.000000 1.000000
0.996271 0.015141 0.084941 0.000000 -0.026882 0.989950 0.138837 5.760100 -0.081985 -0.140603 0.986666 0.000000 0.000000 0.000000 0.000000 1.000000
0.992112 0.007859 0.125109 0.000000 -0.032232 0.980471 0.194002 5.760100 -0.121141 -0.196505 0.972991 0.000000 0.000000 0.000000 0.000000 1.000000
0.986529 -0.010548 0.163244 0.000000 -0.032539 0.965325 0.259016 5.760100 -0.160316 -0.260839 0.951978 0.000000 0.000000 0.000000 0.000000 1.000000
0.979118 -0.031487 0.200838 0.000000 -0.038036 0.942111 0.333136 5.760100 -0.199701 -0.333819 0.921241 0.000000 0.000000 0.000000 0.000000 1.000000
0.970050 -0.047997 0.238115 0.000000 -0.058542 0.905192 0.420952 5.760100 -0.235744 -0.422284 0.875272 -0.000000 0.000000 0.000000 0.000000 1.000000
0.959067 -0.043739 0.279780 0.000000 -0.100409 0.871280 0.480406 5.760100 -0.264780 -0.488834 0.831224 0.000000 0.000000 0.000000 0.000000 1.000000
0.947890 -0.003051 0.318583 0.000000 -0.156835 0.865936 0.474929 5.760100 -0.277321 -0.500145 0.820334 0.000000 0.000000 0.000000 0.000000 1.000000
0.935071 0.064442 0.348554 -0.000000 -0.214790 0.885248 0.412555 5.760100 -0.281971 -0.460634 0.841611 -0.000000 0.000000 0.000000 0.000000 1.000000
0.923273 0.130795 0.361193 0.000000 -0.249542 0.919055 0.305067 5.760100 -0.292055 -0.371793 0.881178 -0.000000 0.000000 0.000000 0.000000 1.000000
0.926253 0.161769 0.340421 -0.000000 -0.233921 0.954938 0.182687 5.760100 -0.295528 -0.248845 0.922355 0.000000 0.000000 0.000000 0.000000 1.000000
0.949756 0.130088 0.284678 -0.000000 -0.158481 0.984198 0.078988 5.760100 -0.269904 -0.120135 0.955364 0.000000 0.000000 0.000000 0.000000 1.000000
0.963411 0.120132 0.239600 0.000000 -0.126131 0.991965 0.009805 5.760100 -0.236497 -0.039667 0.970822 -0.000000 0.000000 0.000000 0.000000 1.000000
0.970826 0.133949 0.198881 0.000000 -0.128533 0.990900 -0.039957 5.760100 -0.202424 0.013228 0.979209 -0.000000 0.000000 0.000000 0.000000 1.000000
0.992819 0.050995 0.108217 0.000000 -0.046635 0.998010 -0.042445 5.760100 -0.110166 0.037094 0.993221 0.000000 0.000000 0.000000 0.000000 1.000000
0.999307 -0.037145 0.002418 -0.000000 0.037166 0.999263 -0.009562 5.760100 -0.002061 0.009646 0.999951 0.000000 0.000000 0.000000 0.000000 1.000000
0.987095 -0.090009 -0.132443 -0.000000 0.099160 0.992999 0.064188 5.760100 0.125739 -0.076493 0.989110 -0.000000 0.000000 0.000000 0.000000 1.000000
0.974390 -0.093728 -0.204400 -0.000000 0.132791 0.973408 0.186664 5.760100 0.181468 -0.209026 0.960925 -0.000000 0.000000 0.000000 0.000000 1.000000
0.969048 -0.041600 -0.243343 0.000000 0.120769 0.939585 0.320304 5.760100 0.215317 -0.339778 0.915527 0.000000 0.000000 0.000000 0.000000 1.000000
0.976090 0.018003 -0.216620 0.000000 0.071759 0.914004 0.399309 5.760100 0.205181 -0.405306 0.890858 0.000000 0.000000 0.000000 0.000000 1.000000
0.986579 0.031541 -0.160212 0.000000 0.038326 0.909028 0.414969 5.760100 0.158726 -0.415540 0.895619 0.000000 0.000000 0.000000 0.000000 1.000000
0.991170 0.003062 -0.132559 0.000000 0.051099 0.913691 0.403185 5.760100 0.122352 -0.406399 0.905467 0.000000 0.000000 0.000000 0.000000 1.000000
0.987812 -0.031002 -0.152534 0.000000 0.089605 0.914560 0.394399 5.760100 0.127275 -0.403259 0.906191 -0.000000 0.000000 0.000000 0.000000 1.000000
0.980634 -0.054269 -0.188178 -0.000000 0.120982 0.923450 0.364148 5.760100 0.154011 -0.379862 0.912132 0.000000 0.000000 0.000000 0.000000 1.000000
0.978309 -0.072873 -0.193912 -0.000000 0.126929 0.950651 0.283112 5.760100 0.163711 -0.301584 0.939279 0.000000 0.000000 0.000000 0.000000 1.000000
0.980303 -0.079504 -0.180792 0.000000 0.112474 0.977189 0.180140 5.760100 0.162346 -0.196926 0.966884 0.000000 0.000000 0.000000 0.000000 1.000000
0.982625 -0.080448 -0.167262 -0.000000 0.096620 0.991162 0.090903 5.760100 0.158471 -0.105484 0.981713 0.000000 0.000000 0.000000 0.000000 1.000000
0.985910 -0.084797 -0.144188 0.000000 0.090560 0.995315 0.033870 5.760100 0.140640 -0.046451 0.988970 0.000000 0.000000 0.000000 0.000000 1.000000
0.989094 -0.094419 -0.113043 -0.000000 0.096814 0.995176 0.015870 5.760100 0.111000 -0.026641 0.993463 0.000000 0.000000 0.000000 0.000000 1.000000
0.991253 -0.098623 -0.087694 0.000000 0.101658 0.994341 0.030838 5.760100 0.084157 -0.039484 0.995670 0.000000 0.000000 0.000000 0.000000 1.000000
0.992984 -0.096146 -0.068834 0.000000 0.101099 0.992230 0.072510 5.760100 0.061328 -0.078960 0.994990 0.000000 0.000000 0.000000 0.000000 1.000000
0.995440 -0.080393 -0.051334 0.000000 0.085238 0.991284 0.100452 5.760100 0.042811 -0.104370 0.993617 0.000000 0.000000 0.000000 0.000000 1.000000
0.997681 -0.059323 -0.033373 0.000000 0.062438 0.992852 0.101720 5.760100 0.027100 -0.103568 0.994253 0.000000 0.000000 0.000000 0.000000 1.000000
0.998773 -0.045739 -0.018984 0.000000 0.047203 0.995210 0.085604 5.760100 0.014978 -0.086395 0.996148 0.000000 0.000000 0.000000 0.000000 1.000000
0.999163 -0.040611 -0.004943 -0.000000 0.040848 0.996991 0.065887 5.760100 0.002253 -0.066034 0.997815 0.000000 0.000000 0.000000 0.000000 1.000000
0.999175 -0.039416 0.009737 0.000000 0.038866 0.997927 0.051297 5.760100 -0.011738 -0.050876 0.998636 -0.000000 0.000000 0.000000 0.000000 1.000000
0.999013 -0.039858 0.019593 0.000000 0.038756 0.997804 0.053712 5.760100 -0.021691 -0.052899 0.998364 -0.000000 0.000000 0.000000 0.000000 1.000000</float_array><technique_common><accessor source="#mixamorig_Neck-Matrix-animation-output-transform-array" count="39" stride="16"><param type="float4x4"/></accessor></technique_common></source><source id="mixamorig_Neck-Interpolations"><Name_array id="mixamorig_Neck-Interpolations-array" count="39">
 LINEAR LINEAR LINEAR LINEAR LINEAR LINEAR LINEAR LINEAR LINEAR LINEAR LINEAR
LINEAR LINEAR LINEAR LINEAR LINEAR LINEAR LINEAR LINEAR LINEAR LINEAR LINEAR LINEAR
LINEAR LINEAR LINEAR LINEAR LINEAR LINEAR LINEAR LINEAR LINEAR LINEAR LINEAR LINEAR
LINEAR LINEAR LINEAR LINEAR</Name_array><technique_common><accessor source="#mixamorig_Neck-Interpolations-array" count="39"><param type="name"/></accessor></technique_common></source><sampler id="mixamorig_Neck-Matrix-animation-transform"><input semantic="INPUT" source="#mixamorig_Neck-Matrix-animation-input"/><input semantic="OUTPUT" source="#mixamorig_Neck-Matrix-animation-output-transform"/><input semantic="INTERPOLATION" source="#mixamorig_Neck-Interpolations"/></sampler><channel source="#mixamorig_Neck-Matrix-animation-transform" target="mixamorig_Neck/matrix"/></animation>
    <animation id="mixamorig_Head-anim" name="mixamorig_Head"><source id="mixamorig_Head-Matrix-animation-input"><float_array id="mixamorig_Head-Matrix-animation-input-array" count="39">

0.000000 0.033333 0.066667 0.100000 0.133333 0.166667 0.200000 0.233333 0.266667 0.300000 0.333333 0.366667 0.400000 0.433333 0.466667 0.500000
0.533333 0.566667 0.600000 0.633333 0.666667 0.700000 0.733333 0.766667 0.800000 0.833333 0.866667 0.900000 0.933333 0.966667 1.000000 1.033333
