<?xml version="1.0" encoding="utf-8"?>
<COLLADA xmlns="http://www.collada.org/2005/11/COLLADASchema" version="1.4.1">
  <asset><contributor><author>Mixamo</author><authoring_tool>COLLADA Mixamo exporter</authoring_tool><comments></comments></contributor><created>2020-03-17T13:18:04Z</created><modified>2020-03-17T13:18:04Z</modified><revision></revision><title></title><unit meter="0.010000"/><up_axis>Y_UP</up_axis></asset>
  <library_animations>
    <animation id="mixamorig_Hips-anim" name="mixamorig_Hips"><source id="mixamorig_Hips-Matrix-animation-input"><float_array id="mixamorig_Hips-Matrix-animation-input-array" count="28">

0.000000 0.033333 0.066667 0.100000 0.133333 0.166667 0.200000 0.233333 0.266667 0.300000 0.333333 0.366667 0.400000 0.433333 0.466667 0.500000
0.533333 0.566667 0.600000 0.633333 0.666667 0.700000 0.733333 0.766667 0.800000 0.833333 0.866667 0.900000</float_array><technique_common><accessor source="#mixamorig_Hips-Matrix-animation-input-array" count="28"><param name="TIME" type="float"/></accessor></technique_common></source><source id="mixamorig_Hips-Matrix-animation-output-transform"><float_array id="mixamorig_Hips-Matrix-animation-output-transform-array" count="448">

-0.968941 -0.008333 0.247150 -0.008646 0.013029 0.996324 0.084672 16.167341 -0.246947 0.085263 -0.965271 -0.133476 0.000000 0.000000 0.000000 1.000000
-0.959715 -0.014716 0.280589 -0.034174 0.012181 0.995510 0.093873 15.702305 -0.280711 0.093509 -0.955226 0.009047 0.000000 0.000000 0.000000 1.000000
-0.948627 -0.019627 0.315788 -0.053251 0.012982 0.994819 0.100827 15.487472 -0.316131 0.099746 -0.943457 0.161695 0.000000 0.000000 0.000000 1.000000
-0.932235 -0.017161 0.361446 -0.049051 0.018447 0.995322 0.094833 16.278360 -0.361382 0.095074 -0.927558 0.382918 0.000000 0.000000 0.000000 1.000000
-0.896217 -0.022337 0.443053 -0.075676 0.012887 0.996999 0.076333 17.785751 -0.443428 0.074120 -0.893240 0.723874 0.000000 0.000000 0.000000 1.000000
-0.857600 -0.031845 0.513330 -0.098416 0.003928 0.997647 0.068453 19.347435 -0.514302 0.060722 -0.855457 0.999525 0.000000 0.000000 0.000000 1.000000
-0.823484 -0.043396 0.565678 -0.129872 -0.007720 0.997835 0.065312 20.738352 -0.567287 0.049417 -0.822036 1.167397 0.000000 0.000000 0.000000 1.000000
-0.802095 -0.043022 0.595645 -0.097842 -0.009019 0.998161 0.059951 21.931763 -0.597129 0.042714 -0.801007 1.249041 0.000000 0.000000 0.000000 1.000000
-0.794584 -0.046958 0.605335 -0.031229 -0.011815 0.998012 0.061911 22.533722 -0.607039 0.042041 -0.793559 1.115618 0.000000 0.000000 0.000000 1.000000
-0.803328 -0.053738 0.593107 0.071863 -0.009464 0.996947 0.077508 22.304131 -0.595461 0.056651 -0.801384 0.658510 0.000000 0.000000 0.000000 1.000000
-0.822673 -0.057596 0.565589 0.230643 -0.000683 0.994954 0.100325 21.749781 -0.568514 0.082148 -0.818562 0.062548 0.000000 0.000000 0.000000 1.000000
-0.844892 -0.062187 0.531309 0.361578 0.007903 0.991660 0.128636 21.121096 -0.534878 0.112883 -0.837355 -0.447311 0.000000 0.000000 0.000000 1.000000
-0.862995 -0.069215 0.500449 0.377926 0.013670 0.987009 0.160083 20.611048 -0.505028 0.144992 -0.850838 -0.724353 0.000000 0.000000 0.000000 1.000000
-0.870849 -0.084569 0.484221 0.335799 0.012950 0.980800 0.194587 20.248491 -0.491380 0.175726 -0.853033 -0.787001 0.000000 0.000000 0.000000 1.000000
-0.874952 -0.115229 0.470299 0.234386 0.001129 0.970784 0.239954 19.855736 -0.484208 0.210480 -0.849259 -0.780537 0.000000 0.000000 0.000000 1.000000
-0.879588 -0.142990 0.453739 0.101599 -0.011308 0.959776 0.280540 19.497410 -0.475602 0.241629 -0.845824 -0.658255 0.000000 0.000000 0.000000 1.000000
-0.894035 -0.152653 0.421188 -0.042413 -0.022594 0.954323 0.297921 19.073797 -0.447428 0.256836 -0.856647 -0.420616 0.000000 0.000000 0.000000 1.000000
-0.915787 -0.131381 0.379570 -0.130007 -0.027233 0.963127 0.267664 18.526093 -0.400740 0.234786 -0.885597 -0.009161 0.000000 0.000000 0.000000 1.000000
-0.931525 -0.101749 0.349154 -0.156775 -0.026419 0.976461 0.214071 17.993246 -0.362717 0.190188 -0.912286 0.461417 0.000000 0.000000 0.000000 1.000000
-0.935940 -0.088271 0.340918 -0.144137 -0.025406 0.982479 0.184635 17.403267 -0.351242 0.164145 -0.921784 0.616350 0.000000 0.000000 0.000000 1.000000
-0.933794 -0.080406 0.348660 -0.104177 -0.019331 0.984338 0.175229 16.265867 -0.357289 0.156888 -0.920723 0.472224 0.000000 0.000000 0.000000 1.000000
-0.933098 -0.078753 0.350895 -0.078622 -0.016944 0.984272 0.175846 15.623346 -0.359224 0.158136 -0.919756 0.285053 0.000000 0.000000 0.000000 1.000000
-0.938218 -0.075534 0.337700 -0.048140 -0.010839 0.981822 0.189494 15.282215 -0.345874 0.174126 -0.921982 0.085077 0.000000 0.000000 0.000000 1.000000
-0.947550 -0.066811 0.312548 -0.015372 -0.003312 0.979907 0.199425 15.133328 -0.319592 0.187930 -0.928732 -0.079512 0.000000 0.000000 0.000000 1.000000
-0.956469 -0.051618 0.287234 0.004543 0.001956 0.983078 0.183177 15.292641 -0.291829 0.175765 -0.940182 -0.117088 0.000000 0.000000 0.000000 1.000000
-0.961515 -0.036389 0.272331 0.006711 0.005983 0.988182 0.153166 15.639109 -0.274686 0.148901 -0.949935 -0.126227 0.000000 0.000000 0.000000 1.000000
-0.965264 -0.021728 0.260371 0.000814 0.009615 0.992907 0.118505 15.997916 -0.261100 0.116892 -0.958208 -0.127368 0.000000 0.000000 0.000000 1.000000
-0.968934 -0.008336 0.247181 -0.008596 0.013029 0.996324 0.084672 16.167339 -0.246978 0.085262 -0.965263 -0.133235 0.000000 0.000000 0.000000 1.000000</float_array><technique_common><accessor source="#mixamorig_Hips-Matrix-animation-output-transform-array" count="28" stride="16"><param type="float4x4"/></accessor></technique_common></source><source id="mixamorig_Hips-Interpolations"><Name_array id="mixamorig_Hips-Interpolations-array" count="28">
 LINEAR LINEAR LINEAR LINEAR LINEAR LINEAR LINEAR LINEAR LINEAR LINEAR LINEAR
LINEAR LINEAR LINEAR LINEAR LINEAR LINEAR LINEAR LINEAR LINEAR LINEAR LINEAR LINEAR
LINEAR LINEAR LINEAR LINEAR LINEAR</Name_array><technique_common><accessor source="#mixamorig_Hips-Interpolations-array" count="28"><param type="name"/></accessor></technique_common></source><sampler id="mixamorig_Hips-Matrix-animation-transform"><input semantic="INPUT" source="#mixamorig_Hips-Matrix-animation-input"/><input semantic="OUTPUT" source="#mixamorig_Hips-Matrix-animation-output-transform"/><input semantic="INTERPOLATION" source="#mixamorig_Hips-Interpolations"/></sampler><channel source="#mixamorig_Hips-Matrix-animation-transform" target="mixamorig_Hips/matrix"/></animation>
    <animation id="mixamorig_Spine-anim" name="mixamorig_Spine"><source id="mixamorig_Spine-Matrix-animation-input"><float_array id="mixamorig_Spine-Matrix-animation-input-array" count="28">

0.000000 0.033333 0.066667 0.100000 0.133333 0.166667 0.200000 0.233333 0.266667 0.300000 0.333333 0.366667 0.400000 0.433333 0.466667 0.500000
0.533333 0.566667 0.600000 0.633333 0.666667 0.700000 0.733333 0.766667 0.800000 0.833333 0.866667 0.900000</float_array><technique_common><accessor source="#mixamorig_Spine-Matrix-animation-input-array" count="28"><param name="TIME" type="float"/></accessor></technique_common></source><source id="mixamorig_Spine-Matrix-animation-output-transform"><float_array id="mixamorig_Spine-Matrix-animation-output-transform-array" count="448">

0.997180 0.009632 0.074423 0.000000 -0.017099 0.994804 0.100360 2.185200 -0.073069 -0.101349 0.992164 0.680800 0.000000 0.000000 0.000000 1.000000
0.994208 -0.007840 0.107183 0.000000 0.004309 0.999441 0.033138 2.185200 -0.107383 -0.032484 0.993687 0.680800 0.000000 0.000000 0.000000 1.000000
0.988927 -0.018849 0.147201 -0.000000 0.025366 0.998774 -0.042517 2.185200 -0.146219 0.045780 0.988192 0.680800 0.000000 0.000000 0.000000 1.000000
0.980917 -0.019029 0.193494 -0.000000 0.044473 0.990774 -0.128020 2.185200 -0.189273 0.134182 0.972713 0.680800 0.000000 0.000000 0.000000 1.000000
0.970263 -0.021589 0.241088 -0.000000 0.072667 0.976051 -0.205046 2.185200 -0.230888 0.216468 0.948595 0.680800 0.000000 0.000000 0.000000 1.000000
0.957944 -0.022110 0.286103 -0.000000 0.100500 0.959731 -0.262328 2.185200 -0.268782 0.280049 0.921590 0.680800 0.000000 0.000000 0.000000 1.000000
0.951217 -0.023729 0.307608 -0.000000 0.122105 0.944582 -0.304722 2.185200 -0.283330 0.327417 0.901400 0.680800 0.000000 0.000000 0.000000 1.000000
0.953080 -0.023778 0.301782 -0.000000 0.122579 0.941837 -0.312917 2.185200 -0.276789 0.335227 0.900561 0.680800 0.000000 0.000000 0.000000 1.000000
0.959120 -0.037002 0.280569 -0.000000 0.117379 0.954130 -0.275424 2.185200 -0.257508 0.297098 0.919469 0.680800 0.000000 0.000000 0.000000 1.000000
0.967438 -0.072137 0.242611 0.000000 0.119165 0.975460 -0.185144 2.185200 -0.223301 0.208026 0.952293 0.680800 0.000000 0.000000 0.000000 1.000000
0.976448 -0.103930 0.189069 -0.000000 0.115719 0.991899 -0.052393 2.185200 -0.182092 0.073038 0.980565 0.680800 0.000000 0.000000 0.000000 1.000000
0.984215 -0.120391 0.129720 -0.000000 0.109411 0.990031 0.088706 2.185200 -0.139106 -0.073113 0.987575 0.680800 0.000000 0.000000 0.000000 1.000000
0.989286 -0.118953 0.084642 0.000000 0.099404 0.973444 0.206216 2.185200 -0.106925 -0.195593 0.974839 0.680800 0.000000 0.000000 0.000000 1.000000
0.990272 -0.117726 0.074175 0.000000 0.092504 0.955216 0.281080 2.185200 -0.103944 -0.271484 0.956814 0.680800 0.000000 0.000000 0.000000 1.000000
0.985183 -0.142930 0.094797 0.000000 0.109691 0.949992 0.292373 2.185200 -0.131845 -0.277643 0.951594 0.680800 0.000000 0.000000 0.000000 1.000000
0.974723 -0.177737 0.135365 -0.000000 0.139286 0.957168 0.253828 2.185200 -0.174682 -0.228558 0.957730 0.680800 0.000000 0.000000 0.000000 1.000000
0.967306 -0.192896 0.164654 0.000000 0.161916 0.969410 0.184466 2.185200 -0.195200 -0.151775 0.968949 0.680800 0.000000 0.000000 0.000000 1.000000
0.970307 -0.178099 0.163664 0.000000 0.158914 0.979506 0.123753 2.185200 -0.182350 -0.094070 0.978723 0.680800 0.000000 0.000000 0.000000 1.000000
0.976785 -0.152124 0.150827 0.000000 0.139949 0.986209 0.088350 2.185200 -0.162187 -0.065191 0.984604 0.680800 0.000000 0.000000 0.000000 1.000000
0.976825 -0.140212 0.161720 -0.000000 0.130181 0.988938 0.071094 2.185200 -0.169899 -0.048394 0.984272 0.680800 0.000000 0.000000 0.000000 1.000000
0.974636 -0.131866 0.180818 -0.000000 0.122746 0.990575 0.060784 2.185200 -0.187129 -0.037048 0.981636 0.680800 0.000000 0.000000 0.000000 1.000000
0.974837 -0.124637 0.184820 -0.000000 0.115499 0.991527 0.059455 2.185200 -0.190664 -0.036612 0.980972 0.680800 0.000000 0.000000 0.000000 1.000000
0.981429 -0.105799 0.160013 0.000000 0.095285 0.992841 0.072029 2.185200 -0.166488 -0.055444 0.984483 0.680800 0.000000 0.000000 0.000000 1.000000
0.988965 -0.081455 0.123743 -0.000000 0.070225 0.993228 0.092556 2.185200 -0.130445 -0.082845 0.987988 0.680800 0.000000 0.000000 0.000000 1.000000
0.993115 -0.058041 0.101758 -0.000000 0.047552 0.993582 0.102634 2.185200 -0.107062 -0.097088 0.989501 0.680800 0.000000 0.000000 0.000000 1.000000
0.995287 -0.035000 0.090433 0.000000 0.025546 0.994284 0.103666 2.185200 -0.093545 -0.100867 0.990492 0.680800 0.000000 0.000000 0.000000 1.000000
0.996481 -0.012257 0.082912 0.000000 0.003809 0.994849 0.101293 2.185200 -0.083727 -0.100621 0.991396 0.680800 0.000000 0.000000 0.000000 1.000000
0.997180 0.009632 0.074423 0.000000 -0.017099 0.994804 0.100360 2.185200 -0.073069 -0.101350 0.992164 0.680800 0.000000 0.000000 0.000000 1.000000</float_array><technique_common><accessor source="#mixamorig_Spine-Matrix-animation-output-transform-array" count="28" stride="16"><param type="float4x4"/></accessor></technique_common></source><source id="mixamorig_Spine-Interpolations"><Name_array id="mixamorig_Spine-Interpolations-array" count="28">
 LINEAR LINEAR LINEAR LINEAR LINEAR LINEAR LINEAR LINEAR LINEAR LINEAR LINEAR
LINEAR LINEAR LINEAR LINEAR LINEAR LINEAR LINEAR LINEAR LINEAR LINEAR LINEAR LINEAR
LINEAR LINEAR LINEAR LINEAR LINEAR</Name_array><technique_common><accessor source="#mixamorig_Spine-Interpolations-array" count="28"><param type="name"/></accessor></technique_common></source><sampler id="mixamorig_Spine-Matrix-animation-transform"><input semantic="INPUT" source="#mixamorig_Spine-Matrix-animation-input"/><input semantic="OUTPUT" source="#mixamorig_Spine-Matrix-animation-output-transform"/><input semantic="INTERPOLATION" source="#mixamorig_Spine-Interpolations"/></sampler><channel source="#mixamorig_Spine-Matrix-animation-transform" target="mixamorig_Spine/matrix"/></animation>
    <animation id="mixamorig_Spine1-anim" name="mixamorig_Spine1"><source id="mixamorig_Spine1-Matrix-animation-input"><float_array id="mixamorig_Spine1-Matrix-animation-input-array" count="28">

0.000000 0.033333 0.066667 0.100000 0.133333 0.166667 0.200000 0.233333 0.266667 0.300000 0.333333 0.366667 0.400000 0.433333 0.466667 0.500000
0.533333 0.566667 0.600000 0.633333 0.666667 0.700000 0.733333 0.766667 0.800000 0.833333 0.866667 0.900000</float_array><technique_common><accessor source="#mixamorig_Spine1-Matrix-animation-input-array" count="28"><param name="TIME" type="float"/></accessor></technique_common></source><source id="mixamorig_Spine1-Matrix-animation-output-transform"><float_array id="mixamorig_Spine1-Matrix-animation-output-transform-array" count="448">

0.999658 -0.007570 0.025030 0.000000 0.005944 0.997904 0.064432 2.670200 -0.025465 -0.064261 0.997608 0.000000 0.000000 0.000000 0.000000 1.000000
0.999814 -0.001965 0.019204 0.000000 0.000345 0.996467 0.083990 2.670200 -0.019301 -0.083968 0.996282 -0.000000 0.000000 0.000000 0.000000 1.000000
0.999871 0.004400 0.015425 -0.000000 -0.006020 0.994278 0.106653 2.670200 -0.014868 -0.106732 0.994177 0.000000 0.000000 0.000000 0.000000 1.000000
0.999841 0.011651 0.013481 0.000000 -0.013335 0.991101 0.132443 2.670200 -0.011818 -0.132601 0.991099 -0.000000 0.000000 0.000000 0.000000 1.000000
0.999737 0.018486 0.013559 0.000000 -0.020407 0.987087 0.158880 2.670200 -0.010447 -0.159115 0.987205 0.000000 0.000000 0.000000 0.000000 1.000000
0.999577 0.022737 0.018131 0.000000 -0.025688 0.982595 0.183977 2.670200 -0.013633 -0.184365 0.982763 0.000000 0.000000 0.000000 0.000000 1.000000
0.999436 0.022397 0.025039 0.000000 -0.027053 0.978467 0.204623 2.670200 -0.019917 -0.205185 0.978521 0.000000 0.000000 0.000000 0.000000 1.000000
0.999334 0.019348 0.030946 0.000000 -0.025726 0.974880 0.221241 2.670200 -0.025888 -0.221890 0.974728 0.000000 0.000000 0.000000 0.000000 1.000000
0.999505 0.009922 0.029859 0.000000 -0.016830 0.970400 0.240917 2.670200 -0.026584 -0.241300 0.970086 0.000000 0.000000 0.000000 0.000000 1.000000
0.999450 -0.003515 0.032979 -0.000000 -0.005279 0.964832 0.262813 2.670200 -0.032743 -0.262842 0.964283 -0.000000 0.000000 0.000000 0.000000 1.000000
0.999412 -0.018030 0.029161 0.000000 0.009309 0.961311 0.275309 2.670200 -0.032996 -0.274876 0.960913 -0.000000 0.000000 0.000000 0.000000 1.000000
0.999307 -0.028679 0.023713 -0.000000 0.021260 0.962984 0.268720 2.670200 -0.030542 -0.268030 0.962926 -0.000000 0.000000 0.000000 0.000000 1.000000
0.999143 -0.037215 0.018109 0.000000 0.031557 0.968130 0.248452 2.670200 -0.026778 -0.247668 0.968475 0.000000 0.000000 0.000000 0.000000 1.000000
0.999096 -0.040792 0.011965 0.000000 0.037029 0.973329 0.226408 2.670200 -0.020882 -0.225760 0.973959 0.000000 0.000000 0.000000 0.000000 1.000000
0.999543 -0.029651 0.005812 0.000000 0.027865 0.978961 0.202137 2.670200 -0.011683 -0.201883 0.979340 0.000000 0.000000 0.000000 0.000000 1.000000
0.999958 -0.008477 -0.003417 0.000000 0.008941 0.984815 0.173378 2.670200 0.001896 -0.173402 0.984849 0.000000 0.000000 0.000000 0.000000 1.000000
0.999780 0.013510 -0.016065 0.000000 -0.011138 0.990154 0.139540 2.670200 0.017792 -0.139331 0.990086 -0.000000 0.000000 0.000000 0.000000 1.000000
0.998960 0.034930 -0.029291 0.000000 -0.032024 0.995018 0.094408 2.670200 0.032443 -0.093371 0.995103 0.000000 0.000000 0.000000 0.000000 1.000000
0.997914 0.050241 -0.040547 -0.000000 -0.048610 0.998006 0.040260 2.670200 0.042489 -0.038205 0.998366 -0.000000 0.000000 0.000000 0.000000 1.000000
0.997743 0.052194 -0.042243 0.000000 -0.051776 0.998599 0.010922 2.670200 0.042754 -0.008710 0.999048 0.000000 0.000000 0.000000 0.000000 1.000000
0.998031 0.048608 -0.039644 0.000000 -0.048955 0.998770 -0.007824 2.670200 0.039215 0.009749 0.999183 0.000000 0.000000 0.000000 0.000000 1.000000
0.998580 0.041775 -0.033069 0.000000 -0.042485 0.998875 -0.021086 2.670200 0.032151 0.022461 0.999231 -0.000000 0.000000 0.000000 0.000000 1.000000
0.999351 0.030078 -0.019803 0.000000 -0.030691 0.999036 -0.031401 2.670200 0.018840 0.031988 0.999311 -0.000000 0.000000 0.000000 0.000000 1.000000
0.999869 0.015866 -0.003344 0.000000 -0.015969 0.999312 -0.033478 2.670200 0.002811 0.033527 0.999434 0.000000 0.000000 0.000000 0.000000 1.000000
0.999949 0.006465 0.007703 0.000000 -0.006297 0.999747 -0.021577 2.670200 -0.007840 0.021528 0.999738 -0.000000 0.000000 0.000000 0.000000 1.000000
0.999895 0.000884 0.014483 0.000000 -0.000935 0.999993 0.003513 2.670200 -0.014480 -0.003526 0.999889 -0.000000 0.000000 0.000000 0.000000 1.000000
0.999803 -0.003188 0.019590 0.000000 0.002508 0.999397 0.034642 2.670200 -0.019689 -0.034586 0.999208 0.000000 0.000000 0.000000 0.000000 1.000000
0.999658 -0.007570 0.025030 0.000000 0.005944 0.997904 0.064432 2.670200 -0.025465 -0.064261 0.997608 -0.000000 0.000000 0.000000 0.000000 1.000000</float_array><technique_common><accessor source="#mixamorig_Spine1-Matrix-animation-output-transform-array" count="28" stride="16"><param type="float4x4"/></accessor></technique_common></source><source id="mixamorig_Spine1-Interpolations"><Name_array id="mixamorig_Spine1-Interpolations-array" count="28">
 LINEAR LINEAR LINEAR LINEAR LINEAR LINEAR LINEAR LINEAR LINEAR LINEAR LINEAR
LINEAR LINEAR LINEAR LINEAR LINEAR LINEAR LINEAR LINEAR LINEAR LINEAR LINEAR LINEAR
LINEAR LINEAR LINEAR LINEAR LINEAR</Name_array><technique_common><accessor source="#mixamorig_Spine1-Interpolations-array" count="28"><param type="name"/></accessor></technique_common></source><sampler id="mixamorig_Spine1-Matrix-animation-transform"><input semantic="INPUT" source="#mixamorig_Spine1-Matrix-animation-input"/><input semantic="OUTPUT" source="#mixamorig_Spine1-Matrix-animation-output-transform"/><input semantic="INTERPOLATION" source="#mixamorig_Spine1-Interpolations"/></sampler><channel source="#mixamorig_Spine1-Matrix-animation-transform" target="mixamorig_Spine1/matrix"/></animation>
    <animation id="mixamorig_Spine2-anim" name="mixamorig_Spine2"><source id="mixamorig_Spine2-Matrix-animation-input"><float_array id="mixamorig_Spine2-Matrix-animation-input-array" count="28">

0.000000 0.033333 0.066667 0.100000 0.133333 0.166667 0.200000 0.233333 0.266667 0.300000 0.333333 0.366667 0.400000 0.433333 0.466667 0.500000
0.533333 0.566667 0.600000 0.633333 0.666667 0.700000 0.733333 0.766667 0.800000 0.833333 0.866667 0.900000</float_array><technique_common><accessor source="#mixamorig_Spine2-Matrix-animation-input-array" count="28"><param name="TIME" type="float"/></accessor></technique_common></source><source id="mixamorig_Spine2-Matrix-animation-output-transform"><float_array id="mixamorig_Spine2-Matrix-animation-output-transform-array" count="448">

0.999628 -0.007272 0.026281 -0.000000 0.005569 0.997915 0.064301 3.051700 -0.026694 -0.064130 0.997584 0.000000 0.000000 0.000000 0.000000 1.000000
0.999792 -0.000765 0.020402 -0.000000 -0.000943 0.996500 0.083590 3.051700 -0.020395 -0.083592 0.996291 0.000000 0.000000 0.000000 0.000000 1.000000
0.999833 0.006368 0.017151 0.000000 -0.008151 0.994332 0.106006 3.051700 -0.016378 -0.106128 0.994218 0.000000 0.000000 0.000000 0.000000 1.000000
0.999763 0.014375 0.016333 0.000000 -0.016401 0.991173 0.131555 3.051700 -0.014298 -0.131792 0.991174 -0.000000 0.000000 0.000000 0.000000 1.000000
0.999618 0.021239 0.017675 -0.000000 -0.023764 0.987195 0.157741 3.051700 -0.014099 -0.158100 0.987322 0.000000 0.000000 0.000000 0.000000 1.000000
0.999453 0.023253 0.023515 -0.000000 -0.027162 0.982808 0.182623 3.051700 -0.018864 -0.183162 0.982902 0.000000 0.000000 0.000000 0.000000 1.000000
0.999328 0.019470 0.031042 0.000000 -0.025382 0.978806 0.203211 3.051700 -0.026427 -0.203863 0.978643 0.000000 0.000000 0.000000 0.000000 1.000000
0.999164 0.011851 0.039129 0.000000 -0.020177 0.975329 0.219834 3.051700 -0.035559 -0.220440 0.974752 0.000000 0.000000 0.000000 0.000000 1.000000
0.998869 -0.006251 0.047142 -0.000000 -0.005231 0.970862 0.239583 3.051700 -0.047266 -0.239559 0.969731 0.000000 0.000000 0.000000 0.000000 1.000000
0.998651 -0.022108 0.046976 0.000000 0.009010 0.964873 0.262561 3.051700 -0.051131 -0.261783 0.963771 0.000000 0.000000 0.000000 0.000000 1.000000
0.998351 -0.037133 0.043778 0.000000 0.023651 0.960945 0.275728 3.051700 -0.052307 -0.274238 0.960238 0.000000 0.000000 0.000000 0.000000 1.000000
0.998355 -0.042761 0.038199 0.000000 0.030912 0.962494 0.269537 3.051700 -0.048292 -0.267913 0.962232 0.000000 0.000000 0.000000 0.000000 1.000000
0.998613 -0.041730 0.032108 0.000000 0.032426 0.967860 0.249389 3.051700 -0.041483 -0.248002 0.967871 0.000000 0.000000 0.000000 0.000000 1.000000
0.999054 -0.034011 0.027092 0.000000 0.026983 0.973498 0.227096 3.051700 -0.034098 -0.226150 0.973495 0.000000 0.000000 0.000000 0.000000 1.000000
0.999448 -0.022083 0.024808 0.000000 0.016622 0.979245 0.201999 3.051700 -0.028754 -0.201475 0.979071 0.000000 0.000000 0.000000 0.000000 1.000000
0.999766 -0.003802 0.021316 0.000000 0.000081 0.985112 0.171915 3.051700 -0.021653 -0.171873 0.984881 0.000000 0.000000 0.000000 0.000000 1.000000
0.999696 0.018222 0.016595 0.000000 -0.020314 0.990486 0.136107 3.051700 -0.013957 -0.136403 0.990555 -0.000000 0.000000 0.000000 0.000000 1.000000
0.999116 0.040534 0.011123 0.000000 -0.041358 0.995256 0.088065 3.051700 -0.007500 -0.088447 0.996053 0.000000 0.000000 0.000000 0.000000 1.000000
0.998380 0.056516 0.006599 -0.000000 -0.056698 0.997883 0.031842 3.051700 -0.004786 -0.032165 0.999471 -0.000000 0.000000 0.000000 0.000000 1.000000
0.998322 0.057672 0.005214 0.000000 -0.057682 0.998333 0.001940 3.051700 -0.005094 -0.002238 0.999985 0.000000 0.000000 0.000000 0.000000 1.000000
0.998594 0.052743 0.005284 -0.000000 -0.052649 0.998475 -0.016637 3.051700 -0.006153 0.016335 0.999848 0.000000 0.000000 0.000000 0.000000 1.000000
0.998978 0.044680 0.006896 -0.000000 -0.044463 0.998594 -0.028853 3.051700 -0.008175 0.028517 0.999560 0.000000 0.000000 0.000000 0.000000 1.000000
0.999424 0.032060 0.011103 -0.000000 -0.031634 0.998827 -0.036653 3.051700 -0.012265 0.036281 0.999266 0.000000 0.000000 0.000000 0.000000 1.000000
0.999717 0.017074 0.016592 -0.000000 -0.016470 0.999221 -0.035865 3.051700 -0.017192 0.035582 0.999219 0.000000 0.000000 0.000000 0.000000 1.000000
0.999768 0.007180 0.020288 0.000000 -0.006723 0.999724 -0.022499 3.051700 -0.020444 0.022358 0.999541 0.000000 0.000000 0.000000 0.000000 1.000000
0.999744 0.001382 0.022603 0.000000 -0.001452 0.999994 0.003089 3.051700 -0.022598 -0.003121 0.999740 0.000000 0.000000 0.000000 0.000000 1.000000
0.999699 -0.002778 0.024389 0.000000 0.001940 0.999408 0.034345 3.051700 -0.024470 -0.034287 0.999112 0.000000 0.000000 0.000000 0.000000 1.000000
0.999628 -0.007272 0.026281 -0.000000 0.005569 0.997915 0.064301 3.051700 -0.026694 -0.064130 0.997584 -0.000000 0.000000 0.000000 0.000000 1.000000</float_array><technique_common><accessor source="#mixamorig_Spine2-Matrix-animation-output-transform-array" count="28" stride="16"><param type="float4x4"/></accessor></technique_common></source><source id="mixamorig_Spine2-Interpolations"><Name_array id="mixamorig_Spine2-Interpolations-array" count="28">
 LINEAR LINEAR LINEAR LINEAR LINEAR LINEAR LINEAR LINEAR LINEAR LINEAR LINEAR
LINEAR LINEAR LINEAR LINEAR LINEAR LINEAR LINEAR LINEAR LINEAR LINEAR LINEAR LINEAR
LINEAR LINEAR LINEAR LINEAR LINEAR</Name_array><technique_common><accessor source="#mixamorig_Spine2-Interpolations-array" count="28"><param type="name"/></accessor></technique_common></source><sampler id="mixamorig_Spine2-Matrix-animation-transform"><input semantic="INPUT" source="#mixamorig_Spine2-Matrix-animation-input"/><input semantic="OUTPUT" source="#mixamorig_Spine2-Matrix-animation-output-transform"/><input semantic="INTERPOLATION" source="#mixamorig_Spine2-Interpolations"/></sampler><channel source="#mixamorig_Spine2-Matrix-animation-transform" target="mixamorig_Spine2/matrix"/></animation>
    <animation id="mixamorig_Neck-anim" name="mixamorig_Neck"><source id="mixamorig_Neck-Matrix-animation-input"><float_array id="mixamorig_Neck-Matrix-animation-input-array" count="28">

0.000000 0.033333 0.066667 0.100000 0.133333 0.166667 0.200000 0.233333 0.266667 0.300000 0.333333 0.366667 0.400000 0.433333 0.466667 0.500000
0.533333 0.566667 0.600000 0.633333 0.666667 0.700000 0.733333 0.766667 0.800000 0.833333 0.866667 0.900000</float_array><technique_common><accessor source="#mixamorig_Neck-Matrix-animation-input-array" count="28"><param name="TIME" type="float"/></accessor></technique_common></source><source id="mixamorig_Neck-Matrix-animation-output-transform"><float_array id="mixamorig_Neck-Matrix-animation-output-transform-array" count="448">

0.999013 0.039858 0.019593 0.000000 -0.041309 0.995915 0.080293 3.433100 -0.016312 -0.081023 0.996579 0.000000 0.000000 0.000000 0.000000 1.000000
0.998891 0.040401 0.024185 0.000000 -0.042981 0.992091 0.117931 3.433100 -0.019230 -0.118840 0.992727 0.000000 0.000000 0.000000 0.000000 1.000000
0.998625 0.040842 0.032866 -0.000000 -0.045738 0.985145 0.165523 3.433100 -0.025617 -0.166798 0.985658 0.000000 0.000000 0.000000 0.000000 1.000000
0.998062 0.041968 0.045941 0.000000 -0.050307 0.978745 0.198816 3.433100 -0.036621 -0.200742 0.978959 0.000000 0.000000 0.000000 0.000000 1.000000
0.996994 0.044433 0.063479 0.000000 -0.056084 0.979095 0.195517 3.433100 -0.053465 -0.198489 0.978644 0.000000 0.000000 0.000000 0.000000 1.000000
0.995280 0.048032 0.084322 0.000000 -0.059934 0.987640 0.144830 3.433100 -0.076323 -0.149201 0.985857 0.000000 0.000000 0.000000 0.000000 1.000000
0.992999 0.051011 0.106540 -0.000000 -0.057224 0.996784 0.056102 3.433100 -0.103336 -0.061806 0.992724 -0.000000 0.000000 0.000000 0.000000 1.000000
0.990460 0.050316 0.128287 0.000000 -0.045004 0.998018 -0.043980 3.433100 -0.130246 0.037787 0.990761 -0.000000 0.000000 0.000000 0.000000 1.000000
0.987960 0.043119 0.148579 0.000000 -0.024340 0.991736 -0.125968 3.433100 -0.152783 0.120835 0.980845 0.000000 0.000000 0.000000 0.000000 1.000000
0.985443 0.028921 0.167530 0.000000 0.000722 0.984704 -0.174235 3.433100 -0.170007 0.171820 0.970348 0.000000 0.000000 0.000000 0.000000 1.000000
0.982516 0.010751 0.185866 -0.000000 0.025746 0.980894 -0.192833 3.433100 -0.184388 0.194246 0.963467 -0.000000 0.000000 0.000000 0.000000 1.000000
0.978959 -0.005831 0.203973 0.000000 0.047274 0.978878 -0.198906 3.433100 -0.198505 0.204364 0.958557 0.000000 0.000000 0.000000 0.000000 1.000000
0.975137 -0.015783 0.221040 0.000000 0.063313 0.975726 -0.209643 3.433100 -0.212366 0.218426 0.952466 0.000000 0.000000 0.000000 0.000000 1.000000
0.971868 -0.017851 0.234847 0.000000 0.073460 0.970357 -0.230240 3.433100 -0.223776 0.241015 0.944371 0.000000 0.000000 0.000000 0.000000 1.000000
0.970030 -0.015740 0.242475 0.000000 0.078171 0.965065 -0.250077 3.433100 -0.230067 0.261537 0.937373 0.000000 0.000000 0.000000 0.000000 1.000000
0.970228 -0.016128 0.241655 -0.000000 0.078166 0.965238 -0.249411 3.433100 -0.229232 0.260875 0.937762 0.000000 0.000000 0.000000 0.000000 1.000000
0.972412 -0.024590 0.231971 -0.000000 0.075112 0.974473 -0.211566 3.433100 -0.220847 0.223153 0.949436 0.000000 0.000000 0.000000 0.000000 1.000000
0.975687 -0.041990 0.215109 0.000000 0.071953 0.988445 -0.133416 3.433100 -0.207021 0.145650 0.967434 0.000000 0.000000 0.000000 0.000000 1.000000
0.978929 -0.063635 0.194031 0.000000 0.070696 0.997056 -0.029677 3.433100 -0.191572 0.042769 0.980546 -0.000000 0.000000 0.000000 0.000000 1.000000
0.982517 -0.076719 0.169629 -0.000000 0.065192 0.995234 0.072519 3.433100 -0.174384 -0.060193 0.982836 0.000000 0.000000 0.000000 0.000000 1.000000
0.987156 -0.072103 0.142566 0.000000 0.050827 0.987738 0.147613 3.433100 -0.151461 -0.138471 0.978716 -0.000000 0.000000 0.000000 0.000000 1.000000
0.992105 -0.051009 0.114565 0.000000 0.029341 0.982600 0.183401 3.433100 -0.121927 -0.178591 0.976340 0.000000 0.000000 0.000000 0.000000 1.000000
0.996029 -0.019381 0.086895 0.000000 0.003166 0.983113 0.182973 3.433100 -0.088974 -0.181972 0.979270 0.000000 0.000000 0.000000 0.000000 1.000000
0.998017 0.013529 0.061479 -0.000000 -0.023207 0.986919 0.159539 3.433100 -0.058516 -0.160649 0.985276 0.000000 0.000000 0.000000 0.000000 1.000000
0.998461 0.036641 0.041633 0.000000 -0.041730 0.990791 0.128811 3.433100 -0.036530 -0.130350 0.990795 0.000000 0.000000 0.000000 0.000000 1.000000
0.998651 0.042127 0.030347 -0.000000 -0.045033 0.993713 0.102499 3.433100 -0.025838 -0.103728 0.994270 0.000000 0.000000 0.000000 0.000000 1.000000
0.998927 0.039420 0.024296 0.000000 -0.041368 0.995459 0.085738 3.433100 -0.020806 -0.086651 0.996021 0.000000 0.000000 0.000000 0.000000 1.000000
0.999013 0.039858 0.019593 0.000000 -0.041309 0.995915 0.080293 3.433100 -0.016313 -0.081023 0.996579 -0.000000 0.000000 0.000000 0.000000 1.000000</float_array><technique_common><accessor source="#mixamorig_Neck-Matrix-animation-output-transform-array" count="28" stride="16"><param type="float4x4"/></accessor></technique_common></source><source id="mixamorig_Neck-Interpolations"><Name_array id="mixamorig_Neck-Interpolations-array" count="28">
 LINEAR LINEAR LINEAR LINEAR LINEAR LINEAR LINEAR LINEAR LINEAR LINEAR LINEAR
LINEAR LINEAR LINEAR LINEAR LINEAR LINEAR LINEAR LINEAR LINEAR LINEAR LINEAR LINEAR
LINEAR LINEAR LINEAR LINEAR LINEAR</Name_array><technique_common><accessor source="#mixamorig_Neck-Interpolations-array" count="28"><param type="name"/></accessor></technique_common></source><sampler id="mixamorig_Neck-Matrix-animation-transform"><input semantic="INPUT" source="#mixamorig_Neck-Matrix-animation-input"/><input semantic="OUTPUT" source="#mixamorig_Neck-Matrix-animation-output-transform"/><input semantic="INTERPOLATION" source="#mixamorig_Neck-Interpolations"/></sampler><channel source="#mixamorig_Neck-Matrix-animation-transform" target="mixamorig_Neck/matrix"/></animation>
    <animation id="mixamorig_Head-anim" name="mixamorig_Head"><source id="mixamorig_Head-Matrix-animation-input"><float_array id="mixamorig_Head-Matrix-animation-input-array" count="28">

0.000000 0.033333 0.066667 0.100000 0.133333 0.166667 0.200000 0.233333 0.266667 0.300000 0.333333 0.366667 0.400000 0.433333 0.466667 0.500000
0.533333 0.566667 0.600000 0.633333 0.666667 0.700000 0.733333 0.766667 0.800000 0.833333 0.866667 0.900000</float_array><technique_common><accessor source="#mixamorig_Head-Matrix-animation-input-array" count="28"><param name="TIME" type="float"/></accessor></technique_common></source><source id="mixamorig_Head-Matrix-animation-output-transform"><float_array id="mixamorig_Head-Matrix-animation-output-transform-array" count="448">

0.989033 -0.057017 0.136242 0.000000 0.088931 0.966406 -0.241145 2.021800 -0.117916 0.250617 0.960878 -0.255600 0.000000 0.000000 0.000000 1.000000
0.989373 -0.054133 0.134948 -0.000000 0.088841 0.959780 -0.266327 2.021800 -0.115103 0.275485 0.954389 -0.255600 0.000000 0.000000 0.000000 1.000000
0.990033 -0.049160 0.131975 0.000000 0.085552 0.954311 -0.286305 2.021800 -0.111870 0.294742 0.949006 -0.255600 0.000000 0.000000 0.000000 1.000000
0.990960 -0.046050 0.126005 -0.000000 0.078333 0.961118 -0.264794 2.021800 -0.108912 0.272271 0.956037 -0.255600 0.000000 0.000000 0.000000 1.000000
0.992014 -0.044423 0.118048 0.000000 0.067276 0.978030 -0.197309 2.021800 -0.106690 0.203675 0.973208 -0.255600 0.000000 0.000000 0.000000 1.000000
0.993039 -0.042870 0.109704 0.000000 0.053720 0.993741 -0.097940 2.021800 -0.104819 0.103152 0.989127 -0.255600 0.000000 0.000000 0.000000 1.000000
0.993948 -0.039644 0.102448 0.000000 0.039563 0.999213 0.002817 2.021800 -0.102479 0.001253 0.994734 -0.255600 0.000000 0.000000 0.000000 1.000000
0.994689 -0.032733 0.097578 -0.000000 0.026539 0.997590 0.064106 2.021800 -0.099442 -0.061176 0.993161 -0.255600 0.000000 0.000000 0.000000 1.000000
0.995199 -0.021667 0.095442 0.000000 0.015883 0.998014 0.060950 2.021800 -0.096573 -0.059142 0.993567 -0.255600 0.000000 0.000000 0.000000 1.000000
0.995405 -0.008386 0.095387 0.000000 0.008984 0.999943 -0.005841 2.021800 -0.095332 0.006671 0.995423 -0.255600 0.000000 0.000000 0.000000 1.000000
0.995394 0.003268 0.095816 0.000000 0.007899 0.993226 -0.115934 2.021800 -0.095546 0.116156 0.988625 -0.255600 0.000000 0.000000 0.000000 1.000000
0.995549 0.008434 0.093868 0.000000 0.013489 0.972982 -0.230487 2.021800 -0.093276 0.230728 0.968537 -0.255600 0.000000 0.000000 0.000000 1.000000
0.996242 0.004188 0.086517 -0.000000 0.023163 0.949575 -0.312683 2.021800 -0.083464 0.313511 0.945909 -0.255600 0.000000 0.000000 0.000000 1.000000
0.997343 -0.007943 0.072408 0.000000 0.032560 0.937814 -0.345606 2.021800 -0.065160 0.347046 0.935582 -0.255600 0.000000 0.000000 0.000000 1.000000
0.998339 -0.021938 0.053272 0.000000 0.038549 0.941546 -0.334672 2.021800 -0.042816 0.336169 0.940828 -0.255600 0.000000 0.000000 0.000000 1.000000
0.998976 -0.030247 0.033653 0.000000 0.038961 0.953198 -0.299827 2.021800 -0.023009 0.300831 0.953400 -0.255600 0.000000 0.000000 0.000000 1.000000
0.999429 -0.028097 0.018792 0.000000 0.032069 0.963873 -0.264425 2.021800 -0.010683 0.264877 0.964223 -0.255600 0.000000 0.000000 0.000000 1.000000
0.999794 -0.016312 0.012095 0.000000 0.018772 0.969581 -0.244050 2.021800 -0.007746 0.244227 0.969687 -0.255600 0.000000 0.000000 0.000000 1.000000
0.999903 -0.000783 0.013873 -0.000000 0.004099 0.970601 -0.240660 2.021800 -0.013277 0.240693 0.970510 -0.255600 0.000000 0.000000 0.000000 1.000000
0.999671 0.006347 0.024854 -0.000000 -0.000067 0.969543 -0.244921 2.021800 -0.025652 0.244839 0.969224 -0.255600 0.000000 0.000000 0.000000 1.000000
0.999051 -0.002044 0.043509 -0.000000 0.012635 0.969549 -0.244570 2.021800 -0.041684 0.244888 0.968655 -0.255600 0.000000 0.000000 0.000000 1.000000
0.997586 -0.022689 0.065631 0.000000 0.037406 0.971852 -0.232603 2.021800 -0.058506 0.234497 0.970355 -0.255600 0.000000 0.000000 0.000000 1.000000
0.994903 -0.048505 0.088404 0.000000 0.066292 0.975242 -0.210971 2.021800 -0.075982 0.215756 0.973487 -0.255600 0.000000 0.000000 0.000000 1.000000
0.991453 -0.070914 0.109509 0.000000 0.090794 0.977805 -0.188825 2.021800 -0.093688 0.197153 0.975886 -0.255600 0.000000 0.000000 0.000000 1.000000
0.988781 -0.081306 0.125301 0.000000 0.102938 0.978778 -0.177193 2.021800 -0.108235 0.188104 0.976167 -0.255600 0.000000 0.000000 0.000000 1.000000
0.988408 -0.074943 0.132031 -0.000000 0.098612 0.978153 -0.183008 2.021800 -0.115432 0.193906 0.974205 -0.255600 0.000000 0.000000 0.000000 1.000000
0.989002 -0.062597 0.134005 0.000000 0.089484 0.974632 -0.205144 2.021800 -0.117764 0.214879 0.969515 -0.255600 0.000000 0.000000 0.000000 1.000000
0.989033 -0.057017 0.136242 0.000000 0.088931 0.966406 -0.241145 2.021800 -0.117916 0.250617 0.960878 -0.255600 0.000000 0.000000 0.000000 1.000000</float_array><technique_common><accessor source="#mixamorig_Head-Matrix-animation-output-transform-array" count="28" stride="16"><param type="float4x4"/></accessor></technique_common></source><source id="mixamorig_Head-Interpolations"><Name_array id="mixamorig_Head-Interpolations-array" count="28">
 LINEAR LINEAR LINEAR LINEAR LINEAR LINEAR LINEAR LINEAR LINEAR LINEAR LINEAR
LINEAR LINEAR LINEAR LINEAR LINEAR LINEAR LINEAR LINEAR LINEAR LINEAR LINEAR LINEAR
LINEAR LINEAR LINEAR LINEAR LINEAR</Name_array><technique_common><accessor source="#mixamorig_Head-Interpolations-array" count="28"><param type="name"/></accessor></technique_common></source><sampler id="mixamorig_Head-Matrix-animation-transform"><input semantic="INPUT" source="#mixamorig_Head-Matrix-animation-input"/><input semantic="OUTPUT" source="#mixamorig_Head-Matrix-animation-output-transform"/><input semantic="INTERPOLATION" source="#mixamorig_Head-Interpolations"/></sampler><channel source="#mixamorig_Head-Matrix-animation-transform" target="mixamorig_Head/matrix"/></animation>
    <animation id="mixamorig_LeftShoulder-anim" name="mixamorig_LeftShoulder"><source id="mixamorig_LeftShoulder-Matrix-animation-input"><float_array id="mixamorig_LeftShoulder-Matrix-animation-input-array" count="28">

0.000000 0.033333 0.066667 0.100000 0.133333 0.166667 0.200000 0.233333 0.266667 0.300000 0.333333 0.366667 0.400000 0.433333 0.466667 0.500000
0.533333 0.566667 0.600000 0.633333 0.666667 0.700000 0.733333 0.766667 0.800000 0.833333 0.866667 0.900000</float_array><technique_common><accessor source="#mixamorig_LeftShoulder-Matrix-animation-input-array" count="28"><param name="TIME" type="float"/></accessor></technique_common></source><source id="mixamorig_LeftShoulder-Matrix-animation-output-transform"><float_array id="mixamorig_LeftShoulder-Matrix-animation-output-transform-array" count="448">

-0.397690 -0.916877 -0.034325 -2.620500 0.102181 -0.007080 -0.994741 2.835800 0.911812 -0.399106 0.096503 0.151200 0.000000 0.000000 0.000000 1.000000
-0.373371 -0.922139 -0.101263 -2.620500 0.127153 0.057256 -0.990229 2.835800 0.918927 -0.382599 0.095875 0.151200 0.000000 0.000000 0.000000 1.000000
-0.350001 -0.922884 -0.160577 -2.620500 0.145976 0.115591 -0.982512 2.835800 0.925305 -0.367321 0.094262 0.151200 0.000000 0.000000 0.000000 1.000000
-0.344244 -0.922502 -0.174603 -2.620500 0.149956 0.129559 -0.980167 2.835800 0.926828 -0.363599 0.093735 0.151200 0.000000 0.000000 0.000000 1.000000
-0.355596 -0.923048 -0.146743 -2.620500 0.141872 0.101878 -0.984629 2.835800 0.923809 -0.370949 0.094727 0.151200 0.000000 0.000000 0.000000 1.000000
-0.374104 -0.922052 -0.099330 -2.620500 0.126486 0.055376 -0.990421 2.835800 0.918720 -0.383085 0.095910 0.151200 0.000000 0.000000 0.000000 1.000000
-0.390658 -0.918930 -0.054345 -2.620500 0.110053 0.011990 -0.993853 2.835800 0.913934 -0.394238 0.096447 0.151200 0.000000 0.000000 0.000000 1.000000
-0.397690 -0.916877 -0.034325 -2.620500 0.102181 -0.007080 -0.994741 2.835800 0.911812 -0.399106 0.096503 0.151200 0.000000 0.000000 0.000000 1.000000
-0.397690 -0.916877 -0.034326 -2.620500 0.102181 -0.007079 -0.994741 2.835800 0.911812 -0.399106 0.096502 0.151200 0.000000 0.000000 0.000000 1.000000
-0.397690 -0.916877 -0.034326 -2.620500 0.102180 -0.007079 -0.994741 2.835800 0.911812 -0.399106 0.096502 0.151200 0.000000 0.000000 0.000000 1.000000
-0.397690 -0.916877 -0.034325 -2.620500 0.102181 -0.007080 -0.994741 2.835800 0.911812 -0.399106 0.096503 0.151200 0.000000 0.000000 0.000000 1.000000
-0.397691 -0.916877 -0.034325 -2.620500 0.102181 -0.007080 -0.994741 2.835800 0.911812 -0.399106 0.096503 0.151200 0.000000 0.000000 0.000000 1.000000
-0.397690 -0.916877 -0.034325 -2.620500 0.102180 -0.007080 -0.994741 2.835800 0.911812 -0.399106 0.096503 0.151200 0.000000 0.000000 0.000000 1.000000
-0.397690 -0.916877 -0.034324 -2.620500 0.102180 -0.007081 -0.994741 2.835800 0.911812 -0.399106 0.096503 0.151200 0.000000 0.000000 0.000000 1.000000
-0.397690 -0.916877 -0.034325 -2.620500 0.102180 -0.007080 -0.994741 2.835800 0.911812 -0.399106 0.096503 0.151200 0.000000 0.000000 0.000000 1.000000
-0.397690 -0.916877 -0.034325 -2.620500 0.102181 -0.007080 -0.994741 2.835800 0.911812 -0.399106 0.096503 0.151200 0.000000 0.000000 0.000000 1.000000
-0.396326 -0.917313 -0.038241 -2.620500 0.103618 -0.003305 -0.994612 2.835800 0.912244 -0.398153 0.096360 0.151200 0.000000 0.000000 0.000000 1.000000
-0.388148 -0.919560 -0.061244 -2.620500 0.111838 0.018964 -0.993545 2.835800 0.914786 -0.392492 0.095481 0.151200 0.000000 0.000000 0.000000 1.000000
