<?xml version="1.0" encoding="utf-8"?>
<COLLADA xmlns="http://www.collada.org/2005/11/COLLADASchema" version="1.4.1">
  <asset><contributor><author>Mixamo</author><authoring_tool>COLLADA Mixamo exporter</authoring_tool><comments></comments></contributor><created>2020-03-17T13:17:38Z</created><modified>2020-03-17T13:17:38Z</modified><revision></revision><title></title><unit meter="0.010000"/><up_axis>Y_UP</up_axis></asset>
  <library_animations>
    <animation id="mixamorig_Hips-anim" name="mixamorig_Hips"><source id="mixamorig_Hips-Matrix-animation-input"><float_array id="mixamorig_Hips-Matrix-animation-input-array" count="32">

0.000000 0.033333 0.066667 0.100000 0.133333 0.166667 0.200000 0.233333 0.266667 0.300000 0.333333 0.366667 0.400000 0.433333 0.466667 0.500000
0.533333 0.566667 0.600000 0.633333 0.666667 0.700000 0.733333 0.766667 0.800000 0.833333 0.866667 0.900000 0.933333 0.966667 1.000000 1.033333</float_array><technique_common><accessor source="#mixamorig_Hips-Matrix-animation-input-array" count="32"><param name="TIME" type="float"/></accessor></technique_common></source><source id="mixamorig_Hips-Matrix-animation-output-transform"><float_array id="mixamorig_Hips-Matrix-animation-output-transform-array" count="512">

-0.962654 -0.010403 0.270536 -0.005400 0.013029 0.996324 0.084672 16.167337 -0.270422 0.085035 -0.958979 -0.133647 0.000000 0.000000 0.000000 1.000000
-0.943442 -0.031862 0.330003 0.040702 -0.003024 0.996157 0.087532 16.212708 -0.331524 0.081584 -0.939913 -0.056026 0.000000 0.000000 0.000000 1.000000
-0.917040 -0.040421 0.396740 0.113029 -0.015436 0.997702 0.065970 16.130871 -0.398495 0.054372 -0.915557 0.067216 0.000000 0.000000 0.000000 1.000000
-0.887510 -0.040914 0.458968 0.258004 -0.027662 0.998985 0.035563 15.837427 -0.459957 0.018867 -0.887741 0.255875 0.000000 0.000000 0.000000 1.000000
-0.862888 -0.046361 0.503264 0.489908 -0.046067 0.998853 0.013030 15.440289 -0.503291 -0.011941 -0.864035 0.503958 0.000000 0.000000 0.000000 1.000000
-0.856779 -0.068386 0.511128 0.750289 -0.069743 0.997428 0.016544 15.109694 -0.510945 -0.021473 -0.859345 0.788079 0.000000 0.000000 0.000000 1.000000
-0.873844 -0.100452 0.475716 0.971739 -0.091080 0.994924 0.042784 14.984491 -0.477599 -0.005942 -0.878558 1.124256 0.000000 0.000000 0.000000 1.000000
-0.902524 -0.126284 0.411707 1.062725 -0.105889 0.991762 0.072081 15.121916 -0.417418 0.021459 -0.908461 1.520148 0.000000 0.000000 0.000000 1.000000
-0.927136 -0.134184 0.349876 1.030202 -0.110005 0.990011 0.088187 15.482536 -0.358215 0.043273 -0.932636 2.005867 0.000000 0.000000 0.000000 1.000000
-0.941929 -0.124312 0.311957 0.962507 -0.101506 0.990902 0.088376 15.951505 -0.320105 0.051579 -0.945977 2.589138 0.000000 0.000000 0.000000 1.000000
-0.948152 -0.099772 0.301749 0.915238 -0.081935 0.994089 0.071235 16.319498 -0.307073 0.042818 -0.950722 3.159270 0.000000 0.000000 0.000000 1.000000
-0.950492 -0.048878 0.306881 1.029925 -0.040654 0.998624 0.033137 16.156696 -0.308078 0.019020 -0.951171 3.702157 0.000000 0.000000 0.000000 1.000000
-0.956357 0.019156 0.291571 1.221152 0.012579 0.999623 -0.024416 15.480217 -0.291929 -0.019683 -0.956237 4.173480 0.000000 0.000000 0.000000 1.000000
-0.975573 0.071511 0.207711 1.273868 0.057793 0.995773 -0.071384 14.712646 -0.211938 -0.057636 -0.975582 4.538165 0.000000 0.000000 0.000000 1.000000
-0.996032 0.083227 0.031530 1.153887 0.080825 0.994194 -0.071033 14.172782 -0.037258 -0.068203 -0.996975 4.863780 0.000000 0.000000 0.000000 1.000000
-0.980809 0.057785 -0.186209 0.932655 0.064494 0.997462 -0.030171 13.885633 0.183993 -0.041601 -0.982047 5.182723 0.000000 0.000000 0.000000 1.000000
-0.933128 0.020562 -0.358956 0.740598 0.015879 0.999746 0.015990 13.736864 0.359194 0.009221 -0.933217 5.477928 0.000000 0.000000 0.000000 1.000000
-0.893078 -0.004148 -0.449884 0.671459 -0.031660 0.998058 0.053647 13.653666 0.448787 0.062154 -0.891474 5.726643 0.000000 0.000000 0.000000 1.000000
-0.873796 -0.012124 -0.486141 0.672235 -0.060132 0.994711 0.083273 13.565993 0.482560 0.101996 -0.869904 5.847760 0.000000 0.000000 0.000000 1.000000
-0.866018 -0.009957 -0.499915 0.659409 -0.067125 0.993067 0.096503 13.483326 0.495488 0.117130 -0.860681 5.780461 0.000000 0.000000 0.000000 1.000000
-0.869651 -0.007167 -0.493615 0.588814 -0.058880 0.994263 0.089298 13.465458 0.490143 0.106722 -0.865084 5.506014 0.000000 0.000000 0.000000 1.000000
-0.893291 -0.008678 -0.449395 0.433064 -0.045380 0.996446 0.070962 13.591724 0.447182 0.083783 -0.890510 5.154424 0.000000 0.000000 0.000000 1.000000
-0.928857 -0.012302 -0.370235 0.188455 -0.036345 0.997653 0.058034 13.903436 0.368652 0.067362 -0.927124 4.695276 0.000000 0.000000 0.000000 1.000000
-0.957669 -0.014933 -0.287483 -0.127841 -0.034591 0.997387 0.063423 14.400117 0.285785 0.070683 -0.955683 4.099931 0.000000 0.000000 0.000000 1.000000
-0.971734 -0.018819 -0.235328 -0.426516 -0.040158 0.995466 0.086220 14.992933 0.232638 0.093233 -0.968084 3.390020 0.000000 0.000000 0.000000 1.000000
-0.978316 -0.024934 -0.205611 -0.584992 -0.049077 0.992362 0.113174 15.425320 0.201219 0.120811 -0.972068 2.619423 0.000000 0.000000 0.000000 1.000000
-0.987479 -0.028396 -0.155177 -0.512871 -0.048492 0.990679 0.127297 15.574585 0.150116 0.133228 -0.979651 1.949120 0.000000 0.000000 0.000000 1.000000
-0.998018 -0.027947 -0.056383 -0.344802 -0.034663 0.991937 0.121899 15.636322 0.052522 0.123612 -0.990940 1.386194 0.000000 0.000000 0.000000 1.000000
-0.997223 -0.026827 0.069470 -0.190228 -0.019301 0.994092 0.106812 15.685239 -0.071925 0.105175 -0.991849 0.892092 0.000000 0.000000 0.000000 1.000000
-0.983902 -0.026264 0.176770 -0.102654 -0.009405 0.995381 0.095544 15.797230 -0.178463 0.092343 -0.979604 0.444396 0.000000 0.000000 0.000000 1.000000
-0.969620 -0.023141 0.243520 -0.058766 -0.001624 0.996102 0.088189 15.980732 -0.244612 0.085114 -0.965878 0.087399 0.000000 0.000000 0.000000 1.000000
-0.962654 -0.010403 0.270536 -0.005409 0.013029 0.996324 0.084672 16.167343 -0.270422 0.085035 -0.958979 -0.133639 0.000000 0.000000 0.000000 1.000000</float_array><technique_common><accessor source="#mixamorig_Hips-Matrix-animation-output-transform-array" count="32" stride="16"><param type="float4x4"/></accessor></technique_common></source><source id="mixamorig_Hips-Interpolations"><Name_array id="mixamorig_Hips-Interpolations-array" count="32">
 LINEAR LINEAR LINEAR LINEAR LINEAR LINEAR LINEAR LINEAR LINEAR LINEAR LINEAR
LINEAR LINEAR LINEAR LINEAR LINEAR LINEAR LINEAR LINEAR LINEAR LINEAR LINEAR LINEAR
LINEAR LINEAR LINEAR LINEAR LINEAR LINEAR LINEAR LINEAR LINEAR</Name_array><technique_common><accessor source="#mixamorig_Hips-Interpolations-array" count="32"><param type="name"/></accessor></technique_common></source><sampler id="mixamorig_Hips-Matrix-animation-transform"><input semantic="INPUT" source="#mixamorig_Hips-Matrix-animation-input"/><input semantic="OUTPUT" source="#mixamorig_Hips-Matrix-animation-output-transform"/><input semantic="INTERPOLATION" source="#mixamorig_Hips-Interpolations"/></sampler><channel source="#mixamorig_Hips-Matrix-animation-transform" target="mixamorig_Hips/matrix"/></animation>
    <animation id="mixamorig_Spine-anim" name="mixamorig_Spine"><source id="mixamorig_Spine-Matrix-animation-input"><float_array id="mixamorig_Spine-Matrix-animation-input-array" count="32">

0.000000 0.033333 0.066667 0.100000 0.133333 0.166667 0.200000 0.233333 0.266667 0.300000 0.333333 0.366667 0.400000 0.433333 0.466667 0.500000
0.533333 0.566667 0.600000 0.633333 0.666667 0.700000 0.733333 0.766667 0.800000 0.833333 0.866667 0.900000 0.933333 0.966667 1.000000 1.033333</float_array><technique_common><accessor source="#mixamorig_Spine-Matrix-animation-input-array" count="32"><param name="TIME" type="float"/></accessor></technique_common></source><source id="mixamorig_Spine-Matrix-animation-output-transform"><float_array id="mixamorig_Spine-Matrix-animation-output-transform-array" count="512">

0.997180 0.009632 0.074423 -0.000000 -0.017099 0.994804 0.100360 2.185200 -0.073069 -0.101349 0.992164 0.680800 0.000000 0.000000 0.000000 1.000000
0.992191 0.043408 0.116933 0.000000 -0.052686 0.995603 0.077457 2.185200 -0.113056 -0.083013 0.990115 0.680800 0.000000 0.000000 0.000000 1.000000
0.988244 0.079805 0.130401 0.000000 -0.088197 0.994301 0.059889 2.185200 -0.124878 -0.070686 0.989651 0.680800 0.000000 0.000000 0.000000 1.000000
0.987386 0.111093 0.112814 0.000000 -0.117913 0.991462 0.055677 2.185200 -0.105666 -0.068277 0.992055 0.680800 0.000000 0.000000 0.000000 1.000000
0.990018 0.125990 0.063171 -0.000000 -0.130206 0.989169 0.067762 2.185200 -0.053950 -0.075311 0.995700 0.680800 0.000000 0.000000 0.000000 1.000000
0.993409 0.113300 -0.017383 0.000000 -0.111387 0.989971 0.086897 2.185200 0.027054 -0.084388 0.996066 0.680800 0.000000 0.000000 0.000000 1.000000
0.989443 0.069650 -0.127091 0.000000 -0.056638 0.993039 0.103276 2.185200 0.133400 -0.094987 0.986500 0.680800 0.000000 0.000000 0.000000 1.000000
0.966388 -0.002617 -0.257076 -0.000000 0.032511 0.993165 0.112101 2.185200 0.255025 -0.116691 0.959867 0.680800 0.000000 0.000000 0.000000 1.000000
0.921834 -0.095348 -0.375674 -0.000000 0.142641 0.984700 0.100092 2.185200 0.360383 -0.145855 0.921331 0.680800 0.000000 0.000000 0.000000 1.000000
0.872740 -0.187105 -0.450907 0.000000 0.235533 0.970409 0.053205 2.185200 0.427609 -0.152638 0.890984 0.680800 0.000000 0.000000 0.000000 1.000000
0.852870 -0.257017 -0.454483 0.000000 0.279757 0.959905 -0.017856 2.185200 0.440849 -0.111916 0.890577 0.680800 0.000000 0.000000 0.000000 1.000000
0.879257 -0.280007 -0.385361 0.000000 0.275907 0.958834 -0.067177 2.185200 0.388307 -0.047258 0.920317 0.680800 0.000000 0.000000 0.000000 1.000000
0.933110 -0.243998 -0.264142 0.000000 0.231402 0.969702 -0.078299 2.185200 0.275244 0.011938 0.961300 0.680800 0.000000 0.000000 0.000000 1.000000
0.972527 -0.196495 -0.124828 0.000000 0.188981 0.979515 -0.069538 2.185200 0.135935 0.044038 0.989739 0.680800 0.000000 0.000000 0.000000 1.000000
0.986019 -0.166631 -0.000214 -0.000000 0.166313 0.984217 -0.060474 2.185200 0.010288 0.059593 0.998170 0.680800 0.000000 0.000000 0.000000 1.000000
0.978536 -0.170339 0.115979 0.000000 0.176158 0.983472 -0.041846 2.185200 -0.106934 0.061378 0.992370 0.680800 0.000000 0.000000 0.000000 1.000000
0.950188 -0.196667 0.241796 0.000000 0.198695 0.979927 0.016216 2.185200 -0.240132 0.032635 0.970192 0.680800 0.000000 0.000000 0.000000 1.000000
0.904075 -0.202467 0.376371 -0.000000 0.178787 0.979072 0.097227 2.185200 -0.388180 -0.020610 0.921353 0.680800 0.000000 0.000000 0.000000 1.000000
0.854456 -0.192598 0.482506 0.000000 0.127698 0.978112 0.164288 2.185200 -0.503586 -0.078762 0.860347 0.680800 0.000000 0.000000 0.000000 1.000000
0.829935 -0.169439 0.531506 0.000000 0.066489 0.976011 0.207322 2.185200 -0.553884 -0.136724 0.821291 0.680800 0.000000 0.000000 0.000000 1.000000
0.838704 -0.133530 0.527964 -0.000000 0.009546 0.972930 0.230904 2.185200 -0.544504 -0.188620 0.817274 0.680800 0.000000 0.000000 0.000000 1.000000
0.870251 -0.100416 0.482265 -0.000000 -0.021300 0.970417 0.240493 2.185200 -0.492147 -0.219562 0.842368 0.680800 0.000000 0.000000 0.000000 1.000000
0.907697 -0.093330 0.409115 -0.000000 -0.012574 0.968465 0.248831 2.185200 -0.419438 -0.231007 0.877900 0.680800 0.000000 0.000000 0.000000 1.000000
0.943783 -0.116658 0.309297 -0.000000 0.035168 0.965783 0.256955 2.185200 -0.328690 -0.231632 0.915593 0.680800 0.000000 0.000000 0.000000 1.000000
0.970469 -0.152057 0.187266 0.000000 0.100666 0.960767 0.258443 2.185200 -0.219217 -0.231959 0.947702 0.680800 0.000000 0.000000 0.000000 1.000000
0.983014 -0.167991 0.073911 0.000000 0.145076 0.957910 0.247714 2.185200 -0.112413 -0.232783 0.966010 0.680800 0.000000 0.000000 0.000000 1.000000
0.989325 -0.145406 0.009615 0.000000 0.139540 0.964300 0.225063 2.185200 -0.041997 -0.221318 0.974297 0.680800 0.000000 0.000000 0.000000 1.000000
0.994799 -0.101773 0.004185 0.000000 0.098910 0.975000 0.198979 2.185200 -0.024331 -0.197530 0.979995 0.680800 0.000000 0.000000 0.000000 1.000000
0.997457 -0.058496 0.040713 -0.000000 0.051099 0.985202 0.163601 2.185200 -0.049681 -0.161104 0.985686 0.680800 0.000000 0.000000 0.000000 1.000000
0.996665 -0.025343 0.077561 0.000000 0.015752 0.992424 0.121847 2.185200 -0.080062 -0.120219 0.989514 0.680800 0.000000 0.000000 0.000000 1.000000
0.995923 -0.005534 0.090033 -0.000000 -0.003189 0.995332 0.096459 2.185200 -0.090147 -0.096353 0.991257 0.680800 0.000000 0.000000 0.000000 1.000000
0.997180 0.009632 0.074423 0.000000 -0.017099 0.994804 0.100360 2.185200 -0.073069 -0.101350 0.992164 0.680800 0.000000 0.000000 0.000000 1.000000</float_array><technique_common><accessor source="#mixamorig_Spine-Matrix-animation-output-transform-array" count="32" stride="16"><param type="float4x4"/></accessor></technique_common></source><source id="mixamorig_Spine-Interpolations"><Name_array id="mixamorig_Spine-Interpolations-array" count="32">
 LINEAR LINEAR LINEAR LINEAR LINEAR LINEAR LINEAR LINEAR LINEAR LINEAR LINEAR
LINEAR LINEAR LINEAR LINEAR LINEAR LINEAR LINEAR LINEAR LINEAR LINEAR LINEAR LINEAR
LINEAR LINEAR LINEAR LINEAR LINEAR LINEAR LINEAR LINEAR LINEAR</Name_array><technique_common><accessor source="#mixamorig_Spine-Interpolations-array" count="32"><param type="name"/></accessor></technique_common></source><sampler id="mixamorig_Spine-Matrix-animation-transform"><input semantic="INPUT" source="#mixamorig_Spine-Matrix-animation-input"/><input semantic="OUTPUT" source="#mixamorig_Spine-Matrix-animation-output-transform"/><input semantic="INTERPOLATION" source="#mixamorig_Spine-Interpolations"/></sampler><channel source="#mixamorig_Spine-Matrix-animation-transform" target="mixamorig_Spine/matrix"/></animation>
    <animation id="mixamorig_Spine1-anim" name="mixamorig_Spine1"><source id="mixamorig_Spine1-Matrix-animation-input"><float_array id="mixamorig_Spine1-Matrix-animation-input-array" count="32">

0.000000 0.033333 0.066667 0.100000 0.133333 0.166667 0.200000 0.233333 0.266667 0.300000 0.333333 0.366667 0.400000 0.433333 0.466667 0.500000
0.533333 0.566667 0.600000 0.633333 0.666667 0.700000 0.733333 0.766667 0.800000 0.833333 0.866667 0.900000 0.933333 0.966667 1.000000 1.033333</float_array><technique_common><accessor source="#mixamorig_Spine1-Matrix-animation-input-array" count="32"><param name="TIME" type="float"/></accessor></technique_common></source><source id="mixamorig_Spine1-Matrix-animation-output-transform"><float_array id="mixamorig_Spine1-Matrix-animation-output-transform-array" count="512">

0.999658 -0.007570 0.025030 0.000000 0.005944 0.997904 0.064432 2.670200 -0.025465 -0.064261 0.997608 0.000000 0.000000 0.000000 0.000000 1.000000
0.999321 -0.008429 0.035868 0.000000 0.006154 0.997991 0.063060 2.670200 -0.036327 -0.062796 0.997365 -0.000000 0.000000 0.000000 0.000000 1.000000
0.999261 -0.001121 0.038434 0.000000 -0.001322 0.997981 0.063501 2.670200 -0.038427 -0.063505 0.997241 -0.000000 0.000000 0.000000 0.000000 1.000000
0.999517 0.007430 0.030166 0.000000 -0.009345 0.997916 0.063847 2.670200 -0.029628 -0.064098 0.997504 0.000000 0.000000 0.000000 0.000000 1.000000
0.999883 0.014870 0.003679 0.000000 -0.015075 0.997844 0.063881 2.670200 -0.002721 -0.063929 0.997951 0.000000 0.000000 0.000000 0.000000 1.000000
0.999010 0.023045 -0.038065 0.000000 -0.020773 0.998039 0.059040 2.670200 0.039351 -0.058191 0.997530 -0.000000 0.000000 0.000000 0.000000 1.000000
0.994978 0.036606 -0.093157 0.000000 -0.031922 0.998174 0.051285 2.670200 0.094864 -0.048054 0.994330 0.000000 0.000000 0.000000 0.000000 1.000000
0.985245 0.064149 -0.158670 0.000000 -0.057464 0.997270 0.046374 2.670200 0.161212 -0.036572 0.986242 0.000000 0.000000 0.000000 0.000000 1.000000
0.970013 0.102642 -0.220316 0.000000 -0.093678 0.994306 0.050787 2.670200 0.224274 -0.028625 0.974106 -0.000000 0.000000 0.000000 0.000000 1.000000
0.957650 0.133493 -0.255118 0.000000 -0.121695 0.990657 0.061556 2.670200 0.260952 -0.027902 0.964949 0.000000 0.000000 0.000000 0.000000 1.000000
0.958570 0.136067 -0.250257 0.000000 -0.122811 0.990103 0.067920 2.670200 0.257021 -0.034371 0.965794 0.000000 0.000000 0.000000 0.000000 1.000000
0.970036 0.116987 -0.212940 0.000000 -0.105144 0.992254 0.066156 2.670200 0.219030 -0.041785 0.974823 0.000000 0.000000 0.000000 0.000000 1.000000
0.983762 0.094182 -0.152780 -0.000000 -0.085632 0.994419 0.061624 2.670200 0.157731 -0.047541 0.986337 0.000000 0.000000 0.000000 0.000000 1.000000
0.994623 0.061961 -0.082987 0.000000 -0.057157 0.996616 0.059074 2.670200 0.086366 -0.054013 0.994798 0.000000 0.000000 0.000000 0.000000 1.000000
0.999388 0.025561 -0.023883 0.000000 -0.023832 0.997258 0.070058 2.670200 0.025608 -0.069446 0.997257 0.000000 0.000000 0.000000 0.000000 1.000000
0.999881 0.001565 0.015355 -0.000000 -0.003094 0.994979 0.100041 2.670200 -0.015122 -0.100076 0.994865 0.000000 0.000000 0.000000 0.000000 1.000000
0.999057 0.012064 0.041718 0.000000 -0.017550 0.990860 0.133745 2.670200 -0.039723 -0.134351 0.990137 0.000000 0.000000 0.000000 0.000000 1.000000
0.997058 0.032802 0.069276 0.000000 -0.043305 0.986805 0.156012 2.670200 -0.063245 -0.158553 0.985323 0.000000 0.000000 0.000000 0.000000 1.000000
0.994231 0.051886 0.093878 -0.000000 -0.067257 0.983351 0.168809 2.670200 -0.083557 -0.174149 0.981168 0.000000 0.000000 0.000000 0.000000 1.000000
0.992657 0.059265 0.105448 0.000000 -0.077183 0.981554 0.174912 2.670200 -0.093137 -0.181766 0.978921 0.000000 0.000000 0.000000 0.000000 1.000000
0.993177 0.053355 0.103693 0.000000 -0.070880 0.982287 0.173459 2.670200 -0.092601 -0.179625 0.979367 -0.000000 0.000000 0.000000 0.000000 1.000000
0.994783 0.038437 0.094492 0.000000 -0.053496 0.985274 0.162400 2.670200 -0.086859 -0.166608 0.982190 -0.000000 0.000000 0.000000 0.000000 1.000000
0.996432 0.020218 0.081944 -0.000000 -0.031640 0.989563 0.140585 2.670200 -0.078246 -0.142676 0.986672 0.000000 0.000000 0.000000 0.000000 1.000000
0.997903 0.001963 0.064700 0.000000 -0.009153 0.993776 0.111021 2.670200 -0.064079 -0.111380 0.991710 -0.000000 0.000000 0.000000 0.000000 1.000000
0.999086 -0.009722 0.041636 0.000000 0.006400 0.996838 0.079205 2.670200 -0.042274 -0.078866 0.995988 0.000000 0.000000 0.000000 0.000000 1.000000
0.999769 -0.013554 0.016690 0.000000 0.012581 0.998289 0.057102 2.670200 -0.017436 -0.056879 0.998229 0.000000 0.000000 0.000000 0.000000 1.000000
0.999877 -0.015573 0.001941 0.000000 0.015447 0.998456 0.053358 2.670200 -0.002769 -0.053321 0.998574 0.000000 0.000000 0.000000 0.000000 1.000000
0.999882 -0.014606 0.004739 -0.000000 0.014314 0.998290 0.056683 2.670200 -0.005559 -0.056608 0.998381 0.000000 0.000000 0.000000 0.000000 1.000000
0.999774 -0.013547 0.016382 -0.000000 0.012490 0.997938 0.062963 2.670200 -0.017201 -0.062744 0.997881 0.000000 0.000000 0.000000 0.000000 1.000000
0.999559 -0.013630 0.026397 -0.000000 0.011778 0.997542 0.069072 2.670200 -0.027273 -0.068731 0.997262 0.000000 0.000000 0.000000 0.000000 1.000000
0.999508 -0.011435 0.029210 -0.000000 0.009391 0.997560 0.069184 2.670200 -0.029929 -0.068876 0.997176 -0.000000 0.000000 0.000000 0.000000 1.000000
0.999658 -0.007570 0.025030 -0.000000 0.005944 0.997904 0.064432 2.670200 -0.025465 -0.064261 0.997608 0.000000 0.000000 0.000000 0.000000 1.000000</float_array><technique_common><accessor source="#mixamorig_Spine1-Matrix-animation-output-transform-array" count="32" stride="16"><param type="float4x4"/></accessor></technique_common></source><source id="mixamorig_Spine1-Interpolations"><Name_array id="mixamorig_Spine1-Interpolations-array" count="32">
 LINEAR LINEAR LINEAR LINEAR LINEAR LINEAR LINEAR LINEAR LINEAR LINEAR LINEAR
LINEAR LINEAR LINEAR LINEAR LINEAR LINEAR LINEAR LINEAR LINEAR LINEAR LINEAR LINEAR
LINEAR LINEAR LINEAR LINEAR LINEAR LINEAR LINEAR LINEAR LINEAR</Name_array><technique_common><accessor source="#mixamorig_Spine1-Interpolations-array" count="32"><param type="name"/></accessor></technique_common></source><sampler id="mixamorig_Spine1-Matrix-animation-transform"><input semantic="INPUT" source="#mixamorig_Spine1-Matrix-animation-input"/><input semantic="OUTPUT" source="#mixamorig_Spine1-Matrix-animation-output-transform"/><input semantic="INTERPOLATION" source="#mixamorig_Spine1-Interpolations"/></sampler><channel source="#mixamorig_Spine1-Matrix-animation-transform" target="mixamorig_Spine1/matrix"/></animation>
    <animation id="mixamorig_Spine2-anim" name="mixamorig_Spine2"><source id="mixamorig_Spine2-Matrix-animation-input"><float_array id="mixamorig_Spine2-Matrix-animation-input-array" count="32">

0.000000 0.033333 0.066667 0.100000 0.133333 0.166667 0.200000 0.233333 0.266667 0.300000 0.333333 0.366667 0.400000 0.433333 0.466667 0.500000
0.533333 0.566667 0.600000 0.633333 0.666667 0.700000 0.733333 0.766667 0.800000 0.833333 0.866667 0.900000 0.933333 0.966667 1.000000 1.033333</float_array><technique_common><accessor source="#mixamorig_Spine2-Matrix-animation-input-array" count="32"><param name="TIME" type="float"/></accessor></technique_common></source><source id="mixamorig_Spine2-Matrix-animation-output-transform"><float_array id="mixamorig_Spine2-Matrix-animation-output-transform-array" count="512">

0.999628 -0.007272 0.026281 0.000000 0.005569 0.997915 0.064300 3.051700 -0.026694 -0.064130 0.997584 -0.000000 0.000000 0.000000 0.000000 1.000000
0.999260 -0.009233 0.037345 0.000000 0.006853 0.997968 0.063344 3.051700 -0.037854 -0.063042 0.997293 -0.000000 0.000000 0.000000 0.000000 1.000000
0.999181 -0.002166 0.040395 -0.000000 -0.000432 0.997937 0.064202 3.051700 -0.040451 -0.064167 0.997119 0.000000 0.000000 0.000000 0.000000 1.000000
0.999447 0.007225 0.032461 0.000000 -0.009303 0.997887 0.064302 3.051700 -0.031927 -0.064569 0.997402 0.000000 0.000000 0.000000 0.000000 1.000000
0.999851 0.016256 0.005849 0.000000 -0.016590 0.997911 0.062440 3.051700 -0.004821 -0.062528 0.998032 0.000000 0.000000 0.000000 0.000000 1.000000
0.999009 0.025986 -0.036128 0.000000 -0.023979 0.998203 0.054913 3.051700 0.037490 -0.053992 0.997837 -0.000000 0.000000 0.000000 0.000000 1.000000
0.994884 0.042129 -0.091817 -0.000000 -0.038197 0.998294 0.044171 3.051700 0.093521 -0.040438 0.994796 0.000000 0.000000 0.000000 0.000000 1.000000
0.984636 0.074567 -0.157898 0.000000 -0.069530 0.996886 0.037198 3.051700 0.160180 -0.025647 0.986755 0.000000 0.000000 0.000000 0.000000 1.000000
0.968378 0.119178 -0.219181 -0.000000 -0.112542 0.992735 0.042563 3.051700 0.222661 -0.016550 0.974755 0.000000 0.000000 0.000000 0.000000 1.000000
0.955397 0.151950 -0.253235 0.000000 -0.142691 0.988257 0.054649 3.051700 0.258565 -0.016077 0.965860 0.000000 0.000000 0.000000 0.000000 1.000000
0.956380 0.154029 -0.248219 0.000000 -0.142951 0.987775 0.062168 3.051700 0.254760 -0.023973 0.966707 0.000000 0.000000 0.000000 0.000000 1.000000
0.968395 0.133952 -0.210399 0.000000 -0.123745 0.990437 0.061014 3.051700 0.216560 -0.033049 0.975710 0.000000 0.000000 0.000000 0.000000 1.000000
0.982669 0.110602 -0.148760 0.000000 -0.103231 0.993056 0.056412 3.051700 0.153967 -0.040077 0.987263 0.000000 0.000000 0.000000 0.000000 1.000000
0.994104 0.074735 -0.078562 0.000000 -0.070638 0.996056 0.053695 3.051700 0.082265 -0.047829 0.995462 0.000000 0.000000 0.000000 0.000000 1.000000
0.999159 0.035206 -0.021018 -0.000000 -0.033737 0.997212 0.066561 3.051700 0.023302 -0.065796 0.997561 0.000000 0.000000 0.000000 0.000000 1.000000
0.999824 0.010568 0.015493 0.000000 -0.012036 0.995123 0.097909 3.051700 -0.014383 -0.098078 0.995075 0.000000 0.000000 0.000000 0.000000 1.000000
0.998977 0.019196 0.040942 0.000000 -0.024440 0.990989 0.131698 3.051700 -0.038045 -0.132564 0.990444 0.000000 0.000000 0.000000 0.000000 1.000000
0.996942 0.037446 0.068590 0.000000 -0.047604 0.987073 0.153039 3.051700 -0.061973 -0.155836 0.985837 0.000000 0.000000 0.000000 0.000000 1.000000
0.994108 0.053350 0.094356 -0.000000 -0.068401 0.984043 0.164256 3.051700 -0.084088 -0.169742 0.981895 0.000000 0.000000 0.000000 0.000000 1.000000
0.992551 0.058405 0.106920 0.000000 -0.076069 0.982606 0.169409 3.051700 -0.095165 -0.176281 0.979729 -0.000000 0.000000 0.000000 0.000000 1.000000
0.993090 0.052268 0.105071 0.000000 -0.069641 0.983125 0.169161 3.051700 -0.094456 -0.175310 0.979972 0.000000 0.000000 0.000000 0.000000 1.000000
0.994732 0.036160 0.095923 0.000000 -0.051245 0.985820 0.159789 3.051700 -0.088785 -0.163862 0.982480 -0.000000 0.000000 0.000000 0.000000 1.000000
0.996346 0.017412 0.083613 -0.000000 -0.028981 0.989837 0.139219 3.051700 -0.080339 -0.141133 0.986725 -0.000000 0.000000 0.000000 0.000000 1.000000
0.997799 -0.000673 0.066310 -0.000000 -0.006633 0.993921 0.109898 3.051700 -0.065981 -0.110096 0.991729 0.000000 0.000000 0.000000 0.000000 1.000000
0.999004 -0.011616 0.043078 0.000000 0.008223 0.996910 0.078118 3.051700 -0.043853 -0.077686 0.996013 0.000000 0.000000 0.000000 0.000000 1.000000
0.999759 -0.012927 0.017747 0.000000 0.011914 0.998356 0.056071 3.051700 -0.018443 -0.055846 0.998269 0.000000 0.000000 0.000000 0.000000 1.000000
0.999928 -0.011857 0.002005 -0.000000 0.011735 0.998557 0.052397 3.051700 -0.002623 -0.052370 0.998624 0.000000 0.000000 0.000000 0.000000 1.000000
0.999912 -0.012230 0.005229 0.000000 0.011919 0.998367 0.055872 3.051700 -0.005903 -0.055805 0.998424 0.000000 0.000000 0.000000 0.000000 1.000000
0.999763 -0.012966 0.017482 -0.000000 0.011852 0.997980 0.062420 3.051700 -0.018256 -0.062198 0.997897 0.000000 0.000000 0.000000 0.000000 1.000000
0.999534 -0.013441 0.027420 0.000000 0.011529 0.997569 0.068729 3.051700 -0.028277 -0.068381 0.997258 0.000000 0.000000 0.000000 0.000000 1.000000
0.999476 -0.011203 0.030363 0.000000 0.009085 0.997574 0.069016 3.051700 -0.031062 -0.068704 0.997153 0.000000 0.000000 0.000000 0.000000 1.000000
0.999628 -0.007272 0.026281 -0.000000 0.005569 0.997915 0.064300 3.051700 -0.026694 -0.064130 0.997584 0.000000 0.000000 0.000000 0.000000 1.000000</float_array><technique_common><accessor source="#mixamorig_Spine2-Matrix-animation-output-transform-array" count="32" stride="16"><param type="float4x4"/></accessor></technique_common></source><source id="mixamorig_Spine2-Interpolations"><Name_array id="mixamorig_Spine2-Interpolations-array" count="32">
 LINEAR LINEAR LINEAR LINEAR LINEAR LINEAR LINEAR LINEAR LINEAR LINEAR LINEAR
LINEAR LINEAR LINEAR LINEAR LINEAR LINEAR LINEAR LINEAR LINEAR LINEAR LINEAR LINEAR
LINEAR LINEAR LINEAR LINEAR LINEAR LINEAR LINEAR LINEAR LINEAR</Name_array><technique_common><accessor source="#mixamorig_Spine2-Interpolations-array" count="32"><param type="name"/></accessor></technique_common></source><sampler id="mixamorig_Spine2-Matrix-animation-transform"><input semantic="INPUT" source="#mixamorig_Spine2-Matrix-animation-input"/><input semantic="OUTPUT" source="#mixamorig_Spine2-Matrix-animation-output-transform"/><input semantic="INTERPOLATION" source="#mixamorig_Spine2-Interpolations"/></sampler><channel source="#mixamorig_Spine2-Matrix-animation-transform" target="mixamorig_Spine2/matrix"/></animation>
    <animation id="mixamorig_Neck-anim" name="mixamorig_Neck"><source id="mixamorig_Neck-Matrix-animation-input"><float_array id="mixamorig_Neck-Matrix-animation-input-array" count="32">

0.000000 0.033333 0.066667 0.100000 0.133333 0.166667 0.200000 0.233333 0.266667 0.300000 0.333333 0.366667 0.400000 0.433333 0.466667 0.500000
0.533333 0.566667 0.600000 0.633333 0.666667 0.700000 0.733333 0.766667 0.800000 0.833333 0.866667 0.900000 0.933333 0.966667 1.000000 1.033333</float_array><technique_common><accessor source="#mixamorig_Neck-Matrix-animation-input-array" count="32"><param name="TIME" type="float"/></accessor></technique_common></source><source id="mixamorig_Neck-Matrix-animation-output-transform"><float_array id="mixamorig_Neck-Matrix-animation-output-transform-array" count="512">

0.999013 0.039858 0.019593 -0.000000 -0.041309 0.995915 0.080293 3.433100 -0.016312 -0.081023 0.996579 -0.000000 0.000000 0.000000 0.000000 1.000000
0.999587 0.009944 0.026958 -0.000000 -0.011677 0.997823 0.064906 3.433100 -0.026254 -0.065194 0.997527 0.000000 0.000000 0.000000 0.000000 1.000000
0.997988 -0.012258 0.062201 0.000000 0.010998 0.999728 0.020557 3.433100 -0.062436 -0.019832 0.997852 0.000000 0.000000 0.000000 0.000000 1.000000
0.993644 -0.011584 0.111974 -0.000000 0.016500 0.998936 -0.043074 3.433100 -0.111356 0.044648 0.992777 -0.000000 0.000000 0.000000 0.000000 1.000000
0.987130 0.008571 0.159691 -0.000000 0.011226 0.992385 -0.122661 3.433100 -0.159526 0.122875 0.979517 0.000000 0.000000 0.000000 0.000000 1.000000
0.978042 0.033660 0.205673 0.000000 0.012349 0.975777 -0.218418 3.433100 -0.208043 0.216162 0.953935 -0.000000 0.000000 0.000000 0.000000 1.000000
0.966451 0.049678 0.252000 0.000000 0.037534 0.943270 -0.329899 3.433100 -0.254093 0.328290 0.909760 0.000000 0.000000 0.000000 0.000000 1.000000
0.952611 0.023773 0.303261 0.000000 0.094481 0.924511 -0.369260 3.433100 -0.289146 0.380414 0.878453 0.000000 0.000000 0.000000 0.000000 1.000000
0.937683 -0.050784 0.343761 0.000000 0.164848 0.935871 -0.311401 3.433100 -0.305901 0.348663 0.885922 0.000000 0.000000 0.000000 0.000000 1.000000
0.923224 -0.132196 0.360806 0.000000 0.208164 0.961307 -0.180432 3.433100 -0.322993 0.241686 0.915021 0.000000 0.000000 0.000000 0.000000 1.000000
0.931311 -0.158992 0.327692 0.000000 0.177656 0.983705 -0.027623 3.433100 -0.317960 0.083942 0.944381 0.000000 0.000000 0.000000 0.000000 1.000000
0.959446 -0.113642 0.257971 0.000000 0.094165 0.991776 0.086683 3.433100 -0.265700 -0.058876 0.962256 0.000000 0.000000 0.000000 0.000000 1.000000
0.967805 -0.134820 0.212549 0.000000 0.102291 0.982244 0.157270 3.433100 -0.229978 -0.130464 0.964411 -0.000000 0.000000 0.000000 0.000000 1.000000
0.991747 -0.057487 0.114599 0.000000 0.036759 0.983810 0.175403 3.433100 -0.122827 -0.169743 0.977804 -0.000000 0.000000 0.000000 0.000000 1.000000
0.998617 0.046928 -0.023689 -0.000000 -0.043376 0.990164 0.133018 3.433100 0.029698 -0.131807 0.990830 0.000000 0.000000 0.000000 0.000000 1.000000
0.981312 0.097413 -0.165946 -0.000000 -0.094624 0.995208 0.024649 3.433100 0.167552 -0.008486 0.985827 0.000000 0.000000 0.000000 0.000000 1.000000
0.971435 0.065348 -0.228130 0.000000 -0.099843 0.984660 -0.143098 3.433100 0.215280 0.161788 0.963057 0.000000 0.000000 0.000000 0.000000 1.000000
0.975046 -0.009123 -0.221816 0.000000 -0.051648 0.962419 -0.266613 3.433100 0.215912 0.271416 0.937931 0.000000 0.000000 0.000000 0.000000 1.000000
0.987008 -0.030124 -0.157823 0.000000 -0.017291 0.956647 -0.290736 3.433100 0.159739 0.289688 0.943697 -0.000000 0.000000 0.000000 0.000000 1.000000
0.990544 0.007854 -0.136971 -0.000000 -0.045599 0.960451 -0.274689 3.433100 0.129396 0.278337 0.951727 0.000000 0.000000 0.000000 0.000000 1.000000
0.983844 0.042718 -0.173855 0.000000 -0.087948 0.961181 -0.261525 3.433100 0.155935 0.272591 0.949410 0.000000 0.000000 0.000000 0.000000 1.000000
0.978493 0.068718 -0.194497 0.000000 -0.104338 0.978248 -0.179291 3.433100 0.177946 0.195728 0.964378 0.000000 0.000000 0.000000 0.000000 1.000000
0.980227 0.079381 -0.181255 0.000000 -0.090268 0.994527 -0.052615 3.433100 0.176087 0.067936 0.982028 0.000000 0.000000 0.000000 0.000000 1.000000
0.983170 0.081115 -0.163700 0.000000 -0.073116 0.995843 0.054317 3.433100 0.167425 -0.041434 0.985014 0.000000 0.000000 0.000000 0.000000 1.000000
0.987253 0.088864 -0.132043 -0.000000 -0.074370 0.991043 0.110922 3.433100 0.140717 -0.099688 0.985018 0.000000 0.000000 0.000000 0.000000 1.000000
0.990562 0.097525 -0.096315 -0.000000 -0.086678 0.990031 0.111023 3.433100 0.106182 -0.101627 0.989140 0.000000 0.000000 0.000000 0.000000 1.000000
0.992732 0.096900 -0.071372 0.000000 -0.092181 0.993507 0.066689 3.433100 0.077370 -0.059626 0.995218 0.000000 0.000000 0.000000 0.000000 1.000000
0.995699 0.078271 -0.049575 0.000000 -0.076710 0.996519 0.032634 3.433100 0.051957 -0.028690 0.998237 0.000000 0.000000 0.000000 0.000000 1.000000
0.998125 0.054222 -0.028388 0.000000 -0.053167 0.997912 0.036674 3.433100 0.030317 -0.035096 0.998924 -0.000000 0.000000 0.000000 0.000000 1.000000
0.999047 0.042106 -0.011535 0.000000 -0.041349 0.997374 0.059451 3.433100 0.014008 -0.058917 0.998165 -0.000000 0.000000 0.000000 0.000000 1.000000
0.999196 0.039563 0.006461 -0.000000 -0.039953 0.996006 0.079852 3.433100 -0.003276 -0.080046 0.996786 -0.000000 0.000000 0.000000 0.000000 1.000000
0.999013 0.039858 0.019593 0.000000 -0.041309 0.995915 0.080293 3.433100 -0.016312 -0.081023 0.996579 0.000000 0.000000 0.000000 0.000000 1.000000</float_array><technique_common><accessor source="#mixamorig_Neck-Matrix-animation-output-transform-array" count="32" stride="16"><param type="float4x4"/></accessor></technique_common></source><source id="mixamorig_Neck-Interpolations"><Name_array id="mixamorig_Neck-Interpolations-array" count="32">
 LINEAR LINEAR LINEAR LINEAR LINEAR LINEAR LINEAR LINEAR LINEAR LINEAR LINEAR
LINEAR LINEAR LINEAR LINEAR LINEAR LINEAR LINEAR LINEAR LINEAR LINEAR LINEAR LINEAR
LINEAR LINEAR LINEAR LINEAR LINEAR LINEAR LINEAR LINEAR LINEAR</Name_array><technique_common><accessor source="#mixamorig_Neck-Interpolations-array" count="32"><param type="name"/></accessor></technique_common></source><sampler id="mixamorig_Neck-Matrix-animation-transform"><input semantic="INPUT" source="#mixamorig_Neck-Matrix-animation-input"/><input semantic="OUTPUT" source="#mixamorig_Neck-Matrix-animation-output-transform"/><input semantic="INTERPOLATION" source="#mixamorig_Neck-Interpolations"/></sampler><channel source="#mixamorig_Neck-Matrix-animation-transform" target="mixamorig_Neck/matrix"/></animation>
    <animation id="mixamorig_Head-anim" name="mixamorig_Head"><source id="mixamorig_Head-Matrix-animation-input"><float_array id="mixamorig_Head-Matrix-animation-input-array" count="32">

0.000000 0.033333 0.066667 0.100000 0.133333 0.166667 0.200000 0.233333 0.266667 0.300000 0.333333 0.366667 0.400000 0.433333 0.466667 0.500000
0.533333 0.566667 0.600000 0.633333 0.666667 0.700000 0.733333 0.766667 0.800000 0.833333 0.866667 0.900000 0.933333 0.966667 1.000000 1.033333</float_array><technique_common><accessor source="#mixamorig_Head-Matrix-animation-input-array" count="32"><param name="TIME" type="float"/></accessor></technique_common></source><source id="mixamorig_Head-Matrix-animation-output-transform"><float_array id="mixamorig_Head-Matrix-animation-output-transform-array" count="512">

0.989033 -0.057017 0.136242 0.000000 0.088931 0.966406 -0.241146 2.021800 -0.117916 0.250617 0.960878 -0.255600 0.000000 0.000000 0.000000 1.000000
0.988180 -0.099606 0.116528 0.000000 0.120149 0.975331 -0.185187 2.021800 -0.095207 0.196999 0.975770 -0.255600 0.000000 0.000000 0.000000 1.000000
0.981470 -0.160608 0.104505 0.000000 0.168049 0.983517 -0.066740 2.021800 -0.092063 0.083065 0.992282 -0.255600 0.000000 0.000000 0.000000 1.000000
0.971805 -0.210111 0.106995 0.000000 0.205264 0.977184 0.054580 2.021800 -0.116022 -0.031079 0.992760 -0.255600 0.000000 0.000000 0.000000 1.000000
0.966267 -0.226259 0.123025 0.000000 0.207271 0.966720 0.149970 2.021800 -0.152863 -0.119411 0.981007 -0.255600 0.000000 0.000000 0.000000 1.000000
0.970142 -0.203237 0.132362 -0.000000 0.169222 0.958150 0.230894 2.021800 -0.173749 -0.201601 0.963934 -0.255600 0.000000 0.000000 0.000000 1.000000
0.979145 -0.155570 0.130664 0.000000 0.105772 0.939462 0.325920 2.021800 -0.173457 -0.305302 0.936324 -0.255600 0.000000 0.000000 0.000000 1.000000
0.980617 -0.109883 0.162223 0.000000 0.044403 0.931029 0.362233 2.021800 -0.190837 -0.348009 0.917862 -0.255600 0.000000 0.000000 0.000000 1.000000
0.971377 -0.066222 0.228125 0.000000 -0.009390 0.948900 0.315438 2.021800 -0.237357 -0.308551 0.921118 -0.255600 0.000000 0.000000 0.000000 1.000000
0.959063 -0.026711 0.281932 0.000000 -0.036675 0.975443 0.217177 2.021800 -0.280809 -0.218626 0.934531 -0.255600 0.000000 0.000000 0.000000 1.000000
0.944778 -0.014568 0.327386 0.000000 -0.025088 0.992864 0.116579 2.021800 -0.326748 -0.118355 0.937671 -0.255600 0.000000 0.000000 0.000000 1.000000
0.927667 -0.024477 0.372606 0.000000 0.003974 0.998440 0.055694 2.021800 -0.373388 -0.050185 0.926317 -0.255600 0.000000 0.000000 0.000000 1.000000
0.939321 0.037075 0.341030 0.000000 -0.039983 0.999199 0.001499 2.021800 -0.340702 -0.015044 0.940051 -0.255600 0.000000 0.000000 0.000000 1.000000
0.969146 0.008065 0.246356 -0.000000 -0.007802 0.999967 -0.002044 2.021800 -0.246365 0.000059 0.969177 -0.255600 0.000000 0.000000 0.000000 1.000000
0.992664 -0.070793 0.098011 -0.000000 0.067774 0.997128 0.033796 2.021800 -0.100122 -0.026906 0.994611 -0.255600 0.000000 0.000000 0.000000 1.000000
0.987900 -0.136251 -0.074087 0.000000 0.143445 0.984337 0.102489 2.021800 0.058962 -0.111877 0.991971 -0.255600 0.000000 0.000000 0.000000 1.000000
0.952783 -0.140787 -0.269043 0.000000 0.193496 0.964332 0.180619 2.021800 0.234018 -0.224150 0.946040 -0.255600 0.000000 0.000000 0.000000 1.000000
0.926775 -0.093817 -0.363711 0.000000 0.175296 0.964419 0.197909 2.021800 0.332203 -0.247174 0.910245 -0.255600 0.000000 0.000000 0.000000 1.000000
0.922482 -0.113865 -0.368867 0.000000 0.164560 0.980335 0.108923 2.021800 0.349210 -0.161180 0.923078 -0.255600 0.000000 0.000000 0.000000 1.000000
0.933615 -0.160758 -0.320188 -0.000000 0.165624 0.986114 -0.012172 2.021800 0.317698 -0.041667 0.947276 -0.255600 0.000000 0.000000 0.000000 1.000000
0.941106 -0.073036 -0.330129 0.000000 0.045520 0.994871 -0.090334 2.021800 0.335034 0.069987 0.939603 -0.255600 0.000000 0.000000 0.000000 1.000000
0.916429 0.041764 -0.398012 0.000000 -0.100379 0.986735 -0.127585 2.021800 0.387404 0.156875 0.908465 -0.255600 0.000000 0.000000 0.000000 1.000000
0.904255 0.078957 -0.419629 -0.000000 -0.158201 0.974765 -0.157495 2.021800 0.396604 0.208802 0.893928 -0.255600 0.000000 0.000000 0.000000 1.000000
0.932714 0.084877 -0.350486 -0.000000 -0.166967 0.963099 -0.211099 2.021800 0.319635 0.255415 0.912467 -0.255600 0.000000 0.000000 0.000000 1.000000
0.965580 0.089274 -0.244308 0.000000 -0.154334 0.952690 -0.261846 2.021800 0.209374 0.290538 0.933676 -0.255600 0.000000 0.000000 0.000000 1.000000
0.985214 0.072101 -0.155419 -0.000000 -0.114215 0.952558 -0.282115 2.021800 0.127705 0.295695 0.946708 -0.255600 0.000000 0.000000 0.000000 1.000000
0.995284 0.032173 -0.091517 -0.000000 -0.056228 0.960092 -0.273975 2.021800 0.079050 0.277828 0.957373 -0.255600 0.000000 0.000000 0.000000 1.000000
0.999115 -0.005641 -0.041681 0.000000 -0.005409 0.965508 -0.260317 2.021800 0.041712 0.260312 0.964623 -0.255600 0.000000 0.000000 0.000000 1.000000
0.999495 -0.031187 0.006025 -0.000000 0.031703 0.967740 -0.249949 2.021800 0.001965 0.250013 0.968240 -0.255600 0.000000 0.000000 0.000000 1.000000
0.997376 -0.045419 0.056377 0.000000 0.057683 0.969127 -0.239721 2.021800 -0.043748 0.242344 0.969204 -0.255600 0.000000 0.000000 0.000000 1.000000
0.993596 -0.052589 0.100003 0.000000 0.074792 0.969535 -0.233256 2.021800 -0.084690 0.239242 0.967259 -0.255600 0.000000 0.000000 0.000000 1.000000
0.989033 -0.057017 0.136242 0.000000 0.088931 0.966406 -0.241145 2.021800 -0.117916 0.250617 0.960878 -0.255600 0.000000 0.000000 0.000000 1.000000</float_array><technique_common><accessor source="#mixamorig_Head-Matrix-animation-output-transform-array" count="32" stride="16"><param type="float4x4"/></accessor></technique_common></source><source id="mixamorig_Head-Interpolations"><Name_array id="mixamorig_Head-Interpolations-array" count="32">
 LINEAR LINEAR LINEAR LINEAR LINEAR LINEAR LINEAR LINEAR LINEAR LINEAR LINEAR
LINEAR LINEAR LINEAR LINEAR LINEAR LINEAR LINEAR LINEAR LINEAR LINEAR LINEAR LINEAR
