<?xml version="1.0" encoding="utf-8"?>
<COLLADA xmlns="http://www.collada.org/2005/11/COLLADASchema" version="1.4.1">
  <asset><contributor><author>Mixamo</author><authoring_tool>COLLADA Mixamo exporter</authoring_tool><comments></comments></contributor><created>2020-03-04T18:49:13Z</created><modified>2020-03-04T18:49:13Z</modified><revision></revision><title></title><unit meter="0.010000"/><up_axis>Y_UP</up_axis></asset>
  <library_animations>
    <animation id="mixamorig_Hips-anim" name="mixamorig_Hips"><source id="mixamorig_Hips-Matrix-animation-input"><float_array id="mixamorig_Hips-Matrix-animation-input-array" count="65">

0.000000 0.033333 0.066667 0.100000 0.133333 0.166667 0.200000 0.233333 0.266667 0.300000 0.333333 0.366667 0.400000 0.433333 0.466667 0.500000
0.533333 0.566667 0.600000 0.633333 0.666667 0.700000 0.733333 0.766667 0.800000 0.833333 0.866667 0.900000 0.933333 0.966667 1.000000 1.033333
1.066667 1.100000 1.133333 1.166667 1.200000 1.233333 1.266667 1.300000 1.333333 1.366667 1.400000 1.433333 1.466667 1.500000 1.533333 1.566667
1.600000 1.633333 1.666667 1.700000 1.733333 1.766667 1.800000 1.833333 1.866667 1.900000 1.933333 1.966667 2.000000 2.033333 2.066667 2.100000
2.133333</float_array><technique_common><accessor source="#mixamorig_Hips-Matrix-animation-input-array" count="65"><param name="TIME" type="float"/></accessor></technique_common></source><source id="mixamorig_Hips-Matrix-animation-output-transform"><float_array id="mixamorig_Hips-Matrix-animation-output-transform-array" count="1040">

0.885793 0.052601 -0.461090 0.265293 -0.161111 0.966617 -0.199237 28.763134 0.435218 0.250769 0.864697 -0.156328 0.000000 0.000000 0.000000 1.000000
0.882418 0.010721 -0.470344 0.579333 -0.116890 0.973388 -0.197113 26.901720 0.455713 0.228914 0.860188 2.274848 0.000000 0.000000 0.000000 1.000000
0.885220 -0.019359 -0.464770 0.919916 -0.074234 0.980450 -0.182228 25.243748 0.459211 0.195813 0.866477 5.035013 0.000000 0.000000 0.000000 1.000000
0.907916 -0.012725 -0.418958 1.030841 -0.054991 0.987283 -0.149158 23.519165 0.415528 0.158462 0.895671 8.436253 0.000000 0.000000 0.000000 1.000000
0.941544 0.010618 -0.336723 0.880623 -0.046270 0.994107 -0.098033 21.692446 0.333698 0.107882 0.936486 12.323551 0.000000 0.000000 0.000000 1.000000
0.975230 0.059109 -0.213148 0.503877 -0.067893 0.997109 -0.034121 19.770811 0.210515 0.047747 0.976424 16.824759 0.000000 0.000000 0.000000 1.000000
0.989885 0.100524 -0.100113 0.191088 -0.099230 0.994905 0.017827 17.960392 0.101395 -0.007713 0.994816 21.112127 0.000000 0.000000 0.000000 1.000000
0.991971 0.126390 -0.004305 -0.156441 -0.125868 0.990026 0.063299 16.559412 0.012262 -0.062249 0.997985 25.209366 0.000000 0.000000 0.000000 1.000000
0.992482 0.120994 0.018424 -0.498820 -0.122309 0.985966 0.113628 15.212328 -0.004417 -0.115027 0.993353 29.200508 0.000000 0.000000 0.000000 1.000000
0.994091 0.108092 -0.009948 -0.548463 -0.104627 0.978551 0.177457 13.834711 0.028916 -0.175367 0.984078 32.657642 0.000000 0.000000 0.000000 1.000000
0.993443 0.105347 -0.044419 -0.361172 -0.091619 0.965970 0.241883 12.488430 0.068389 -0.236227 0.969288 35.982296 0.000000 0.000000 0.000000 1.000000
0.990996 0.125622 -0.046320 -0.148709 -0.106977 0.950944 0.290277 11.215475 0.080513 -0.282709 0.955821 39.387402 0.000000 0.000000 0.000000 1.000000
0.987976 0.152795 -0.023613 0.125427 -0.137644 0.938805 0.315752 10.410263 0.070414 -0.308705 0.948548 42.897800 0.000000 0.000000 0.000000 1.000000
0.984795 0.173568 -0.007288 0.068230 -0.161871 0.932040 0.324191 10.056038 0.063062 -0.318082 0.945964 46.331535 0.000000 0.000000 0.000000 1.000000
0.980979 0.193969 -0.007534 0.095662 -0.181044 0.928235 0.324966 9.669640 0.070027 -0.317421 0.945696 49.407360 0.000000 0.000000 0.000000 1.000000
0.976672 0.213046 -0.026891 0.132989 -0.193037 0.925926 0.324650 9.397127 0.094065 -0.311886 0.945452 52.288574 0.000000 0.000000 0.000000 1.000000
0.972405 0.227176 -0.053100 0.158442 -0.198311 0.924765 0.324782 9.419643 0.122888 -0.305289 0.944297 55.115356 0.000000 0.000000 0.000000 1.000000
0.966919 0.247065 -0.063452 0.305221 -0.214318 0.921756 0.323163 9.399452 0.138329 -0.298874 0.944214 57.878693 0.000000 0.000000 0.000000 1.000000
0.961050 0.270885 -0.054814 0.468685 -0.240492 0.917390 0.317111 9.455353 0.136186 -0.291577 0.946803 60.553177 0.000000 0.000000 0.000000 1.000000
0.954899 0.294089 -0.040988 0.719126 -0.268367 0.913851 0.304722 9.672290 0.127073 -0.279979 0.951559 63.101471 0.000000 0.000000 0.000000 1.000000
0.948194 0.314941 -0.041715 1.099042 -0.290514 0.912710 0.287336 9.958865 0.128568 -0.260332 0.956921 65.472343 0.000000 0.000000 0.000000 1.000000
0.940747 0.331983 -0.069153 1.572416 -0.303234 0.914834 0.266696 10.300931 0.151802 -0.229924 0.961297 67.645523 0.000000 0.000000 0.000000 1.000000
0.931985 0.341775 -0.120806 1.997783 -0.306583 0.920989 0.240386 10.763718 0.193419 -0.186999 0.963130 69.442627 0.000000 0.000000 0.000000 1.000000
0.921556 0.343568 -0.180820 2.407005 -0.306829 0.929860 0.203020 11.434546 0.237889 -0.131613 0.962334 71.046967 0.000000 0.000000 0.000000 1.000000
0.912169 0.336056 -0.234551 2.717870 -0.306550 0.939362 0.153707 12.273329 0.271982 -0.068306 0.959875 72.518051 0.000000 0.000000 0.000000 1.000000
0.905378 0.322604 -0.276074 2.903375 -0.307184 0.946523 0.098651 13.120217 0.293135 -0.004511 0.956060 73.816460 0.000000 0.000000 0.000000 1.000000
0.901911 0.304837 -0.305992 2.990730 -0.305708 0.950997 0.046333 13.939205 0.305121 0.051756 0.950906 75.005135 0.000000 0.000000 0.000000 1.000000
0.903925 0.281417 -0.322062 2.910933 -0.297437 0.954741 -0.000562 14.758537 0.307328 0.096301 0.946718 76.187111 0.000000 0.000000 0.000000 1.000000
0.912010 0.253653 -0.322332 2.534151 -0.282420 0.958234 -0.045020 15.555976 0.297450 0.132092 0.945556 77.507614 0.000000 0.000000 0.000000 1.000000
0.922885 0.226756 -0.311232 1.952104 -0.266047 0.959784 -0.089626 16.237997 0.278393 0.165517 0.946098 79.047935 0.000000 0.000000 0.000000 1.000000
0.935109 0.214994 -0.281690 1.371955 -0.260596 0.955889 -0.135523 16.701073 0.240128 0.200136 0.949886 80.893250 0.000000 0.000000 0.000000 1.000000
0.944049 0.225470 -0.240696 0.823113 -0.270320 0.947089 -0.173060 17.043537 0.188941 0.228442 0.955047 82.487213 0.000000 0.000000 0.000000 1.000000
0.951011 0.250036 -0.181826 0.357423 -0.283877 0.939182 -0.193265 17.180330 0.122445 0.235413 0.964151 83.870842 0.000000 0.000000 0.000000 1.000000
0.956480 0.272257 -0.104984 -0.045724 -0.288021 0.938576 -0.190049 17.090582 0.046794 0.212016 0.976145 85.147186 0.000000 0.000000 0.000000 1.000000
0.959989 0.278999 -0.024085 -0.519330 -0.279113 0.946298 -0.163143 16.927282 -0.022725 0.163338 0.986308 86.313866 0.000000 0.000000 0.000000 1.000000
0.961794 0.269917 0.045801 -1.009388 -0.262806 0.957127 -0.121825 16.788702 -0.076720 0.105134 0.991494 87.338654 0.000000 0.000000 0.000000 1.000000
0.962874 0.249826 0.102277 -1.621739 -0.242059 0.966742 -0.082567 16.909252 -0.119503 0.054745 0.991323 88.372276 0.000000 0.000000 0.000000 1.000000
0.960278 0.227163 0.162056 -2.393630 -0.219876 0.973568 -0.061813 17.335583 -0.171814 0.023726 0.984844 89.470001 0.000000 0.000000 0.000000 1.000000
0.947818 0.206522 0.242879 -3.321428 -0.195426 0.978274 -0.069199 18.045628 -0.251893 0.018123 0.967585 90.695969 0.000000 0.000000 0.000000 1.000000
0.917287 0.191102 0.349377 -4.331442 -0.163250 0.980678 -0.107800 19.048445 -0.363227 0.041848 0.930760 92.051605 0.000000 0.000000 0.000000 1.000000
0.860624 0.184810 0.474523 -5.312945 -0.114590 0.978207 -0.173149 20.261684 -0.496182 0.094640 0.863045 93.577126 0.000000 0.000000 0.000000 1.000000
0.768477 0.194997 0.609442 -6.124537 -0.047972 0.967312 -0.249011 21.536999 -0.638076 0.162123 0.752711 95.209694 0.000000 0.000000 0.000000 1.000000
0.628398 0.218233 0.746652 -6.836651 0.037086 0.950345 -0.308981 22.774593 -0.777007 0.221854 0.589102 97.034561 0.000000 0.000000 0.000000 1.000000
0.427134 0.248240 0.869444 -7.279111 0.123855 0.936447 -0.328217 23.882374 -0.895665 0.247878 0.369243 98.945877 0.000000 0.000000 0.000000 1.000000
0.164783 0.270300 0.948570 -7.267569 0.184337 0.936332 -0.298835 24.669598 -0.968951 0.224099 0.104465 100.686714 0.000000 0.000000 0.000000 1.000000
-0.142210 0.264180 0.953931 -6.891983 0.204973 0.950697 -0.232727 25.189201 -0.968381 0.162434 -0.189349 102.295021 0.000000 0.000000 0.000000 1.000000
-0.461782 0.225268 0.857911 -6.149258 0.187916 0.970104 -0.153579 25.481712 -0.866859 0.090296 -0.490308 103.789925 0.000000 0.000000 0.000000 1.000000
-0.744214 0.171380 0.645581 -5.129910 0.152042 0.984616 -0.086111 25.628494 -0.650407 0.034070 -0.758821 105.057076 0.000000 0.000000 0.000000 1.000000
-0.933373 0.126226 0.335979 -3.972967 0.118315 0.992001 -0.044004 25.707644 -0.338846 -0.001321 -0.940841 106.027359 0.000000 0.000000 0.000000 1.000000
-0.994994 0.098887 -0.014417 -2.791394 0.099226 0.994747 -0.025138 25.839165 0.011856 -0.026442 -0.999580 106.632942 0.000000 0.000000 0.000000 1.000000
-0.935837 0.084339 -0.342193 -1.718155 0.096969 0.995088 -0.019937 26.081608 0.338831 -0.051840 -0.939418 106.887581 0.000000 0.000000 0.000000 1.000000
-0.792187 0.064561 -0.606854 -0.904482 0.097731 0.994976 -0.021726 26.368500 0.602402 -0.076519 -0.794517 106.946609 0.000000 0.000000 0.000000 1.000000
-0.599556 0.035541 -0.799544 -0.389994 0.095291 0.995077 -0.027223 26.679897 0.794640 -0.092511 -0.599991 106.946281 0.000000 0.000000 0.000000 1.000000
-0.381068 0.001189 -0.924546 -0.158290 0.082272 0.996076 -0.032628 26.850582 0.920879 -0.088498 -0.379671 107.048302 0.000000 0.000000 0.000000 1.000000
-0.151288 -0.026740 -0.988128 -0.069830 0.058006 0.997671 -0.035880 26.848661 0.986786 -0.062746 -0.149385 107.305786 0.000000 0.000000 0.000000 1.000000
0.077551 -0.043314 -0.996047 -0.072967 0.029899 0.998708 -0.041101 26.896856 0.996540 -0.026594 0.078746 107.642578 0.000000 0.000000 0.000000 1.000000
0.291970 -0.053794 -0.954914 -0.174781 0.003797 0.998474 -0.055087 27.057970 0.956420 0.012458 0.291728 108.079117 0.000000 0.000000 0.000000 1.000000
0.479158 -0.061700 -0.875557 -0.286865 -0.012928 0.996922 -0.077327 27.257488 0.877634 0.048371 0.476885 108.590950 0.000000 0.000000 0.000000 1.000000
0.627934 -0.066213 -0.775445 -0.510813 -0.015145 0.995146 -0.097236 27.470566 0.778119 0.072802 0.623883 109.203232 0.000000 0.000000 0.000000 1.000000
0.735067 -0.065295 -0.674844 -0.751025 -0.008349 0.994405 -0.105308 27.643448 0.677944 0.083043 0.730408 109.822273 0.000000 0.000000 0.000000 1.000000
0.806718 -0.055027 -0.588368 -1.041862 -0.007692 0.994593 -0.103567 27.814007 0.590886 0.088075 0.801933 110.409424 0.000000 0.000000 0.000000 1.000000
0.855004 -0.037157 -0.517288 -1.351678 -0.017742 0.994751 -0.100779 28.139692 0.518317 0.095344 0.849857 111.048546 0.000000 0.000000 0.000000 1.000000
0.891464 -0.019947 -0.452651 -1.615618 -0.028887 0.994496 -0.100716 28.602404 0.452169 0.102860 0.885981 111.680107 0.000000 0.000000 0.000000 1.000000
0.923364 -0.012165 -0.383732 -1.875100 -0.028053 0.994688 -0.099037 29.068548 0.382899 0.102212 0.918118 112.108963 0.000000 0.000000 0.000000 1.000000
0.952138 -0.006773 -0.305592 -2.073344 -0.020113 0.996200 -0.084747 29.557245 0.305005 0.086837 0.948384 112.425766 0.000000 0.000000 0.000000 1.000000</float_array><technique_common><accessor source="#mixamorig_Hips-Matrix-animation-output-transform-array" count="65" stride="16"><param type="float4x4"/></accessor></technique_common></source><source id="mixamorig_Hips-Interpolations"><Name_array id="mixamorig_Hips-Interpolations-array" count="65">
 LINEAR LINEAR LINEAR LINEAR LINEAR LINEAR LINEAR LINEAR LINEAR LINEAR LINEAR
LINEAR LINEAR LINEAR LINEAR LINEAR LINEAR LINEAR LINEAR LINEAR LINEAR LINEAR LINEAR
LINEAR LINEAR LINEAR LINEAR LINEAR LINEAR LINEAR LINEAR LINEAR LINEAR LINEAR LINEAR
LINEAR LINEAR LINEAR LINEAR LINEAR LINEAR LINEAR LINEAR LINEAR LINEAR LINEAR LINEAR
LINEAR LINEAR LINEAR LINEAR LINEAR LINEAR LINEAR LINEAR LINEAR LINEAR LINEAR LINEAR
LINEAR LINEAR LINEAR LINEAR LINEAR LINEAR</Name_array><technique_common><accessor source="#mixamorig_Hips-Interpolations-array" count="65"><param type="name"/></accessor></technique_common></source><sampler id="mixamorig_Hips-Matrix-animation-transform"><input semantic="INPUT" source="#mixamorig_Hips-Matrix-animation-input"/><input semantic="OUTPUT" source="#mixamorig_Hips-Matrix-animation-output-transform"/><input semantic="INTERPOLATION" source="#mixamorig_Hips-Interpolations"/></sampler><channel source="#mixamorig_Hips-Matrix-animation-transform" target="mixamorig_Hips/matrix"/></animation>
    <animation id="mixamorig_Spine-anim" name="mixamorig_Spine"><source id="mixamorig_Spine-Matrix-animation-input"><float_array id="mixamorig_Spine-Matrix-animation-input-array" count="65">

0.000000 0.033333 0.066667 0.100000 0.133333 0.166667 0.200000 0.233333 0.266667 0.300000 0.333333 0.366667 0.400000 0.433333 0.466667 0.500000
0.533333 0.566667 0.600000 0.633333 0.666667 0.700000 0.733333 0.766667 0.800000 0.833333 0.866667 0.900000 0.933333 0.966667 1.000000 1.033333
1.066667 1.100000 1.133333 1.166667 1.200000 1.233333 1.266667 1.300000 1.333333 1.366667 1.400000 1.433333 1.466667 1.500000 1.533333 1.566667
1.600000 1.633333 1.666667 1.700000 1.733333 1.766667 1.800000 1.833333 1.866667 1.900000 1.933333 1.966667 2.000000 2.033333 2.066667 2.100000
2.133333</float_array><technique_common><accessor source="#mixamorig_Spine-Matrix-animation-input-array" count="65"><param name="TIME" type="float"/></accessor></technique_common></source><source id="mixamorig_Spine-Matrix-animation-output-transform"><float_array id="mixamorig_Spine-Matrix-animation-output-transform-array" count="1040">

0.985071 -0.153143 0.078623 0.000000 0.172138 0.880851 -0.440989 3.786100 -0.001721 0.447939 0.894062 -0.641600 0.000000 0.000000 0.000000 1.000000
0.992475 -0.096232 0.075710 0.000000 0.118798 0.906546 -0.405045 3.786100 -0.029656 0.410991 0.911157 -0.641600 0.000000 0.000000 0.000000 1.000000
0.996267 -0.049557 0.070682 0.000000 0.070966 0.936370 -0.343765 3.786100 -0.049149 0.347498 0.936392 -0.641600 0.000000 0.000000 0.000000 1.000000
0.996252 -0.042108 0.075555 0.000000 0.060461 0.963671 -0.260157 3.786100 -0.061855 0.263750 0.962606 -0.641600 0.000000 0.000000 0.000000 1.000000
0.993518 -0.049274 0.102442 0.000000 0.065251 0.985120 -0.158997 3.786100 -0.093083 0.164651 0.981950 -0.641600 0.000000 0.000000 0.000000 1.000000
0.994393 -0.069236 0.079934 0.000000 0.072882 0.996386 -0.043633 3.786100 -0.076624 0.049214 0.995845 -0.641600 0.000000 0.000000 0.000000 1.000000
0.995313 -0.073138 0.063274 -0.000000 0.070478 0.996573 0.043295 3.786100 -0.066224 -0.038632 0.997057 -0.641600 0.000000 0.000000 0.000000 1.000000
0.997435 -0.057845 0.042160 0.000000 0.053035 0.992796 0.107438 3.786100 -0.048071 -0.104926 0.993318 -0.641600 0.000000 0.000000 0.000000 1.000000
0.999078 -0.033020 0.027436 0.000000 0.029079 0.990641 0.133362 3.786100 -0.031583 -0.132441 0.990688 -0.641600 0.000000 0.000000 0.000000 1.000000
0.999590 -0.017427 0.022706 0.000000 0.014128 0.990313 0.138136 3.786100 -0.024894 -0.137759 0.990153 -0.641600 0.000000 0.000000 0.000000 1.000000
0.999742 -0.017508 0.014457 -0.000000 0.015446 0.991115 0.132105 3.786100 -0.016641 -0.131847 0.991130 -0.641600 0.000000 0.000000 0.000000 1.000000
0.999314 -0.036478 -0.006425 -0.000000 0.037002 0.990971 0.128868 3.786100 0.001666 -0.129018 0.991641 -0.641600 0.000000 0.000000 0.000000 1.000000
0.998200 -0.053715 -0.026691 -0.000000 0.056713 0.990094 0.128439 3.786100 0.019528 -0.129722 0.991358 -0.641600 0.000000 0.000000 0.000000 1.000000
0.997116 -0.064696 -0.039674 0.000000 0.069301 0.989285 0.128504 3.786100 0.030935 -0.130882 0.990915 -0.641600 0.000000 0.000000 0.000000 1.000000
0.995966 -0.069599 -0.056641 -0.000000 0.076205 0.989310 0.124333 3.786100 0.047382 -0.128148 0.990623 -0.641600 0.000000 0.000000 0.000000 1.000000
0.995247 -0.068540 -0.069174 -0.000000 0.076060 0.990714 0.112693 3.786100 0.060808 -0.117419 0.991219 -0.641600 0.000000 0.000000 0.000000 1.000000
0.995577 -0.058701 -0.073359 0.000000 0.066073 0.992540 0.102467 3.786100 0.066797 -0.106861 0.992028 -0.641600 0.000000 0.000000 0.000000 1.000000
0.995169 -0.055026 -0.081306 0.000000 0.063012 0.993074 0.099162 3.786100 0.075287 -0.103807 0.991744 -0.641600 0.000000 0.000000 0.000000 1.000000
0.994086 -0.062543 -0.088781 -0.000000 0.071031 0.992852 0.095909 3.786100 0.082148 -0.101648 0.991423 -0.641600 0.000000 0.000000 0.000000 1.000000
0.991670 -0.079102 -0.101659 0.000000 0.087368 0.992990 0.079611 3.786100 0.094649 -0.087830 0.991629 -0.641600 0.000000 0.000000 0.000000 1.000000
0.986597 -0.108391 -0.121975 0.000000 0.114912 0.992227 0.047748 3.786100 0.115852 -0.061124 0.991384 -0.641600 0.000000 0.000000 0.000000 1.000000
0.978836 -0.150451 -0.138727 0.000000 0.152546 0.988286 0.004535 3.786100 0.136420 -0.025601 0.990320 -0.641600 0.000000 0.000000 0.000000 1.000000
0.969839 -0.191121 -0.151278 0.000000 0.185057 0.981280 -0.053330 3.786100 0.158638 0.023726 0.987052 -0.641600 0.000000 0.000000 0.000000 1.000000
0.962286 -0.222668 -0.156284 0.000000 0.205772 0.971552 -0.117238 3.786100 0.177944 0.080658 0.980730 -0.641600 0.000000 0.000000 0.000000 1.000000
0.958128 -0.241091 -0.154484 0.000000 0.213204 0.960813 -0.177148 3.786100 0.191140 0.136794 0.971984 -0.641600 0.000000 0.000000 0.000000 1.000000
0.956952 -0.246552 -0.153152 0.000000 0.207990 0.950549 -0.230643 3.786100 0.202444 0.188860 0.960910 -0.641600 0.000000 0.000000 0.000000 1.000000
0.958514 -0.239312 -0.154859 0.000000 0.191688 0.943248 -0.271179 3.786100 0.210967 0.230244 0.949990 -0.641600 0.000000 0.000000 0.000000 1.000000
0.961428 -0.219087 -0.166307 0.000000 0.164279 0.942309 -0.291662 3.786100 0.220612 0.253091 0.941953 -0.641600 0.000000 0.000000 0.000000 1.000000
0.964367 -0.188323 -0.185826 -0.000000 0.129837 0.948850 -0.287794 3.786100 0.230519 0.253412 0.939491 -0.641600 0.000000 0.000000 0.000000 1.000000
0.966536 -0.153461 -0.205570 0.000000 0.096569 0.960047 -0.262648 3.786100 0.237663 0.234007 0.942739 -0.641600 0.000000 0.000000 0.000000 1.000000
0.965725 -0.127636 -0.226019 0.000000 0.075118 0.970916 -0.227330 3.786100 0.248461 0.202560 0.947226 -0.641600 0.000000 0.000000 0.000000 1.000000
0.965640 -0.111112 -0.234933 0.000000 0.065349 0.978762 -0.194303 3.786100 0.251533 0.172274 0.952393 -0.641600 0.000000 0.000000 0.000000 1.000000
0.969141 -0.098758 -0.225859 0.000000 0.060000 0.983189 -0.172452 3.786100 0.239094 0.153579 0.958774 -0.641600 0.000000 0.000000 0.000000 1.000000
0.977003 -0.086999 -0.194667 0.000000 0.054830 0.984781 -0.164925 3.786100 0.206053 0.150458 0.966905 -0.641600 0.000000 0.000000 0.000000 1.000000
0.986776 -0.074224 -0.144095 0.000000 0.049654 0.984675 -0.167179 3.786100 0.154295 0.157813 0.975340 -0.641600 0.000000 0.000000 0.000000 1.000000
0.994959 -0.056564 -0.082808 0.000000 0.041625 0.984192 -0.172142 3.786100 0.091237 0.167827 0.981585 -0.641600 0.000000 0.000000 0.000000 1.000000
0.999304 -0.028494 -0.024076 0.000000 0.023849 0.984279 -0.175001 3.786100 0.028684 0.174305 0.984274 -0.641600 0.000000 0.000000 0.000000 1.000000
0.999645 0.002895 0.026472 0.000000 0.001644 0.985464 -0.169875 3.786100 -0.026579 0.169858 0.985110 -0.641600 0.000000 0.000000 0.000000 1.000000
0.997672 0.034491 0.058827 0.000000 -0.024672 0.986783 -0.160155 3.786100 -0.063574 0.158331 0.985337 -0.641600 0.000000 0.000000 0.000000 1.000000
0.994877 0.064129 0.078146 0.000000 -0.051909 0.987408 -0.149436 3.786100 -0.086745 0.144614 0.985679 -0.641600 0.000000 0.000000 0.000000 1.000000
0.991565 0.093485 0.089771 0.000000 -0.080575 0.987149 -0.138004 3.786100 -0.101519 0.129607 0.986355 -0.641600 0.000000 0.000000 0.000000 1.000000
0.988239 0.112246 0.103850 0.000000 -0.098114 0.986327 -0.132408 3.786100 -0.117293 0.120662 0.985740 -0.641600 0.000000 0.000000 0.000000 1.000000
0.985192 0.121333 0.121140 0.000000 -0.104964 0.985486 -0.133418 3.786100 -0.135569 0.118727 0.983628 -0.641600 0.000000 0.000000 0.000000 1.000000
0.982643 0.120754 0.140823 0.000000 -0.101008 0.985012 -0.139814 3.786100 -0.155596 0.123162 0.980113 -0.641600 0.000000 0.000000 0.000000 1.000000
0.982752 0.096121 0.157983 0.000000 -0.072914 0.986499 -0.146639 3.786100 -0.169945 0.132591 0.976493 -0.641600 0.000000 0.000000 0.000000 1.000000
0.983961 0.060290 0.167889 0.000000 -0.036319 0.989149 -0.142354 3.786100 -0.174650 0.133973 0.975474 -0.641600 0.000000 0.000000 0.000000 1.000000
0.985960 0.028170 0.164587 0.000000 -0.006861 0.991669 -0.128628 3.786100 -0.166840 0.125693 0.977940 -0.641600 0.000000 0.000000 0.000000 1.000000
0.989267 0.010548 0.145737 0.000000 0.005882 0.993707 -0.111852 3.786100 -0.146000 0.111508 0.982980 -0.641600 0.000000 0.000000 0.000000 1.000000
0.991224 0.014289 0.131415 0.000000 -0.002137 0.995743 -0.092148 3.786100 -0.132173 0.091059 0.987035 -0.641600 0.000000 0.000000 0.000000 1.000000
0.991530 0.038129 0.124153 0.000000 -0.028229 0.996351 -0.080543 3.786100 -0.126771 0.076356 0.988989 -0.641600 0.000000 0.000000 0.000000 1.000000
0.990228 0.075101 0.117505 -0.000000 -0.066069 0.994686 -0.078959 3.786100 -0.122811 0.070424 0.989928 -0.641600 0.000000 0.000000 0.000000 1.000000
0.986969 0.110869 0.116617 -0.000000 -0.101308 0.991220 -0.084963 3.786100 -0.125013 0.072042 0.989536 -0.641600 0.000000 0.000000 0.000000 1.000000
0.983380 0.136028 0.120248 0.000000 -0.124461 0.987274 -0.098992 3.786100 -0.132184 0.082381 0.987796 -0.641600 0.000000 0.000000 0.000000 1.000000
0.982108 0.142040 0.123643 0.000000 -0.127919 0.985033 -0.115527 3.786100 -0.138202 0.097643 0.985579 -0.641600 0.000000 0.000000 0.000000 1.000000
0.983880 0.128790 0.124069 0.000000 -0.112363 0.984945 -0.131373 3.786100 -0.139120 0.115314 0.983539 -0.641600 0.000000 0.000000 0.000000 1.000000
0.987177 0.105409 0.119879 0.000000 -0.087365 0.985282 -0.146921 3.786100 -0.133602 0.134564 0.981857 -0.641600 0.000000 0.000000 0.000000 1.000000
0.990427 0.078186 0.113762 -0.000000 -0.059472 0.985409 -0.159476 3.786100 -0.124571 0.151184 0.980625 -0.641600 0.000000 0.000000 0.000000 1.000000
0.992709 0.051471 0.108991 -0.000000 -0.032256 0.984703 -0.171230 3.786100 -0.116137 0.166466 0.979184 -0.641600 0.000000 0.000000 0.000000 1.000000
0.993887 0.032506 0.105509 0.000000 -0.012303 0.982329 -0.186756 3.786100 -0.109715 0.184316 0.976724 -0.641600 0.000000 0.000000 0.000000 1.000000
0.994661 0.021933 0.100835 0.000000 -0.001085 0.979321 -0.202310 3.786100 -0.103187 0.201120 0.974117 -0.641600 0.000000 0.000000 0.000000 1.000000
0.994939 0.014015 0.099499 0.000000 0.007684 0.976713 -0.214411 3.786100 -0.100187 0.214090 0.971662 -0.641600 0.000000 0.000000 0.000000 1.000000
0.994864 0.006591 0.101008 0.000000 0.016026 0.975035 -0.221471 3.786100 -0.099946 0.221952 0.969922 -0.641600 0.000000 0.000000 0.000000 1.000000
0.995022 -0.000204 0.099655 0.000000 0.022440 0.974775 -0.222057 3.786100 -0.097096 0.223188 0.969928 -0.641600 0.000000 0.000000 0.000000 1.000000
0.995663 -0.002709 0.092994 0.000000 0.023523 0.974429 -0.223461 3.786100 -0.090011 0.224679 0.970267 -0.641600 0.000000 0.000000 0.000000 1.000000
0.996976 -0.006252 0.077460 0.000000 0.024115 0.972445 -0.231884 3.786100 -0.073876 0.233050 0.969655 -0.641600 0.000000 0.000000 0.000000 1.000000</float_array><technique_common><accessor source="#mixamorig_Spine-Matrix-animation-output-transform-array" count="65" stride="16"><param type="float4x4"/></accessor></technique_common></source><source id="mixamorig_Spine-Interpolations"><Name_array id="mixamorig_Spine-Interpolations-array" count="65">
 LINEAR LINEAR LINEAR LINEAR LINEAR LINEAR LINEAR LINEAR LINEAR LINEAR LINEAR
LINEAR LINEAR LINEAR LINEAR LINEAR LINEAR LINEAR LINEAR LINEAR LINEAR LINEAR LINEAR
LINEAR LINEAR LINEAR LINEAR LINEAR LINEAR LINEAR LINEAR LINEAR LINEAR LINEAR LINEAR
LINEAR LINEAR LINEAR LINEAR LINEAR LINEAR LINEAR LINEAR LINEAR LINEAR LINEAR LINEAR
LINEAR LINEAR LINEAR LINEAR LINEAR LINEAR LINEAR LINEAR LINEAR LINEAR LINEAR LINEAR
LINEAR LINEAR LINEAR LINEAR LINEAR LINEAR</Name_array><technique_common><accessor source="#mixamorig_Spine-Interpolations-array" count="65"><param type="name"/></accessor></technique_common></source><sampler id="mixamorig_Spine-Matrix-animation-transform"><input semantic="INPUT" source="#mixamorig_Spine-Matrix-animation-input"/><input semantic="OUTPUT" source="#mixamorig_Spine-Matrix-animation-output-transform"/><input semantic="INTERPOLATION" source="#mixamorig_Spine-Interpolations"/></sampler><channel source="#mixamorig_Spine-Matrix-animation-transform" target="mixamorig_Spine/matrix"/></animation>
    <animation id="mixamorig_Spine1-anim" name="mixamorig_Spine1"><source id="mixamorig_Spine1-Matrix-animation-input"><float_array id="mixamorig_Spine1-Matrix-animation-input-array" count="65">

0.000000 0.033333 0.066667 0.100000 0.133333 0.166667 0.200000 0.233333 0.266667 0.300000 0.333333 0.366667 0.400000 0.433333 0.466667 0.500000
0.533333 0.566667 0.600000 0.633333 0.666667 0.700000 0.733333 0.766667 0.800000 0.833333 0.866667 0.900000 0.933333 0.966667 1.000000 1.033333
1.066667 1.100000 1.133333 1.166667 1.200000 1.233333 1.266667 1.300000 1.333333 1.366667 1.400000 1.433333 1.466667 1.500000 1.533333 1.566667
1.600000 1.633333 1.666667 1.700000 1.733333 1.766667 1.800000 1.833333 1.866667 1.900000 1.933333 1.966667 2.000000 2.033333 2.066667 2.100000
2.133333</float_array><technique_common><accessor source="#mixamorig_Spine1-Matrix-animation-input-array" count="65"><param name="TIME" type="float"/></accessor></technique_common></source><source id="mixamorig_Spine1-Matrix-animation-output-transform"><float_array id="mixamorig_Spine1-Matrix-animation-output-transform-array" count="1040">

0.996527 0.074016 0.038143 -0.000000 -0.075870 0.995878 0.049702 4.480100 -0.034307 -0.052423 0.998036 0.000000 0.000000 0.000000 0.000000 1.000000
0.996565 0.060123 0.056954 0.000000 -0.061750 0.997719 0.027253 4.480100 -0.055186 -0.030677 0.998005 0.000000 0.000000 0.000000 0.000000 1.000000
0.996672 0.043749 0.068778 -0.000000 -0.043877 0.999037 0.000360 4.480100 -0.068696 -0.003377 0.997632 0.000000 0.000000 0.000000 0.000000 1.000000
0.997364 0.020605 0.069580 0.000000 -0.019280 0.999621 -0.019656 4.480100 -0.069959 0.018263 0.997383 -0.000000 0.000000 0.000000 0.000000 1.000000
0.998630 -0.006032 0.051980 0.000000 0.007771 0.999415 -0.033314 4.480100 -0.051748 0.033672 0.998092 -0.000000 0.000000 0.000000 0.000000 1.000000
0.998356 -0.030173 0.048732 0.000000 0.032183 0.998640 -0.041015 4.480100 -0.047428 0.042515 0.997969 0.000000 0.000000 0.000000 0.000000 1.000000
0.998456 -0.040173 0.038370 -0.000000 0.041385 0.998651 -0.031349 4.480100 -0.037059 0.032888 0.998772 0.000000 0.000000 0.000000 0.000000 1.000000
0.998809 -0.039460 0.028703 0.000000 0.040064 0.998981 -0.020797 4.480100 -0.027853 0.021922 0.999372 0.000000 0.000000 0.000000 0.000000 1.000000
0.999202 -0.030090 0.026276 0.000000 0.030595 0.999351 -0.019036 4.480100 -0.025686 0.019824 0.999473 0.000000 0.000000 0.000000 0.000000 1.000000
0.999388 -0.022188 0.027045 -0.000000 0.022852 0.999439 -0.024477 4.480100 -0.026487 0.025080 0.999335 0.000000 0.000000 0.000000 0.000000 1.000000
0.999464 -0.019805 0.026059 -0.000000 0.020475 0.999460 -0.025716 4.480100 -0.025535 0.026236 0.999330 -0.000000 0.000000 0.000000 0.000000 1.000000
0.999535 -0.025925 0.016058 0.000000 0.026277 0.999410 -0.022103 4.480100 -0.015476 0.022515 0.999627 -0.000000 0.000000 0.000000 0.000000 1.000000
0.999216 -0.039404 -0.003878 -0.000000 0.039340 0.999104 -0.015593 4.480100 0.004489 0.015428 0.999871 0.000000 0.000000 0.000000 0.000000 1.000000
0.998584 -0.046380 -0.026057 -0.000000 0.045975 0.998816 -0.015919 4.480100 0.026764 0.014698 0.999534 0.000000 0.000000 0.000000 0.000000 1.000000
0.997912 -0.048008 -0.043218 0.000000 0.046903 0.998555 -0.026238 4.480100 0.044415 0.024156 0.998721 0.000000 0.000000 0.000000 0.000000 1.000000
0.997450 -0.045758 -0.054764 0.000000 0.043838 0.998399 -0.035753 4.480100 0.056313 0.033261 0.997859 0.000000 0.000000 0.000000 0.000000 1.000000
0.997146 -0.043650 -0.061594 0.000000 0.041230 0.998348 -0.040015 4.480100 0.063239 0.037362 0.997299 0.000000 0.000000 0.000000 0.000000 1.000000
0.996916 -0.043526 -0.065306 0.000000 0.040830 0.998280 -0.042077 4.480100 0.067025 0.039281 0.996978 0.000000 0.000000 0.000000 0.000000 1.000000
0.996206 -0.048014 -0.072579 0.000000 0.044940 0.998046 -0.043408 4.480100 0.074522 0.039982 0.996418 -0.000000 0.000000 0.000000 0.000000 1.000000
0.994631 -0.061739 -0.083048 0.000000 0.058068 0.997256 -0.045915 4.480100 0.085655 0.040846 0.995487 0.000000 0.000000 0.000000 0.000000 1.000000
0.992131 -0.079958 -0.096347 0.000000 0.074764 0.995607 -0.056370 4.480100 0.100431 0.048723 0.993750 -0.000000 0.000000 0.000000 0.000000 1.000000
0.988869 -0.094156 -0.115212 0.000000 0.085738 0.993417 -0.075968 4.480100 0.121606 0.065244 0.990432 0.000000 0.000000 0.000000 0.000000 1.000000
0.985491 -0.105282 -0.133125 0.000000 0.093217 0.991213 -0.093843 4.480100 0.141836 0.080072 0.986646 0.000000 0.000000 0.000000 0.000000 1.000000
0.982125 -0.114562 -0.149353 -0.000000 0.099330 0.989418 -0.105759 4.480100 0.159889 0.089033 0.983112 0.000000 0.000000 0.000000 0.000000 1.000000
0.978791 -0.122095 -0.164505 0.000000 0.104394 0.988177 -0.112287 4.480100 0.176269 0.092732 0.979964 0.000000 0.000000 0.000000 0.000000 1.000000
0.976164 -0.127514 -0.175624 -0.000000 0.108213 0.987402 -0.115443 4.480100 0.188133 0.093686 0.977665 -0.000000 0.000000 0.000000 0.000000 1.000000
0.974510 -0.127734 -0.184430 0.000000 0.106987 0.987185 -0.118407 4.480100 0.197191 0.095657 0.975687 0.000000 0.000000 0.000000 0.000000 1.000000
0.973668 -0.121878 -0.192657 0.000000 0.099603 0.987595 -0.121386 4.480100 0.205061 0.099001 0.973729 0.000000 0.000000 0.000000 0.000000 1.000000
0.972774 -0.114477 -0.201508 0.000000 0.091223 0.988433 -0.121151 4.480100 0.213046 0.099471 0.971966 0.000000 0.000000 0.000000 0.000000 1.000000
0.972004 -0.108077 -0.208635 0.000000 0.085790 0.989874 -0.113090 4.480100 0.218745 0.092026 0.971433 0.000000 0.000000 0.000000 0.000000 1.000000
0.971817 -0.105420 -0.210853 0.000000 0.086250 0.991426 -0.098156 4.480100 0.219392 0.077204 0.972577 -0.000000 0.000000 0.000000 0.000000 1.000000
0.972785 -0.107299 -0.205367 0.000000 0.091770 0.992254 -0.083730 4.480100 0.212760 0.062605 0.975097 0.000000 0.000000 0.000000 0.000000 1.000000
0.974575 -0.111837 -0.194157 -0.000000 0.098866 0.992249 -0.075287 4.480100 0.201072 0.054177 0.978077 -0.000000 0.000000 0.000000 0.000000 1.000000
0.977785 -0.113625 -0.176140 0.000000 0.102329 0.992144 -0.071968 4.480100 0.182934 0.052345 0.981731 0.000000 0.000000 0.000000 0.000000 1.000000
0.983443 -0.108551 -0.145108 -0.000000 0.098993 0.992511 -0.071566 4.480100 0.151790 0.056017 0.986824 -0.000000 0.000000 0.000000 0.000000 1.000000
0.990097 -0.100458 -0.098065 0.000000 0.093568 0.992969 -0.072504 4.480100 0.104659 0.062610 0.992535 0.000000 0.000000 0.000000 0.000000 1.000000
0.994836 -0.092620 -0.041514 0.000000 0.089544 0.993472 -0.070676 4.480100 0.047789 0.066594 0.996635 0.000000 0.000000 0.000000 0.000000 1.000000
0.996593 -0.082328 0.005006 0.000000 0.082478 0.994357 -0.066719 4.480100 0.000515 0.066904 0.997759 -0.000000 0.000000 0.000000 0.000000 1.000000
0.996916 -0.070882 0.033663 0.000000 0.072837 0.995482 -0.060909 4.480100 -0.029194 0.063173 0.997576 -0.000000 0.000000 0.000000 0.000000 1.000000
0.997156 -0.058990 0.046905 0.000000 0.061447 0.996714 -0.052784 4.480100 -0.043637 0.055516 0.997504 -0.000000 0.000000 0.000000 0.000000 1.000000
0.997128 -0.046996 0.059398 0.000000 0.049662 0.997786 -0.044228 4.480100 -0.057188 0.047050 0.997254 0.000000 0.000000 0.000000 0.000000 1.000000
0.996382 -0.028904 0.079922 -0.000000 0.031802 0.998873 -0.035233 4.480100 -0.078813 0.037647 0.996178 0.000000 0.000000 0.000000 0.000000 1.000000
0.994266 -0.009528 0.106506 0.000000 0.013121 0.999367 -0.033079 4.480100 -0.106124 0.034287 0.993762 -0.000000 0.000000 0.000000 0.000000 1.000000
0.991705 -0.001976 0.128519 0.000000 0.006758 0.999301 -0.036779 4.480100 -0.128357 0.037342 0.991025 -0.000000 0.000000 0.000000 0.000000 1.000000
0.990177 -0.000345 0.139822 0.000000 0.006105 0.999150 -0.040766 4.480100 -0.139689 0.041220 0.989337 0.000000 0.000000 0.000000 0.000000 1.000000
0.990207 -0.006671 0.139447 -0.000000 0.012845 0.998974 -0.043422 4.480100 -0.139014 0.044788 0.989277 -0.000000 0.000000 0.000000 0.000000 1.000000
0.991207 -0.015652 0.131395 0.000000 0.021363 0.998882 -0.042172 4.480100 -0.130588 0.044608 0.990433 0.000000 0.000000 0.000000 0.000000 1.000000
0.992333 -0.018663 0.122174 -0.000000 0.023615 0.998952 -0.039212 4.480100 -0.121315 0.041797 0.991734 -0.000000 0.000000 0.000000 0.000000 1.000000
0.993669 -0.017452 0.110984 0.000000 0.022074 0.998933 -0.040554 4.480100 -0.110158 0.042747 0.992994 0.000000 0.000000 0.000000 0.000000 1.000000
0.994405 -0.011129 0.105050 0.000000 0.015651 0.998982 -0.042313 4.480100 -0.104472 0.043721 0.993566 0.000000 0.000000 0.000000 0.000000 1.000000
0.993956 0.000871 0.109773 -0.000000 0.004248 0.998914 -0.046394 4.480100 -0.109694 0.046580 0.992873 0.000000 0.000000 0.000000 0.000000 1.000000
0.992709 0.014352 0.119680 0.000000 -0.008077 0.998575 -0.052749 4.480100 -0.120266 0.051398 0.991410 0.000000 0.000000 0.000000 0.000000 1.000000
0.991457 0.027938 0.127407 0.000000 -0.020614 0.998078 -0.058444 4.480100 -0.128795 0.055318 0.990127 0.000000 0.000000 0.000000 0.000000 1.000000
0.990760 0.037298 0.130398 0.000000 -0.029013 0.997472 -0.064865 4.480100 -0.132488 0.060482 0.989338 0.000000 0.000000 0.000000 0.000000 1.000000
0.990894 0.038837 0.128918 0.000000 -0.029589 0.996901 -0.072893 4.480100 -0.131350 0.068415 0.988973 -0.000000 0.000000 0.000000 0.000000 1.000000
0.991771 0.032386 0.123863 0.000000 -0.022751 0.996660 -0.078428 4.480100 -0.125990 0.074965 0.989195 0.000000 0.000000 0.000000 0.000000 1.000000
0.993081 0.020793 0.115574 -0.000000 -0.011593 0.996751 -0.079712 4.480100 -0.116856 0.077820 0.990095 0.000000 0.000000 0.000000 0.000000 1.000000
0.994541 0.010185 0.103847 0.000000 -0.002167 0.997026 -0.077041 4.480100 -0.104323 0.076395 0.991605 0.000000 0.000000 0.000000 0.000000 1.000000
0.995820 0.003767 0.091257 0.000000 0.002911 0.997332 -0.072937 4.480100 -0.091288 0.072898 0.993153 0.000000 0.000000 0.000000 0.000000 1.000000
0.996691 0.001979 0.081254 0.000000 0.004050 0.997253 -0.073959 4.480100 -0.081177 0.074043 0.993946 0.000000 0.000000 0.000000 0.000000 1.000000
0.997316 0.001562 0.073207 0.000000 0.004068 0.997046 -0.076693 4.480100 -0.073110 0.076784 0.994364 0.000000 0.000000 0.000000 0.000000 1.000000
0.997852 0.000094 0.065505 0.000000 0.004778 0.997231 -0.074218 4.480100 -0.065330 0.074372 0.995088 -0.000000 0.000000 0.000000 0.000000 1.000000
0.998432 0.000085 0.055976 -0.000000 0.003786 0.997607 -0.069036 4.480100 -0.055848 0.069140 0.996043 0.000000 0.000000 0.000000 0.000000 1.000000
0.999114 0.004878 0.041813 0.000000 -0.002190 0.997941 -0.064097 4.480100 -0.042040 0.063949 0.997067 0.000000 0.000000 0.000000 0.000000 1.000000
0.999658 0.010850 0.023793 0.000000 -0.009296 0.997876 -0.064468 4.480100 -0.024442 0.064225 0.997636 -0.000000 0.000000 0.000000 0.000000 1.000000</float_array><technique_common><accessor source="#mixamorig_Spine1-Matrix-animation-output-transform-array" count="65" stride="16"><param type="float4x4"/></accessor></technique_common></source><source id="mixamorig_Spine1-Interpolations"><Name_array id="mixamorig_Spine1-Interpolations-array" count="65">
 LINEAR LINEAR LINEAR LINEAR LINEAR LINEAR LINEAR LINEAR LINEAR LINEAR LINEAR
LINEAR LINEAR LINEAR LINEAR LINEAR LINEAR LINEAR LINEAR LINEAR LINEAR LINEAR LINEAR
LINEAR LINEAR LINEAR LINEAR LINEAR LINEAR LINEAR LINEAR LINEAR LINEAR LINEAR LINEAR
LINEAR LINEAR LINEAR LINEAR LINEAR LINEAR LINEAR LINEAR LINEAR LINEAR LINEAR LINEAR
LINEAR LINEAR LINEAR LINEAR LINEAR LINEAR LINEAR LINEAR LINEAR LINEAR LINEAR LINEAR
LINEAR LINEAR LINEAR LINEAR LINEAR LINEAR</Name_array><technique_common><accessor source="#mixamorig_Spine1-Interpolations-array" count="65"><param type="name"/></accessor></technique_common></source><sampler id="mixamorig_Spine1-Matrix-animation-transform"><input semantic="INPUT" source="#mixamorig_Spine1-Matrix-animation-input"/><input semantic="OUTPUT" source="#mixamorig_Spine1-Matrix-animation-output-transform"/><input semantic="INTERPOLATION" source="#mixamorig_Spine1-Interpolations"/></sampler><channel source="#mixamorig_Spine1-Matrix-animation-transform" target="mixamorig_Spine1/matrix"/></animation>
    <animation id="mixamorig_Spine2-anim" name="mixamorig_Spine2"><source id="mixamorig_Spine2-Matrix-animation-input"><float_array id="mixamorig_Spine2-Matrix-animation-input-array" count="65">

0.000000 0.033333 0.066667 0.100000 0.133333 0.166667 0.200000 0.233333 0.266667 0.300000 0.333333 0.366667 0.400000 0.433333 0.466667 0.500000
0.533333 0.566667 0.600000 0.633333 0.666667 0.700000 0.733333 0.766667 0.800000 0.833333 0.866667 0.900000 0.933333 0.966667 1.000000 1.033333
1.066667 1.100000 1.133333 1.166667 1.200000 1.233333 1.266667 1.300000 1.333333 1.366667 1.400000 1.433333 1.466667 1.500000 1.533333 1.566667
1.600000 1.633333 1.666667 1.700000 1.733333 1.766667 1.800000 1.833333 1.866667 1.900000 1.933333 1.966667 2.000000 2.033333 2.066667 2.100000
2.133333</float_array><technique_common><accessor source="#mixamorig_Spine2-Matrix-animation-input-array" count="65"><param name="TIME" type="float"/></accessor></technique_common></source><source id="mixamorig_Spine2-Matrix-animation-output-transform"><float_array id="mixamorig_Spine2-Matrix-animation-output-transform-array" count="1040">

0.998379 0.056792 0.003674 0.000000 -0.056884 0.997806 0.033870 5.120100 -0.001742 -0.034024 0.999419 0.000000 0.000000 0.000000 0.000000 1.000000
0.998433 0.047373 0.029803 0.000000 -0.047821 0.998751 0.014508 5.120100 -0.029079 -0.015911 0.999450 0.000000 0.000000 0.000000 0.000000 1.000000
0.998102 0.036654 0.049487 0.000000 -0.036258 0.999303 -0.008883 5.120100 -0.049778 0.007072 0.998735 0.000000 0.000000 0.000000 0.000000 1.000000
0.998143 0.016863 0.058538 -0.000000 -0.015410 0.999564 -0.025173 5.120100 -0.058937 0.024224 0.997968 -0.000000 0.000000 0.000000 0.000000 1.000000
0.998843 -0.007044 0.047568 0.000000 0.008749 0.999323 -0.035724 5.120100 -0.047284 0.036099 0.998229 0.000000 0.000000 0.000000 0.000000 1.000000
0.998391 -0.029653 0.048333 -0.000000 0.031663 0.998642 -0.041364 5.120100 -0.047041 0.042828 0.997974 -0.000000 0.000000 0.000000 0.000000 1.000000
0.998459 -0.039933 0.038523 0.000000 0.041142 0.998669 -0.031115 5.120100 -0.037229 0.032652 0.998773 0.000000 0.000000 0.000000 0.000000 1.000000
0.998807 -0.039751 0.028364 0.000000 0.040344 0.998973 -0.020639 5.120100 -0.027515 0.021759 0.999385 -0.000000 0.000000 0.000000 0.000000 1.000000
0.999201 -0.030351 0.025989 0.000000 0.030842 0.999349 -0.018723 5.120100 -0.025403 0.019510 0.999487 0.000000 0.000000 0.000000 0.000000 1.000000
0.999393 -0.022080 0.026953 -0.000000 0.022732 0.999451 -0.024116 5.120100 -0.026406 0.024714 0.999346 0.000000 0.000000 0.000000 0.000000 1.000000
0.999466 -0.019713 0.026043 0.000000 0.020369 0.999475 -0.025183 5.120100 -0.025533 0.025700 0.999344 0.000000 0.000000 0.000000 0.000000 1.000000
0.999529 -0.026030 0.016257 0.000000 0.026377 0.999422 -0.021458 5.120100 -0.015689 0.021876 0.999638 -0.000000 0.000000 0.000000 0.000000 1.000000
0.999202 -0.039768 -0.003695 0.000000 0.039709 0.999099 -0.014975 5.120100 0.004287 0.014816 0.999881 0.000000 0.000000 0.000000 0.000000 1.000000
0.998559 -0.047241 -0.025444 0.000000 0.046862 0.998785 -0.015270 5.120100 0.026134 0.014055 0.999560 0.000000 0.000000 0.000000 0.000000 1.000000
