<?xml version="1.0" encoding="utf-8"?>
<COLLADA xmlns="http://www.collada.org/2005/11/COLLADASchema" version="1.4.1">
  <asset><contributor><author>Mixamo</author><authoring_tool>COLLADA Mixamo exporter</authoring_tool><comments></comments></contributor><created>2020-03-04T18:00:13Z</created><modified>2020-03-04T18:00:13Z</modified><revision></revision><title></title><unit meter="0.010000"/><up_axis>Y_UP</up_axis></asset>
  <library_animations>
    <animation id="mixamorig_Hips-anim" name="mixamorig_Hips"><source id="mixamorig_Hips-Matrix-animation-input"><float_array id="mixamorig_Hips-Matrix-animation-input-array" count="61">

0.000000 0.033333 0.066667 0.100000 0.133333 0.166667 0.200000 0.233333 0.266667 0.300000 0.333333 0.366667 0.400000 0.433333 0.466667 0.500000
0.533333 0.566667 0.600000 0.633333 0.666667 0.700000 0.733333 0.766667 0.800000 0.833333 0.866667 0.900000 0.933333 0.966667 1.000000 1.033333
1.066667 1.100000 1.133333 1.166667 1.200000 1.233333 1.266667 1.300000 1.333333 1.366667 1.400000 1.433333 1.466667 1.500000 1.533333 1.566667
1.600000 1.633333 1.666667 1.700000 1.733333 1.766667 1.800000 1.833333 1.866667 1.900000 1.933333 1.966667 2.000000</float_array><technique_common><accessor source="#mixamorig_Hips-Matrix-animation-input-array" count="61"><param name="TIME" type="float"/></accessor></technique_common></source><source id="mixamorig_Hips-Matrix-animation-output-transform"><float_array id="mixamorig_Hips-Matrix-animation-output-transform-array" count="976">

0.962484 -0.003649 -0.271312 0.071412 -0.020112 0.996200 -0.084747 29.557220 0.270590 0.087024 0.958753 -0.368562 0.000000 0.000000 0.000000 1.000000
0.962335 -0.003621 -0.271841 0.064170 -0.020334 0.996152 -0.085253 29.562582 0.271104 0.087570 0.958558 -0.372579 0.000000 0.000000 0.000000 1.000000
0.962186 -0.003593 -0.272371 0.057103 -0.020559 0.996103 -0.085767 29.567825 0.271617 0.088124 0.958362 -0.376447 0.000000 0.000000 0.000000 1.000000
0.962037 -0.003563 -0.272896 0.049212 -0.020776 0.996057 -0.086246 29.573620 0.272127 0.088642 0.958170 -0.381013 0.000000 0.000000 0.000000 1.000000
0.961891 -0.003526 -0.273409 0.038869 -0.020971 0.996021 -0.086622 29.581062 0.272626 0.089054 0.957990 -0.387658 0.000000 0.000000 0.000000 1.000000
0.961754 -0.003438 -0.273894 0.021942 -0.021126 0.996012 -0.086685 29.592802 0.273100 0.089156 0.957845 -0.399638 0.000000 0.000000 0.000000 1.000000
0.961618 -0.003353 -0.274370 0.001388 -0.021191 0.996031 -0.086445 29.606897 0.273571 0.088941 0.957731 -0.414515 0.000000 0.000000 0.000000 1.000000
0.961480 -0.003249 -0.274856 -0.022267 -0.021206 0.996073 -0.085954 29.622417 0.274056 0.088471 0.957636 -0.431731 0.000000 0.000000 0.000000 1.000000
0.961338 -0.003185 -0.275352 -0.048164 -0.021155 0.996124 -0.085379 29.638821 0.274557 0.087903 0.957545 -0.451188 0.000000 0.000000 0.000000 1.000000
0.961203 -0.003113 -0.275826 -0.075035 -0.021133 0.996166 -0.084888 29.654222 0.275033 0.087424 0.957452 -0.472035 0.000000 0.000000 0.000000 1.000000
0.961108 -0.003045 -0.276156 -0.102641 -0.021131 0.996197 -0.084526 29.667480 0.275363 0.087074 0.957389 -0.493998 0.000000 0.000000 0.000000 1.000000
0.961096 -0.002966 -0.276198 -0.131283 -0.021128 0.996223 -0.084216 29.676992 0.275404 0.086775 0.957404 -0.516990 0.000000 0.000000 0.000000 1.000000
0.961187 -0.002856 -0.275882 -0.159850 -0.021107 0.996255 -0.083852 29.683651 0.275089 0.086420 0.957527 -0.540800 0.000000 0.000000 0.000000 1.000000
0.961366 -0.002761 -0.275260 -0.187842 -0.021012 0.996296 -0.083380 29.687904 0.274471 0.085943 0.957747 -0.565456 0.000000 0.000000 0.000000 1.000000
0.961596 -0.002661 -0.274456 -0.215624 -0.020883 0.996345 -0.082825 29.691519 0.273674 0.085375 0.958026 -0.590865 0.000000 0.000000 0.000000 1.000000
0.961846 -0.002544 -0.273578 -0.243250 -0.020754 0.996397 -0.082235 29.693314 0.272802 0.084775 0.958328 -0.616655 0.000000 0.000000 0.000000 1.000000
0.962105 -0.002457 -0.272669 -0.270229 -0.020582 0.996452 -0.081604 29.690121 0.271902 0.084124 0.958641 -0.642554 0.000000 0.000000 0.000000 1.000000
0.962372 -0.002380 -0.271724 -0.295627 -0.020369 0.996517 -0.080869 29.681526 0.270970 0.083360 0.958971 -0.668181 0.000000 0.000000 0.000000 1.000000
0.962654 -0.002247 -0.270727 -0.319177 -0.020173 0.996591 -0.080002 29.668709 0.269984 0.082475 0.959326 -0.693735 0.000000 0.000000 0.000000 1.000000
0.962949 -0.002118 -0.269674 -0.341482 -0.019953 0.996669 -0.079075 29.655991 0.268943 0.081526 0.959699 -0.720604 0.000000 0.000000 0.000000 1.000000
0.963235 -0.001904 -0.268653 -0.362637 -0.019834 0.996742 -0.078177 29.643772 0.267927 0.080631 0.960059 -0.748375 0.000000 0.000000 0.000000 1.000000
0.963483 -0.001623 -0.267764 -0.381960 -0.019808 0.996810 -0.077318 29.632830 0.267036 0.079798 0.960377 -0.775837 0.000000 0.000000 0.000000 1.000000
0.963680 -0.001297 -0.267057 -0.399158 -0.019844 0.996876 -0.076448 29.622572 0.266322 0.078971 0.960644 -0.801758 0.000000 0.000000 0.000000 1.000000
0.963832 -0.000992 -0.266509 -0.413584 -0.019866 0.996944 -0.075557 29.613510 0.265769 0.078119 0.960866 -0.825700 0.000000 0.000000 0.000000 1.000000
0.963949 -0.000696 -0.266087 -0.425330 -0.019901 0.997007 -0.074705 29.602888 0.265342 0.077307 0.961050 -0.847236 0.000000 0.000000 0.000000 1.000000
0.964040 -0.000425 -0.265756 -0.434091 -0.019956 0.997060 -0.073987 29.589233 0.265007 0.076630 0.961197 -0.866247 0.000000 0.000000 0.000000 1.000000
0.964119 -0.000182 -0.265469 -0.439679 -0.020042 0.997096 -0.073470 29.574085 0.264712 0.076154 0.961316 -0.882563 0.000000 0.000000 0.000000 1.000000
0.964201 0.000008 -0.265173 -0.442437 -0.020122 0.997119 -0.073135 29.559982 0.264409 0.075852 0.961423 -0.895943 0.000000 0.000000 0.000000 1.000000
0.964281 0.000135 -0.264880 -0.441834 -0.020161 0.997136 -0.072889 29.551109 0.264112 0.075626 0.961523 -0.904927 0.000000 0.000000 0.000000 1.000000
0.964329 0.000187 -0.264705 -0.437953 -0.020144 0.997152 -0.072684 29.548767 0.263938 0.075423 0.961586 -0.908504 0.000000 0.000000 0.000000 1.000000
0.964306 0.000195 -0.264792 -0.430169 -0.020137 0.997158 -0.072596 29.551443 0.264025 0.075337 0.961569 -0.906631 0.000000 0.000000 0.000000 1.000000
0.964201 0.000187 -0.265172 -0.417899 -0.020194 0.997148 -0.072724 29.556818 0.264402 0.075475 0.961455 -0.900672 0.000000 0.000000 0.000000 1.000000
0.964046 0.000168 -0.265736 -0.400667 -0.020305 0.997123 -0.073032 29.564014 0.264959 0.075802 0.961276 -0.891371 0.000000 0.000000 0.000000 1.000000
0.963873 0.000138 -0.266363 -0.379453 -0.020421 0.997095 -0.073380 29.572859 0.265579 0.076168 0.961076 -0.878487 0.000000 0.000000 0.000000 1.000000
0.963685 0.000102 -0.267042 -0.355569 -0.020521 0.997071 -0.073678 29.584448 0.266252 0.076482 0.960864 -0.861459 0.000000 0.000000 0.000000 1.000000
0.963486 0.000047 -0.267759 -0.328939 -0.020627 0.997041 -0.074049 29.595572 0.266963 0.076869 0.960636 -0.840266 0.000000 0.000000 0.000000 1.000000
0.963283 -0.000012 -0.268488 -0.300900 -0.020769 0.997000 -0.074558 29.603247 0.267684 0.077397 0.960393 -0.816877 0.000000 0.000000 0.000000 1.000000
0.963064 -0.000068 -0.269271 -0.272216 -0.020933 0.996955 -0.075122 29.609921 0.268457 0.077984 0.960130 -0.792629 0.000000 0.000000 0.000000 1.000000
0.962840 -0.000121 -0.270074 -0.243052 -0.021117 0.996905 -0.075728 29.615593 0.269247 0.078617 0.959857 -0.767680 0.000000 0.000000 0.000000 1.000000
0.962619 -0.000168 -0.270861 -0.213566 -0.021314 0.996852 -0.076365 29.620247 0.270021 0.079283 0.959585 -0.742185 0.000000 0.000000 0.000000 1.000000
0.962411 -0.000211 -0.271598 -0.183934 -0.021517 0.996797 -0.077020 29.623907 0.270745 0.079969 0.959324 -0.716314 0.000000 0.000000 0.000000 1.000000
0.962227 -0.000257 -0.272250 -0.154348 -0.021713 0.996742 -0.077681 29.626715 0.271382 0.080658 0.959086 -0.690268 0.000000 0.000000 0.000000 1.000000
0.962077 -0.000307 -0.272780 -0.124984 -0.021893 0.996687 -0.078337 29.628714 0.271900 0.081338 0.958882 -0.664219 0.000000 0.000000 0.000000 1.000000
0.961970 -0.000360 -0.273154 -0.096004 -0.022052 0.996633 -0.078973 29.629911 0.272263 0.081994 0.958723 -0.638326 0.000000 0.000000 0.000000 1.000000
0.961918 -0.000417 -0.273338 -0.067584 -0.022181 0.996582 -0.079580 29.630367 0.272437 0.082612 0.958621 -0.612763 0.000000 0.000000 0.000000 1.000000
0.961930 -0.000479 -0.273296 -0.039891 -0.022274 0.996534 -0.080143 29.630070 0.272388 0.083180 0.958585 -0.587693 0.000000 0.000000 0.000000 1.000000
0.962122 -0.000554 -0.272619 -0.013969 -0.022269 0.996497 -0.080615 29.626863 0.271708 0.083632 0.958739 -0.563556 0.000000 0.000000 0.000000 1.000000
0.962403 -0.000703 -0.271623 0.008576 -0.022170 0.996457 -0.081134 29.620716 0.270718 0.084105 0.958978 -0.540292 0.000000 0.000000 0.000000 1.000000
0.962630 -0.000905 -0.270818 0.027793 -0.022073 0.996405 -0.081791 29.612751 0.269919 0.084712 0.959149 -0.517603 0.000000 0.000000 0.000000 1.000000
0.962823 -0.001157 -0.270132 0.043949 -0.021954 0.996348 -0.082518 29.603851 0.269241 0.085380 0.959281 -0.495974 0.000000 0.000000 0.000000 1.000000
0.962998 -0.001476 -0.269506 0.057102 -0.021771 0.996291 -0.083248 29.593048 0.268629 0.086035 0.959394 -0.475695 0.000000 0.000000 0.000000 1.000000
0.963169 -0.001803 -0.268892 0.067942 -0.021565 0.996239 -0.083927 29.578426 0.268032 0.086634 0.959507 -0.456685 0.000000 0.000000 0.000000 1.000000
0.963377 -0.002106 -0.268142 0.077290 -0.021337 0.996196 -0.084484 29.561159 0.267300 0.087112 0.959668 -0.438858 0.000000 0.000000 0.000000 1.000000
0.963663 -0.002361 -0.267110 0.085344 -0.021080 0.996170 -0.084858 29.545509 0.266287 0.087406 0.959923 -0.422316 0.000000 0.000000 0.000000 1.000000
0.963979 -0.002555 -0.265967 0.091889 -0.020826 0.996159 -0.085055 29.534973 0.265163 0.087531 0.960222 -0.407557 0.000000 0.000000 0.000000 1.000000
0.964169 -0.002782 -0.265273 0.096161 -0.020560 0.996154 -0.085173 29.531172 0.264489 0.087575 0.960404 -0.394964 0.000000 0.000000 0.000000 1.000000
0.964087 -0.003021 -0.265569 0.097310 -0.020379 0.996146 -0.085311 29.532625 0.264803 0.087659 0.960310 -0.384608 0.000000 0.000000 0.000000 1.000000
0.963757 -0.003199 -0.266764 0.092705 -0.020291 0.996153 -0.085252 29.537613 0.266010 0.087575 0.959984 -0.378906 0.000000 0.000000 0.000000 1.000000
0.963350 -0.003355 -0.268226 0.086003 -0.020225 0.996167 -0.085101 29.543848 0.267484 0.087407 0.959590 -0.375054 0.000000 0.000000 0.000000 1.000000
0.962916 -0.003505 -0.269779 0.078592 -0.020166 0.996184 -0.084921 29.550468 0.269047 0.087212 0.959170 -0.371825 0.000000 0.000000 0.000000 1.000000
0.962485 -0.003655 -0.271312 0.071332 -0.020106 0.996200 -0.084747 29.557016 0.270590 0.087022 0.958753 -0.368462 0.000000 0.000000 0.000000 1.000000</float_array><technique_common><accessor source="#mixamorig_Hips-Matrix-animation-output-transform-array" count="61" stride="16"><param type="float4x4"/></accessor></technique_common></source><source id="mixamorig_Hips-Interpolations"><Name_array id="mixamorig_Hips-Interpolations-array" count="61">
 LINEAR LINEAR LINEAR LINEAR LINEAR LINEAR LINEAR LINEAR LINEAR LINEAR LINEAR
LINEAR LINEAR LINEAR LINEAR LINEAR LINEAR LINEAR LINEAR LINEAR LINEAR LINEAR LINEAR
LINEAR LINEAR LINEAR LINEAR LINEAR LINEAR LINEAR LINEAR LINEAR LINEAR LINEAR LINEAR
LINEAR LINEAR LINEAR LINEAR LINEAR LINEAR LINEAR LINEAR LINEAR LINEAR LINEAR LINEAR
LINEAR LINEAR LINEAR LINEAR LINEAR LINEAR LINEAR LINEAR LINEAR LINEAR LINEAR LINEAR
LINEAR LINEAR</Name_array><technique_common><accessor source="#mixamorig_Hips-Interpolations-array" count="61"><param type="name"/></accessor></technique_common></source><sampler id="mixamorig_Hips-Matrix-animation-transform"><input semantic="INPUT" source="#mixamorig_Hips-Matrix-animation-input"/><input semantic="OUTPUT" source="#mixamorig_Hips-Matrix-animation-output-transform"/><input semantic="INTERPOLATION" source="#mixamorig_Hips-Interpolations"/></sampler><channel source="#mixamorig_Hips-Matrix-animation-transform" target="mixamorig_Hips/matrix"/></animation>
    <animation id="mixamorig_Spine-anim" name="mixamorig_Spine"><source id="mixamorig_Spine-Matrix-animation-input"><float_array id="mixamorig_Spine-Matrix-animation-input-array" count="61">

0.000000 0.033333 0.066667 0.100000 0.133333 0.166667 0.200000 0.233333 0.266667 0.300000 0.333333 0.366667 0.400000 0.433333 0.466667 0.500000
0.533333 0.566667 0.600000 0.633333 0.666667 0.700000 0.733333 0.766667 0.800000 0.833333 0.866667 0.900000 0.933333 0.966667 1.000000 1.033333
1.066667 1.100000 1.133333 1.166667 1.200000 1.233333 1.266667 1.300000 1.333333 1.366667 1.400000 1.433333 1.466667 1.500000 1.533333 1.566667
1.600000 1.633333 1.666667 1.700000 1.733333 1.766667 1.800000 1.833333 1.866667 1.900000 1.933333 1.966667 2.000000</float_array><technique_common><accessor source="#mixamorig_Spine-Matrix-animation-input-array" count="61"><param name="TIME" type="float"/></accessor></technique_common></source><source id="mixamorig_Spine-Matrix-animation-output-transform"><float_array id="mixamorig_Spine-Matrix-animation-output-transform-array" count="976">

0.996976 -0.006243 0.077453 -0.000000 0.024107 0.972436 -0.231920 3.786100 -0.073870 0.233086 0.969646 -0.641600 0.000000 0.000000 0.000000 1.000000
0.996983 -0.005997 0.077392 -0.000000 0.023812 0.972572 -0.231380 3.786100 -0.073882 0.232525 0.969780 -0.641600 0.000000 0.000000 0.000000 1.000000
0.996989 -0.005754 0.077335 0.000000 0.023520 0.972707 -0.230842 3.786100 -0.073896 0.231966 0.969913 -0.641600 0.000000 0.000000 0.000000 1.000000
0.996996 -0.005503 0.077260 0.000000 0.023216 0.972844 -0.230296 3.786100 -0.073895 0.231398 0.970049 -0.641600 0.000000 0.000000 0.000000 1.000000
0.997007 -0.005230 0.077129 0.000000 0.022876 0.972987 -0.229724 3.786100 -0.073844 0.230801 0.970195 -0.641600 0.000000 0.000000 0.000000 1.000000
0.997030 -0.004874 0.076865 -0.000000 0.022421 0.973140 -0.229118 3.786100 -0.073684 0.230161 0.970359 -0.641600 0.000000 0.000000 0.000000 1.000000
0.997057 -0.004339 0.076538 0.000000 0.021792 0.973254 -0.228698 3.786100 -0.073498 0.229693 0.970484 -0.641600 0.000000 0.000000 0.000000 1.000000
0.997085 -0.003666 0.076214 -0.000000 0.021044 0.973320 -0.228485 3.786100 -0.073343 0.229423 0.970560 -0.641600 0.000000 0.000000 0.000000 1.000000
0.997109 -0.002950 0.075923 0.000000 0.020264 0.973378 -0.228309 3.786100 -0.073228 0.229187 0.970624 -0.641600 0.000000 0.000000 0.000000 1.000000
0.997130 -0.002342 0.075671 0.000000 0.019589 0.973465 -0.227995 3.786100 -0.073129 0.228823 0.970717 -0.641600 0.000000 0.000000 0.000000 1.000000
0.997159 -0.001840 0.075301 0.000000 0.018978 0.973586 -0.227532 3.786100 -0.072894 0.228314 0.970855 -0.641600 0.000000 0.000000 0.000000 1.000000
0.997210 -0.001477 0.074632 0.000000 0.018436 0.973703 -0.227074 3.786100 -0.072334 0.227816 0.971014 -0.641600 0.000000 0.000000 0.000000 1.000000
0.997284 -0.001314 0.073643 0.000000 0.018023 0.973800 -0.226691 3.786100 -0.071416 0.227403 0.971179 -0.641600 0.000000 0.000000 0.000000 1.000000
0.997372 -0.001328 0.072432 -0.000000 0.017741 0.973867 -0.226425 3.786100 -0.070238 0.227115 0.971332 -0.641600 0.000000 0.000000 0.000000 1.000000
0.997464 -0.001427 0.071160 0.000000 0.017525 0.973942 -0.226118 3.786100 -0.068984 0.226791 0.971497 -0.641600 0.000000 0.000000 0.000000 1.000000
0.997553 -0.001492 0.069903 -0.000000 0.017276 0.974033 -0.225745 3.786100 -0.067751 0.226400 0.971675 -0.641600 0.000000 0.000000 0.000000 1.000000
0.997632 -0.001620 0.068755 0.000000 0.017114 0.974124 -0.225364 3.786100 -0.066610 0.226007 0.971846 -0.641600 0.000000 0.000000 0.000000 1.000000
0.997700 -0.001934 0.067755 0.000000 0.017175 0.974183 -0.225106 3.786100 -0.065570 0.225752 0.971976 -0.641600 0.000000 0.000000 0.000000 1.000000
0.997766 -0.002396 0.066759 0.000000 0.017393 0.974205 -0.224995 3.786100 -0.064497 0.225653 0.972070 -0.641600 0.000000 0.000000 0.000000 1.000000
0.997826 -0.002824 0.065838 0.000000 0.017601 0.974209 -0.224960 3.786100 -0.063504 0.225630 0.972141 -0.641600 0.000000 0.000000 0.000000 1.000000
0.997873 -0.003299 0.065106 0.000000 0.017896 0.974212 -0.224924 3.786100 -0.062685 0.225611 0.972199 -0.641600 0.000000 0.000000 0.000000 1.000000
0.997910 -0.003844 0.064512 0.000000 0.018297 0.974189 -0.224993 3.786100 -0.061982 0.225703 0.972222 -0.641600 0.000000 0.000000 0.000000 1.000000
0.997927 -0.004534 0.064203 0.000000 0.018911 0.974142 -0.225144 3.786100 -0.061522 0.225892 0.972208 -0.641600 0.000000 0.000000 0.000000 1.000000
0.997943 -0.005241 0.063901 0.000000 0.019549 0.974068 -0.225409 3.786100 -0.061062 0.226194 0.972166 -0.641600 0.000000 0.000000 0.000000 1.000000
0.997957 -0.005996 0.063600 0.000000 0.020233 0.973996 -0.225658 3.786100 -0.060593 0.226484 0.972128 -0.641600 0.000000 0.000000 0.000000 1.000000
0.997976 -0.006755 0.063234 0.000000 0.020906 0.973925 -0.225903 3.786100 -0.060059 0.226768 0.972095 -0.641600 0.000000 0.000000 0.000000 1.000000
0.998001 -0.007442 0.062765 0.000000 0.021486 0.973852 -0.226166 3.786100 -0.059441 0.227062 0.972065 -0.641600 0.000000 0.000000 0.000000 1.000000
0.998027 -0.007959 0.062275 0.000000 0.021893 0.973784 -0.226420 3.786100 -0.058840 0.227336 0.972037 -0.641600 0.000000 0.000000 0.000000 1.000000
0.998044 -0.008362 0.061948 0.000000 0.022226 0.973724 -0.226645 3.786100 -0.058425 0.227579 0.972005 -0.641600 0.000000 0.000000 0.000000 1.000000
0.998039 -0.008691 0.061985 -0.000000 0.022559 0.973704 -0.226695 3.786100 -0.058385 0.227649 0.971991 -0.641600 0.000000 0.000000 0.000000 1.000000
0.998008 -0.009007 0.062434 0.000000 0.022962 0.973723 -0.226574 3.786100 -0.058753 0.227556 0.971991 -0.641600 0.000000 0.000000 0.000000 1.000000
0.997957 -0.009423 0.063183 0.000000 0.023524 0.973766 -0.226333 3.786100 -0.059393 0.227357 0.971999 -0.641600 0.000000 0.000000 0.000000 1.000000
0.997898 -0.010015 0.064018 -0.000000 0.024278 0.973802 -0.226100 3.786100 -0.060076 0.227179 0.971998 -0.641600 0.000000 0.000000 0.000000 1.000000
0.997855 -0.010637 0.064593 -0.000000 0.025011 0.973800 -0.226025 3.786100 -0.060496 0.227156 0.971978 -0.641600 0.000000 0.000000 0.000000 1.000000
0.997823 -0.011043 0.065022 0.000000 0.025501 0.973805 -0.225951 3.786100 -0.060823 0.227117 0.971966 -0.641600 0.000000 0.000000 0.000000 1.000000
0.997797 -0.011134 0.065404 0.000000 0.025692 0.973745 -0.226187 3.786100 -0.061168 0.227369 0.971886 -0.641600 0.000000 0.000000 0.000000 1.000000
0.997762 -0.010927 0.065964 0.000000 0.025640 0.973668 -0.226524 3.786100 -0.061752 0.227708 0.971769 -0.641600 0.000000 0.000000 0.000000 1.000000
0.997723 -0.010600 0.066605 0.000000 0.025490 0.973588 -0.226886 3.786100 -0.062441 0.228067 0.971641 -0.641600 0.000000 0.000000 0.000000 1.000000
0.997680 -0.010182 0.067306 0.000000 0.025268 0.973503 -0.227274 3.786100 -0.063208 0.228448 0.971502 -0.641600 0.000000 0.000000 0.000000 1.000000
0.997635 -0.009704 0.068046 -0.000000 0.024998 0.973412 -0.227691 3.786100 -0.064028 0.228854 0.971353 -0.641600 0.000000 0.000000 0.000000 1.000000
0.997588 -0.009193 0.068807 0.000000 0.024704 0.973316 -0.228137 3.786100 -0.064874 0.229286 0.971195 -0.641600 0.000000 0.000000 0.000000 1.000000
0.997540 -0.008671 0.069564 0.000000 0.024402 0.973211 -0.228615 3.786100 -0.065718 0.229750 0.971028 -0.641600 0.000000 0.000000 0.000000 1.000000
0.997493 -0.008167 0.070296 -0.000000 0.024114 0.973098 -0.229126 3.786100 -0.066534 0.230246 0.970855 -0.641600 0.000000 0.000000 0.000000 1.000000
0.997448 -0.007709 0.070983 0.000000 0.023865 0.972975 -0.229672 3.786100 -0.067295 0.230780 0.970676 -0.641600 0.000000 0.000000 0.000000 1.000000
0.997406 -0.007326 0.071605 0.000000 0.023676 0.972842 -0.230254 3.786100 -0.067974 0.231353 0.970492 -0.641600 0.000000 0.000000 0.000000 1.000000
0.997370 -0.007047 0.072141 0.000000 0.023572 0.972698 -0.230876 3.786100 -0.068544 0.231969 0.970305 -0.641600 0.000000 0.000000 0.000000 1.000000
0.997346 -0.006999 0.072474 0.000000 0.023657 0.972517 -0.231628 3.786100 -0.068861 0.232728 0.970101 -0.641600 0.000000 0.000000 0.000000 1.000000
0.997324 -0.007163 0.072751 0.000000 0.023932 0.972341 -0.232336 3.786100 -0.069075 0.233456 0.969911 -0.641600 0.000000 0.000000 0.000000 1.000000
0.997308 -0.007361 0.072949 0.000000 0.024201 0.972234 -0.232754 3.786100 -0.069210 0.233893 0.969796 -0.641600 0.000000 0.000000 0.000000 1.000000
0.997302 -0.007504 0.073017 0.000000 0.024367 0.972193 -0.232910 3.786100 -0.069239 0.234061 0.969753 -0.641600 0.000000 0.000000 0.000000 1.000000
0.997300 -0.007594 0.073041 -0.000000 0.024465 0.972177 -0.232965 3.786100 -0.069240 0.234123 0.969738 -0.641600 0.000000 0.000000 0.000000 1.000000
0.997295 -0.007747 0.073095 0.000000 0.024630 0.972161 -0.233016 3.786100 -0.069255 0.234186 0.969722 -0.641600 0.000000 0.000000 0.000000 1.000000
0.997270 -0.007986 0.073413 -0.000000 0.024944 0.972132 -0.233102 3.786100 -0.069506 0.234297 0.969677 -0.641600 0.000000 0.000000 0.000000 1.000000
0.997258 -0.008414 0.073517 0.000000 0.025398 0.972078 -0.233281 3.786100 -0.069502 0.234509 0.969626 -0.641600 0.000000 0.000000 0.000000 1.000000
0.997252 -0.009008 0.073531 0.000000 0.025993 0.972022 -0.233449 3.786100 -0.069371 0.234719 0.969585 -0.641600 0.000000 0.000000 0.000000 1.000000
0.997233 -0.009454 0.073742 0.000000 0.026477 0.972011 -0.233438 3.786100 -0.069471 0.234745 0.969571 -0.641600 0.000000 0.000000 0.000000 1.000000
0.997191 -0.009509 0.074288 0.000000 0.026635 0.972087 -0.233102 3.786100 -0.069998 0.234426 0.969610 -0.641600 0.000000 0.000000 0.000000 1.000000
0.997142 -0.008909 0.075027 0.000000 0.026199 0.972181 -0.232762 3.786100 -0.070866 0.234062 0.969635 -0.641600 0.000000 0.000000 0.000000 1.000000
0.997088 -0.008080 0.075827 0.000000 0.025557 0.972272 -0.232453 3.786100 -0.071846 0.233714 0.969647 -0.641600 0.000000 0.000000 0.000000 1.000000
0.997032 -0.007175 0.076647 0.000000 0.024844 0.972361 -0.232155 3.786100 -0.072863 0.233371 0.969654 -0.641600 0.000000 0.000000 0.000000 1.000000
0.996975 -0.006287 0.077463 0.000000 0.024147 0.972451 -0.231854 3.786100 -0.073872 0.233024 0.969661 -0.641600 0.000000 0.000000 0.000000 1.000000</float_array><technique_common><accessor source="#mixamorig_Spine-Matrix-animation-output-transform-array" count="61" stride="16"><param type="float4x4"/></accessor></technique_common></source><source id="mixamorig_Spine-Interpolations"><Name_array id="mixamorig_Spine-Interpolations-array" count="61">
 LINEAR LINEAR LINEAR LINEAR LINEAR LINEAR LINEAR LINEAR LINEAR LINEAR LINEAR
LINEAR LINEAR LINEAR LINEAR LINEAR LINEAR LINEAR LINEAR LINEAR LINEAR LINEAR LINEAR
LINEAR LINEAR LINEAR LINEAR LINEAR LINEAR LINEAR LINEAR LINEAR LINEAR LINEAR LINEAR
LINEAR LINEAR LINEAR LINEAR LINEAR LINEAR LINEAR LINEAR LINEAR LINEAR LINEAR LINEAR
LINEAR LINEAR LINEAR LINEAR LINEAR LINEAR LINEAR LINEAR LINEAR LINEAR LINEAR LINEAR
LINEAR LINEAR</Name_array><technique_common><accessor source="#mixamorig_Spine-Interpolations-array" count="61"><param type="name"/></accessor></technique_common></source><sampler id="mixamorig_Spine-Matrix-animation-transform"><input semantic="INPUT" source="#mixamorig_Spine-Matrix-animation-input"/><input semantic="OUTPUT" source="#mixamorig_Spine-Matrix-animation-output-transform"/><input semantic="INTERPOLATION" source="#mixamorig_Spine-Interpolations"/></sampler><channel source="#mixamorig_Spine-Matrix-animation-transform" target="mixamorig_Spine/matrix"/></animation>
    <animation id="mixamorig_Spine1-anim" name="mixamorig_Spine1"><source id="mixamorig_Spine1-Matrix-animation-input"><float_array id="mixamorig_Spine1-Matrix-animation-input-array" count="61">

0.000000 0.033333 0.066667 0.100000 0.133333 0.166667 0.200000 0.233333 0.266667 0.300000 0.333333 0.366667 0.400000 0.433333 0.466667 0.500000
0.533333 0.566667 0.600000 0.633333 0.666667 0.700000 0.733333 0.766667 0.800000 0.833333 0.866667 0.900000 0.933333 0.966667 1.000000 1.033333
1.066667 1.100000 1.133333 1.166667 1.200000 1.233333 1.266667 1.300000 1.333333 1.366667 1.400000 1.433333 1.466667 1.500000 1.533333 1.566667
1.600000 1.633333 1.666667 1.700000 1.733333 1.766667 1.800000 1.833333 1.866667 1.900000 1.933333 1.966667 2.000000</float_array><technique_common><accessor source="#mixamorig_Spine1-Matrix-animation-input-array" count="61"><param name="TIME" type="float"/></accessor></technique_common></source><source id="mixamorig_Spine1-Matrix-animation-output-transform"><float_array id="mixamorig_Spine1-Matrix-animation-output-transform-array" count="976">

0.999656 0.010879 0.023865 0.000000 -0.009322 0.997879 -0.064432 4.480100 -0.024516 0.064187 0.997637 -0.000000 0.000000 0.000000 0.000000 1.000000
0.999657 0.010868 0.023835 0.000000 -0.009312 0.997879 -0.064427 4.480100 -0.024484 0.064183 0.997638 0.000000 0.000000 0.000000 0.000000 1.000000
0.999658 0.010855 0.023806 0.000000 -0.009302 0.997879 -0.064423 4.480100 -0.024454 0.064179 0.997639 0.000000 0.000000 0.000000 0.000000 1.000000
0.999659 0.010847 0.023769 0.000000 -0.009296 0.997880 -0.064418 4.480100 -0.024418 0.064175 0.997640 0.000000 0.000000 0.000000 0.000000 1.000000
0.999660 0.010853 0.023712 -0.000000 -0.009306 0.997880 -0.064411 4.480100 -0.024361 0.064169 0.997642 0.000000 0.000000 0.000000 0.000000 1.000000
0.999662 0.010870 0.023623 0.000000 -0.009328 0.997880 -0.064405 4.480100 -0.024273 0.064163 0.997644 -0.000000 0.000000 0.000000 0.000000 1.000000
0.999663 0.010888 0.023581 -0.000000 -0.009349 0.997880 -0.064407 4.480100 -0.024233 0.064165 0.997645 0.000000 0.000000 0.000000 0.000000 1.000000
0.999664 0.010889 0.023524 -0.000000 -0.009354 0.997879 -0.064413 4.480100 -0.024176 0.064172 0.997646 0.000000 0.000000 0.000000 0.000000 1.000000
0.999665 0.010880 0.023474 0.000000 -0.009349 0.997881 -0.064383 4.480100 -0.024125 0.064142 0.997649 -0.000000 0.000000 0.000000 0.000000 1.000000
0.999666 0.010845 0.023440 -0.000000 -0.009319 0.997890 -0.064255 4.480100 -0.024087 0.064015 0.997658 0.000000 0.000000 0.000000 0.000000 1.000000
0.999669 0.010785 0.023378 -0.000000 -0.009268 0.997903 -0.064053 4.480100 -0.024020 0.063815 0.997673 0.000000 0.000000 0.000000 0.000000 1.000000
0.999673 0.010727 0.023206 -0.000000 -0.009227 0.997920 -0.063799 4.480100 -0.023842 0.063564 0.997693 0.000000 0.000000 0.000000 0.000000 1.000000
0.999681 0.010636 0.022904 -0.000000 -0.009162 0.997937 -0.063541 4.480100 -0.023533 0.063311 0.997716 0.000000 0.000000 0.000000 0.000000 1.000000
0.999690 0.010564 0.022546 0.000000 -0.009119 0.997955 -0.063263 4.480100 -0.023168 0.063038 0.997742 0.000000 0.000000 0.000000 0.000000 1.000000
0.999698 0.010520 0.022203 0.000000 -0.009101 0.997967 -0.063086 4.480100 -0.022821 0.062865 0.997761 0.000000 0.000000 0.000000 0.000000 1.000000
0.999705 0.010457 0.021910 0.000000 -0.009059 0.997974 -0.062982 4.480100 -0.022524 0.062765 0.997774 -0.000000 0.000000 0.000000 0.000000 1.000000
0.999713 0.010404 0.021598 0.000000 -0.009027 0.997978 -0.062920 4.480100 -0.022209 0.062707 0.997785 0.000000 0.000000 0.000000 0.000000 1.000000
0.999720 0.010356 0.021264 0.000000 -0.009001 0.997981 -0.062873 4.480100 -0.021872 0.062664 0.997795 0.000000 0.000000 0.000000 0.000000 1.000000
0.999727 0.010296 0.020987 -0.000000 -0.008958 0.997981 -0.062883 4.480100 -0.021592 0.062678 0.997800 0.000000 0.000000 0.000000 0.000000 1.000000
0.999733 0.010246 0.020692 0.000000 -0.008925 0.997975 -0.062975 4.480100 -0.021295 0.062773 0.997801 0.000000 0.000000 0.000000 0.000000 1.000000
0.999739 0.010230 0.020404 0.000000 -0.008923 0.997964 -0.063156 4.480100 -0.021009 0.062957 0.997795 -0.000000 0.000000 0.000000 0.000000 1.000000
0.999743 0.010224 0.020257 0.000000 -0.008922 0.997952 -0.063341 4.480100 -0.020863 0.063144 0.997786 0.000000 0.000000 0.000000 0.000000 1.000000
0.999745 0.010240 0.020143 0.000000 -0.008941 0.997938 -0.063564 4.480100 -0.020752 0.063368 0.997774 -0.000000 0.000000 0.000000 0.000000 1.000000
0.999746 0.010234 0.020100 -0.000000 -0.008935 0.997928 -0.063720 4.480100 -0.020711 0.063524 0.997765 0.000000 0.000000 0.000000 0.000000 1.000000
0.999747 0.010213 0.020045 -0.000000 -0.008914 0.997920 -0.063852 4.480100 -0.020655 0.063657 0.997758 0.000000 0.000000 0.000000 0.000000 1.000000
0.999749 0.010170 0.019945 0.000000 -0.008875 0.997911 -0.063989 4.480100 -0.020554 0.063796 0.997751 -0.000000 0.000000 0.000000 0.000000 1.000000
0.999753 0.010140 0.019785 0.000000 -0.008851 0.997902 -0.064140 4.480100 -0.020394 0.063949 0.997745 0.000000 0.000000 0.000000 0.000000 1.000000
0.999757 0.010126 0.019587 0.000000 -0.008848 0.997893 -0.064272 4.480100 -0.020196 0.064083 0.997740 -0.000000 0.000000 0.000000 0.000000 1.000000
0.999760 0.010151 0.019432 0.000000 -0.008882 0.997888 -0.064346 4.480100 -0.020044 0.064157 0.997738 0.000000 0.000000 0.000000 0.000000 1.000000
0.999760 0.010183 0.019386 -0.000000 -0.008915 0.997883 -0.064419 4.480100 -0.020001 0.064231 0.997735 0.000000 0.000000 0.000000 0.000000 1.000000
0.999758 0.010198 0.019478 0.000000 -0.008924 0.997885 -0.064394 4.480100 -0.020094 0.064205 0.997734 0.000000 0.000000 0.000000 0.000000 1.000000
0.999754 0.010202 0.019681 -0.000000 -0.008918 0.997894 -0.064244 4.480100 -0.020295 0.064053 0.997740 0.000000 0.000000 0.000000 0.000000 1.000000
0.999750 0.010213 0.019897 -0.000000 -0.008919 0.997905 -0.064075 4.480100 -0.020510 0.063882 0.997747 0.000000 0.000000 0.000000 0.000000 1.000000
0.999746 0.010221 0.020066 -0.000000 -0.008918 0.997912 -0.063975 4.480100 -0.020678 0.063780 0.997750 0.000000 0.000000 0.000000 0.000000 1.000000
0.999746 0.010185 0.020100 0.000000 -0.008877 0.997902 -0.064124 4.480100 -0.020711 0.063930 0.997739 -0.000000 0.000000 0.000000 0.000000 1.000000
0.999743 0.010233 0.020215 -0.000000 -0.008916 0.997900 -0.064164 4.480100 -0.020829 0.063967 0.997735 0.000000 0.000000 0.000000 0.000000 1.000000
0.999739 0.010280 0.020388 0.000000 -0.008952 0.997899 -0.064166 4.480100 -0.021005 0.063967 0.997731 0.000000 0.000000 0.000000 0.000000 1.000000
0.999735 0.010325 0.020587 -0.000000 -0.008985 0.997900 -0.064148 4.480100 -0.021207 0.063947 0.997728 0.000000 0.000000 0.000000 0.000000 1.000000
0.999730 0.010368 0.020806 -0.000000 -0.009015 0.997902 -0.064117 4.480100 -0.021427 0.063912 0.997725 0.000000 0.000000 0.000000 0.000000 1.000000
0.999725 0.010413 0.021035 -0.000000 -0.009046 0.997904 -0.064080 4.480100 -0.021658 0.063873 0.997723 0.000000 0.000000 0.000000 0.000000 1.000000
0.999719 0.010461 0.021269 -0.000000 -0.009080 0.997906 -0.064045 4.480100 -0.021895 0.063834 0.997720 -0.000000 0.000000 0.000000 0.000000 1.000000
0.999714 0.010515 0.021501 -0.000000 -0.009119 0.997907 -0.064018 4.480100 -0.022129 0.063804 0.997717 0.000000 0.000000 0.000000 0.000000 1.000000
0.999708 0.010575 0.021721 0.000000 -0.009165 0.997907 -0.064008 4.480100 -0.022353 0.063790 0.997713 0.000000 0.000000 0.000000 0.000000 1.000000
0.999703 0.010644 0.021925 0.000000 -0.009220 0.997906 -0.064020 4.480100 -0.022560 0.063799 0.997708 0.000000 0.000000 0.000000 0.000000 1.000000
0.999698 0.010723 0.022103 0.000000 -0.009288 0.997903 -0.064064 4.480100 -0.022744 0.063840 0.997701 0.000000 0.000000 0.000000 0.000000 1.000000
0.999694 0.010815 0.022249 -0.000000 -0.009368 0.997897 -0.064146 4.480100 -0.022896 0.063918 0.997692 -0.000000 0.000000 0.000000 0.000000 1.000000
0.999691 0.010942 0.022316 0.000000 -0.009486 0.997884 -0.064329 4.480100 -0.022973 0.064097 0.997679 0.000000 0.000000 0.000000 0.000000 1.000000
0.999688 0.011082 0.022407 0.000000 -0.009616 0.997871 -0.064498 4.480100 -0.023074 0.064263 0.997666 0.000000 0.000000 0.000000 0.000000 1.000000
0.999682 0.011134 0.022645 -0.000000 -0.009651 0.997866 -0.064586 4.480100 -0.023316 0.064347 0.997655 0.000000 0.000000 0.000000 0.000000 1.000000
0.999675 0.011105 0.022926 0.000000 -0.009603 0.997864 -0.064621 4.480100 -0.023595 0.064380 0.997646 0.000000 0.000000 0.000000 0.000000 1.000000
0.999672 0.011037 0.023100 0.000000 -0.009525 0.997866 -0.064591 4.480100 -0.023764 0.064350 0.997644 -0.000000 0.000000 0.000000 0.000000 1.000000
0.999672 0.011001 0.023114 0.000000 -0.009489 0.997870 -0.064537 4.480100 -0.023775 0.064297 0.997648 0.000000 0.000000 0.000000 0.000000 1.000000
0.999678 0.010971 0.022880 0.000000 -0.009474 0.997872 -0.064511 4.480100 -0.023539 0.064274 0.997655 -0.000000 0.000000 0.000000 0.000000 1.000000
0.999682 0.010977 0.022697 0.000000 -0.009493 0.997873 -0.064500 4.480100 -0.023356 0.064264 0.997660 -0.000000 0.000000 0.000000 0.000000 1.000000
0.999684 0.010984 0.022628 -0.000000 -0.009504 0.997871 -0.064520 4.480100 -0.023288 0.064284 0.997660 0.000000 0.000000 0.000000 0.000000 1.000000
0.999683 0.010969 0.022641 -0.000000 -0.009487 0.997869 -0.064549 4.480100 -0.023300 0.064313 0.997658 -0.000000 0.000000 0.000000 0.000000 1.000000
0.999680 0.010954 0.022791 0.000000 -0.009461 0.997867 -0.064593 4.480100 -0.023450 0.064357 0.997651 0.000000 0.000000 0.000000 0.000000 1.000000
0.999675 0.010933 0.023029 0.000000 -0.009425 0.997868 -0.064588 4.480100 -0.023686 0.064350 0.997646 0.000000 0.000000 0.000000 0.000000 1.000000
0.999669 0.010916 0.023279 -0.000000 -0.009393 0.997870 -0.064561 4.480100 -0.023934 0.064321 0.997642 0.000000 0.000000 0.000000 0.000000 1.000000
0.999664 0.010900 0.023533 -0.000000 -0.009362 0.997872 -0.064528 4.480100 -0.024186 0.064286 0.997638 0.000000 0.000000 0.000000 0.000000 1.000000
0.999658 0.010884 0.023786 -0.000000 -0.009330 0.997874 -0.064496 4.480100 -0.024437 0.064252 0.997634 0.000000 0.000000 0.000000 0.000000 1.000000</float_array><technique_common><accessor source="#mixamorig_Spine1-Matrix-animation-output-transform-array" count="61" stride="16"><param type="float4x4"/></accessor></technique_common></source><source id="mixamorig_Spine1-Interpolations"><Name_array id="mixamorig_Spine1-Interpolations-array" count="61">
 LINEAR LINEAR LINEAR LINEAR LINEAR LINEAR LINEAR LINEAR LINEAR LINEAR LINEAR
LINEAR LINEAR LINEAR LINEAR LINEAR LINEAR LINEAR LINEAR LINEAR LINEAR LINEAR LINEAR
LINEAR LINEAR LINEAR LINEAR LINEAR LINEAR LINEAR LINEAR LINEAR LINEAR LINEAR LINEAR
LINEAR LINEAR LINEAR LINEAR LINEAR LINEAR LINEAR LINEAR LINEAR LINEAR LINEAR LINEAR
LINEAR LINEAR LINEAR LINEAR LINEAR LINEAR LINEAR LINEAR LINEAR LINEAR LINEAR LINEAR
LINEAR LINEAR</Name_array><technique_common><accessor source="#mixamorig_Spine1-Interpolations-array" count="61"><param type="name"/></accessor></technique_common></source><sampler id="mixamorig_Spine1-Matrix-animation-transform"><input semantic="INPUT" source="#mixamorig_Spine1-Matrix-animation-input"/><input semantic="OUTPUT" source="#mixamorig_Spine1-Matrix-animation-output-transform"/><input semantic="INTERPOLATION" source="#mixamorig_Spine1-Interpolations"/></sampler><channel source="#mixamorig_Spine1-Matrix-animation-transform" target="mixamorig_Spine1/matrix"/></animation>
    <animation id="mixamorig_Spine2-anim" name="mixamorig_Spine2"><source id="mixamorig_Spine2-Matrix-animation-input"><float_array id="mixamorig_Spine2-Matrix-animation-input-array" count="61">

0.000000 0.033333 0.066667 0.100000 0.133333 0.166667 0.200000 0.233333 0.266667 0.300000 0.333333 0.366667 0.400000 0.433333 0.466667 0.500000
0.533333 0.566667 0.600000 0.633333 0.666667 0.700000 0.733333 0.766667 0.800000 0.833333 0.866667 0.900000 0.933333 0.966667 1.000000 1.033333
1.066667 1.100000 1.133333 1.166667 1.200000 1.233333 1.266667 1.300000 1.333333 1.366667 1.400000 1.433333 1.466667 1.500000 1.533333 1.566667
1.600000 1.633333 1.666667 1.700000 1.733333 1.766667 1.800000 1.833333 1.866667 1.900000 1.933333 1.966667 2.000000</float_array><technique_common><accessor source="#mixamorig_Spine2-Matrix-animation-input-array" count="61"><param name="TIME" type="float"/></accessor></technique_common></source><source id="mixamorig_Spine2-Matrix-animation-output-transform"><float_array id="mixamorig_Spine2-Matrix-animation-output-transform-array" count="976">

0.999630 0.010661 0.025009 0.000000 -0.009034 0.997889 -0.064313 5.120100 -0.025642 0.064063 0.997616 0.000000 0.000000 0.000000 0.000000 1.000000
0.999631 0.010648 0.025008 0.000000 -0.009021 0.997889 -0.064308 5.120100 -0.025640 0.064058 0.997617 -0.000000 0.000000 0.000000 0.000000 1.000000
0.999631 0.010635 0.025008 0.000000 -0.009008 0.997890 -0.064303 5.120100 -0.025639 0.064054 0.997617 0.000000 0.000000 0.000000 0.000000 1.000000
0.999631 0.010626 0.025000 0.000000 -0.008999 0.997890 -0.064298 5.120100 -0.025631 0.064049 0.997618 0.000000 0.000000 0.000000 0.000000 1.000000
0.999632 0.010629 0.024968 -0.000000 -0.009005 0.997891 -0.064292 5.120100 -0.025599 0.064043 0.997619 0.000000 0.000000 0.000000 0.000000 1.000000
0.999634 0.010641 0.024886 -0.000000 -0.009022 0.997891 -0.064286 5.120100 -0.025518 0.064038 0.997621 0.000000 0.000000 0.000000 0.000000 1.000000
0.999635 0.010656 0.024822 0.000000 -0.009041 0.997890 -0.064288 5.120100 -0.025455 0.064040 0.997623 0.000000 0.000000 0.000000 0.000000 1.000000
0.999637 0.010653 0.024759 0.000000 -0.009042 0.997890 -0.064294 5.120100 -0.025391 0.064047 0.997624 0.000000 0.000000 0.000000 0.000000 1.000000
0.999638 0.010652 0.024696 -0.000000 -0.009046 0.997892 -0.064264 5.120100 -0.025328 0.064017 0.997627 0.000000 0.000000 0.000000 0.000000 1.000000
0.999639 0.010651 0.024664 0.000000 -0.009050 0.997900 -0.064137 5.120100 -0.025296 0.063890 0.997636 0.000000 0.000000 0.000000 0.000000 1.000000
0.999641 0.010613 0.024609 0.000000 -0.009021 0.997913 -0.063933 5.120100 -0.025236 0.063688 0.997651 0.000000 0.000000 0.000000 0.000000 1.000000
0.999646 0.010535 0.024436 0.000000 -0.008961 0.997930 -0.063678 5.120100 -0.025056 0.063437 0.997671 0.000000 0.000000 0.000000 0.000000 1.000000
0.999654 0.010444 0.024124 0.000000 -0.008896 0.997947 -0.063421 5.120100 -0.024737 0.063185 0.997695 0.000000 0.000000 0.000000 0.000000 1.000000
0.999664 0.010365 0.023759 0.000000 -0.008847 0.997965 -0.063147 5.120100 -0.024365 0.062916 0.997721 0.000000 0.000000 0.000000 0.000000 1.000000
0.999673 0.010311 0.023420 -0.000000 -0.008818 0.997976 -0.062970 5.120100 -0.024022 0.062743 0.997741 0.000000 0.000000 0.000000 0.000000 1.000000
0.999680 0.010234 0.023119 0.000000 -0.008763 0.997983 -0.062872 5.120100 -0.023715 0.062649 0.997754 -0.000000 0.000000 0.000000 0.000000 1.000000
0.999688 0.010180 0.022801 -0.000000 -0.008730 0.997987 -0.062807 5.120100 -0.023394 0.062589 0.997765 -0.000000 0.000000 0.000000 0.000000 1.000000
0.999696 0.010151 0.022467 0.000000 -0.008723 0.997990 -0.062765 5.120100 -0.023059 0.062550 0.997775 0.000000 0.000000 0.000000 0.000000 1.000000
0.999703 0.010110 0.022188 -0.000000 -0.008699 0.997989 -0.062782 5.120100 -0.022778 0.062570 0.997781 0.000000 0.000000 0.000000 0.000000 1.000000
0.999710 0.010054 0.021883 -0.000000 -0.008661 0.997984 -0.062875 5.120100 -0.022471 0.062667 0.997781 0.000000 0.000000 0.000000 0.000000 1.000000
0.999717 0.010028 0.021593 0.000000 -0.008649 0.997972 -0.063059 5.120100 -0.022181 0.062855 0.997776 0.000000 0.000000 0.000000 0.000000 1.000000
0.999720 0.010020 0.021443 0.000000 -0.008646 0.997960 -0.063249 5.120100 -0.022033 0.063045 0.997767 -0.000000 0.000000 0.000000 0.000000 1.000000
0.999722 0.010036 0.021337 0.000000 -0.008663 0.997946 -0.063472 5.120100 -0.021930 0.063270 0.997755 0.000000 0.000000 0.000000 0.000000 1.000000
0.999723 0.010033 0.021298 -0.000000 -0.008659 0.997936 -0.063630 5.120100 -0.021892 0.063428 0.997746 0.000000 0.000000 0.000000 0.000000 1.000000
0.999724 0.010012 0.021241 -0.000000 -0.008640 0.997928 -0.063762 5.120100 -0.021836 0.063561 0.997739 0.000000 0.000000 0.000000 0.000000 1.000000
0.999727 0.009967 0.021143 0.000000 -0.008597 0.997919 -0.063900 5.120100 -0.021736 0.063701 0.997732 0.000000 0.000000 0.000000 0.000000 1.000000
0.999730 0.009928 0.020985 0.000000 -0.008566 0.997910 -0.064053 5.120100 -0.021577 0.063856 0.997726 0.000000 0.000000 0.000000 0.000000 1.000000
0.999735 0.009904 0.020781 -0.000000 -0.008551 0.997901 -0.064189 5.120100 -0.021373 0.063994 0.997721 0.000000 0.000000 0.000000 0.000000 1.000000
