<?xml version="1.0" encoding="utf-8"?>
<COLLADA xmlns="http://www.collada.org/2005/11/COLLADASchema" version="1.4.1">
  <asset><contributor><author>Mixamo</author><authoring_tool>COLLADA Mixamo exporter</authoring_tool><comments></comments></contributor><created>2020-03-13T11:04:30Z</created><modified>2020-03-13T11:04:30Z</modified><revision></revision><title></title><unit meter="1.000000"/><up_axis>Y_UP</up_axis></asset>
  <library_animations>
    <animation id="mixamorig_Hips-anim" name="mixamorig_Hips"><source id="mixamorig_Hips-Matrix-animation-input"><float_array id="mixamorig_Hips-Matrix-animation-input-array" count="39">

0.000000 0.033333 0.066667 0.100000 0.133333 0.166667 0.200000 0.233333 0.266667 0.300000 0.333333 0.366667 0.400000 0.433333 0.466667 0.500000
0.533333 0.566667 0.600000 0.633333 0.666667 0.700000 0.733333 0.766667 0.800000 0.833333 0.866667 0.900000 0.933333 0.966667 1.000000 1.033333
1.066667 1.100000 1.133333 1.166667 1.200000 1.233333 1.266667</float_array><technique_common><accessor source="#mixamorig_Hips-Matrix-animation-input-array" count="39"><param name="TIME" type="float"/></accessor></technique_common></source><source id="mixamorig_Hips-Matrix-animation-output-transform"><float_array id="mixamorig_Hips-Matrix-animation-output-transform-array" count="624">

0.962707 -0.004046 -0.270516 0.009166 -0.019640 0.996205 -0.084792 7.193610 0.269833 0.086943 0.958974 -0.058944 0.000000 0.000000 0.000000 1.000000
0.947927 -0.022936 -0.317661 0.024494 -0.006282 0.995863 -0.090650 7.215711 0.318426 0.087925 0.943861 -0.032523 0.000000 0.000000 0.000000 1.000000
0.927560 -0.032219 -0.372282 0.047829 0.004346 0.997139 -0.075468 7.202877 0.373648 0.068383 0.925046 0.007068 0.000000 0.000000 0.000000 1.000000
0.904159 -0.035263 -0.425738 0.084210 0.014122 0.998510 -0.052713 7.137087 0.426962 0.041648 0.903310 0.061351 0.000000 0.000000 0.000000 1.000000
0.880185 -0.037135 -0.473176 0.150367 0.027397 0.999247 -0.027457 7.019903 0.473839 0.011204 0.880540 0.136198 0.000000 0.000000 0.000000 1.000000
0.861669 -0.045788 -0.505400 0.236994 0.046367 0.998859 -0.011443 6.891403 0.505347 -0.013574 0.862809 0.223782 0.000000 0.000000 0.000000 1.000000
0.856216 -0.065582 -0.512439 0.328404 0.068091 0.997582 -0.013901 6.789737 0.512112 -0.022991 0.858611 0.320828 0.000000 0.000000 0.000000 1.000000
0.866920 -0.092814 -0.489729 0.410047 0.087853 0.995581 -0.033165 6.737420 0.490643 -0.014273 0.871244 0.434205 0.000000 0.000000 0.000000 1.000000
0.888809 -0.118134 -0.442790 0.460492 0.102777 0.992976 -0.058618 6.746711 0.446605 0.006591 0.894707 0.568736 0.000000 0.000000 0.000000 1.000000
0.912286 -0.133788 -0.387086 0.469360 0.111740 0.990590 -0.079027 6.819857 0.394017 0.028843 0.918651 0.726374 0.000000 0.000000 0.000000 1.000000
0.930438 -0.136426 -0.340108 0.451859 0.112623 0.989656 -0.088870 6.942370 0.348714 0.044384 0.936178 0.914651 0.000000 0.000000 0.000000 1.000000
0.941806 -0.126674 -0.311376 0.433605 0.104134 0.990658 -0.088048 7.081190 0.319621 0.050499 0.946199 1.133552 0.000000 0.000000 0.000000 1.000000
0.947613 -0.106675 -0.301081 0.422826 0.087513 0.993224 -0.076468 7.194080 0.307198 0.046113 0.950528 1.349387 0.000000 0.000000 0.000000 1.000000
0.949979 -0.072823 -0.303704 0.441663 0.060050 0.996882 -0.051198 7.213840 0.306485 0.030399 0.951390 1.547585 0.000000 0.000000 0.000000 1.000000
0.952067 -0.018262 -0.305344 0.516907 0.015940 0.999822 -0.010094 7.049561 0.305474 0.004743 0.952189 1.743718 0.000000 0.000000 0.000000 1.000000
0.959540 0.037490 -0.279067 0.582219 -0.027862 0.998874 0.038389 6.805974 0.280192 -0.029060 0.959504 1.907222 0.000000 0.000000 0.000000 1.000000
0.977043 0.076832 -0.198705 0.592663 -0.063405 0.995308 0.073082 6.549904 0.203388 -0.058805 0.977331 2.036640 0.000000 0.000000 0.000000 1.000000
0.994536 0.087808 -0.056469 0.550353 -0.083490 0.993701 0.074750 6.354024 0.062677 -0.069627 0.995602 2.156250 0.000000 0.000000 0.000000 1.000000
0.990004 0.071324 0.121678 0.472413 -0.077358 0.995960 0.045605 6.228679 -0.117933 -0.054562 0.991521 2.274352 0.000000 0.000000 0.000000 1.000000
0.957383 0.040861 0.285918 0.388986 -0.044525 0.998988 0.006325 6.150064 -0.285370 -0.018786 0.958233 2.387264 0.000000 0.000000 0.000000 1.000000
0.916810 0.012423 0.399131 0.335530 -0.001199 0.999597 -0.028358 6.100044 -0.399322 0.025520 0.916455 2.490729 0.000000 0.000000 0.000000 1.000000
0.888289 -0.004481 0.459264 0.319155 0.034856 0.997726 -0.057683 6.065774 -0.457961 0.067247 0.886425 2.575363 0.000000 0.000000 0.000000 1.000000
0.873643 -0.010104 0.486463 0.320394 0.056993 0.995027 -0.081687 6.030314 -0.483219 0.099090 0.869874 2.617713 0.000000 0.000000 0.000000 1.000000
0.866203 -0.008408 0.499622 0.319208 0.064584 0.993356 -0.095255 5.998145 -0.495501 0.114778 0.860990 2.605918 0.000000 0.000000 0.000000 1.000000
0.865107 -0.004849 0.501563 0.303584 0.060278 0.993711 -0.094361 5.982102 -0.497952 0.111866 0.859959 2.530423 0.000000 0.000000 0.000000 1.000000
0.875481 -0.003363 0.483241 0.266466 0.049122 0.995416 -0.082067 6.001110 -0.480750 0.095586 0.871632 2.417823 0.000000 0.000000 0.000000 1.000000
0.899246 -0.004715 0.437417 0.202818 0.037704 0.997056 -0.066766 6.069063 -0.435815 0.076531 0.896777 2.285190 0.000000 0.000000 0.000000 1.000000
0.929171 -0.006568 0.369592 0.113179 0.029942 0.997894 -0.057544 6.193120 -0.368436 0.064535 0.927411 2.118186 0.000000 0.000000 0.000000 1.000000
0.954013 -0.007905 0.299660 -0.000194 0.027340 0.997780 -0.060720 6.366789 -0.298515 0.066121 0.952112 1.907231 0.000000 0.000000 0.000000 1.000000
0.968445 -0.009948 0.249028 -0.115641 0.030001 0.996590 -0.076861 6.568712 -0.247415 0.081906 0.965442 1.657014 0.000000 0.000000 0.000000 1.000000
0.975166 -0.014839 0.220976 -0.204500 0.037803 0.994263 -0.100058 6.751012 -0.218223 0.105927 0.970133 1.376692 0.000000 0.000000 0.000000 1.000000
0.980530 -0.017855 0.195557 -0.231104 0.041951 0.991914 -0.119780 6.863056 -0.191837 0.125652 0.973350 1.106906 0.000000 0.000000 0.000000 1.000000
0.988831 -0.019522 0.147757 -0.195940 0.038729 0.990984 -0.128258 6.916392 -0.143921 0.132548 0.980672 0.871666 0.000000 0.000000 0.000000 1.000000
0.997664 -0.018361 0.065803 -0.136084 0.026381 0.992035 -0.123170 6.945843 -0.063017 0.124619 0.990202 0.664675 0.000000 0.000000 0.000000 1.000000
0.999174 -0.017171 -0.036818 -0.078729 0.013000 0.993771 -0.110683 6.970438 0.038490 0.110113 0.993174 0.476460 0.000000 0.000000 0.000000 1.000000
0.990856 -0.017475 -0.133791 -0.040577 0.004104 0.995022 -0.099570 7.004874 0.134865 0.098111 0.985995 0.299764 0.000000 0.000000 0.000000 1.000000
0.978321 -0.017206 -0.206377 -0.021776 -0.002038 0.995695 -0.092671 7.061482 0.207083 0.091083 0.974074 0.140677 0.000000 0.000000 0.000000 1.000000
0.967396 -0.014379 -0.252859 -0.009244 -0.007861 0.996201 -0.086723 7.129240 0.253145 0.085883 0.963609 0.019881 0.000000 0.000000 0.000000 1.000000
0.962707 -0.004045 -0.270516 0.009161 -0.019640 0.996205 -0.084792 7.193610 0.269833 0.086943 0.958974 -0.058941 0.000000 0.000000 0.000000 1.000000</float_array><technique_common><accessor source="#mixamorig_Hips-Matrix-animation-output-transform-array" count="39" stride="16"><param type="float4x4"/></accessor></technique_common></source><source id="mixamorig_Hips-Interpolations"><Name_array id="mixamorig_Hips-Interpolations-array" count="39">
 LINEAR LINEAR LINEAR LINEAR LINEAR LINEAR LINEAR LINEAR LINEAR LINEAR LINEAR
LINEAR LINEAR LINEAR LINEAR LINEAR LINEAR LINEAR LINEAR LINEAR LINEAR LINEAR LINEAR
LINEAR LINEAR LINEAR LINEAR LINEAR LINEAR LINEAR LINEAR LINEAR LINEAR LINEAR LINEAR
LINEAR LINEAR LINEAR LINEAR</Name_array><technique_common><accessor source="#mixamorig_Hips-Interpolations-array" count="39"><param type="name"/></accessor></technique_common></source><sampler id="mixamorig_Hips-Matrix-animation-transform"><input semantic="INPUT" source="#mixamorig_Hips-Matrix-animation-input"/><input semantic="OUTPUT" source="#mixamorig_Hips-Matrix-animation-output-transform"/><input semantic="INTERPOLATION" source="#mixamorig_Hips-Interpolations"/></sampler><channel source="#mixamorig_Hips-Matrix-animation-transform" target="mixamorig_Hips/matrix"/></animation>
    <animation id="mixamorig_Spine-anim" name="mixamorig_Spine"><source id="mixamorig_Spine-Matrix-animation-input"><float_array id="mixamorig_Spine-Matrix-animation-input-array" count="39">

0.000000 0.033333 0.066667 0.100000 0.133333 0.166667 0.200000 0.233333 0.266667 0.300000 0.333333 0.366667 0.400000 0.433333 0.466667 0.500000
0.533333 0.566667 0.600000 0.633333 0.666667 0.700000 0.733333 0.766667 0.800000 0.833333 0.866667 0.900000 0.933333 0.966667 1.000000 1.033333
1.066667 1.100000 1.133333 1.166667 1.200000 1.233333 1.266667</float_array><technique_common><accessor source="#mixamorig_Spine-Matrix-animation-input-array" count="39"><param name="TIME" type="float"/></accessor></technique_common></source><source id="mixamorig_Spine-Matrix-animation-output-transform"><float_array id="mixamorig_Spine-Matrix-animation-output-transform-array" count="624">

0.997046 -0.005513 0.076605 0.000000 0.023709 0.970801 -0.238714 1.040100 -0.073052 0.239825 0.968064 -0.168800 0.000000 0.000000 0.000000 1.000000
0.992680 -0.027104 0.117697 -0.000000 0.052607 0.974227 -0.219348 1.040100 -0.108718 0.223934 0.968521 -0.168800 0.000000 0.000000 0.000000 1.000000
0.988849 -0.054589 0.138558 -0.000000 0.082441 0.975487 -0.204032 1.040100 -0.124023 0.213179 0.969109 -0.168800 0.000000 0.000000 0.000000 1.000000
0.986677 -0.082442 0.140253 0.000000 0.109028 0.974938 -0.193929 1.040100 -0.120750 0.206637 0.970938 -0.168800 0.000000 0.000000 0.000000 1.000000
0.987184 -0.106054 0.119251 0.000000 0.128109 0.972224 -0.195879 1.040100 -0.095165 0.208646 0.973350 -0.168800 0.000000 0.000000 0.000000 1.000000
0.990106 -0.118455 0.075228 0.000000 0.131754 0.969239 -0.207888 1.040100 -0.048289 0.215743 0.975255 -0.168800 0.000000 0.000000 0.000000 1.000000
0.993236 -0.115809 0.008463 0.000000 0.114755 0.967847 -0.223840 1.040100 0.017732 0.223297 0.974589 -0.168800 0.000000 0.000000 0.000000 1.000000
0.992106 -0.096153 -0.080502 0.000000 0.074553 0.968422 -0.237907 1.040100 0.100835 0.230028 0.967946 -0.168800 0.000000 0.000000 0.000000 1.000000
0.980114 -0.059995 -0.189151 0.000000 0.011428 0.968684 -0.248034 1.040100 0.198108 0.240940 0.950106 -0.168800 0.000000 0.000000 0.000000 1.000000
0.952288 -0.007871 -0.305100 0.000000 -0.071922 0.965726 -0.249400 1.040100 0.296606 0.259444 0.919083 -0.168800 0.000000 0.000000 0.000000 1.000000
0.912372 0.056327 -0.405468 0.000000 -0.162413 0.959005 -0.232232 1.040100 0.375765 0.277735 0.884117 -0.168800 0.000000 0.000000 0.000000 1.000000
0.872584 0.121545 -0.473100 0.000000 -0.236009 0.952899 -0.190484 1.040100 0.427664 0.277869 0.860170 -0.168800 0.000000 0.000000 0.000000 1.000000
0.852296 0.178090 -0.491808 -0.000000 -0.275258 0.952238 -0.132200 1.040100 0.444774 0.248048 0.860609 -0.168800 0.000000 0.000000 0.000000 1.000000
0.862493 0.216934 -0.457215 0.000000 -0.283864 0.955334 -0.082209 1.040100 0.418959 0.200692 0.885549 -0.168800 0.000000 0.000000 0.000000 1.000000
0.901256 0.217152 -0.374944 0.000000 -0.257637 0.964328 -0.060786 1.040100 0.348369 0.151383 0.925052 -0.168800 0.000000 0.000000 0.000000 1.000000
0.944991 0.193392 -0.263803 0.000000 -0.216383 0.974414 -0.060789 1.040100 0.245298 0.114527 0.962659 -0.168800 0.000000 0.000000 0.000000 1.000000
0.974121 0.172300 -0.146292 0.000000 -0.183960 0.980422 -0.070220 1.040100 0.131329 0.095315 0.986746 -0.168800 0.000000 0.000000 0.000000 1.000000
0.985814 0.162134 -0.043408 0.000000 -0.165130 0.983197 -0.077813 1.040100 0.030062 0.083877 0.996023 -0.168800 0.000000 0.000000 0.000000 1.000000
0.983930 0.170450 0.053188 0.000000 -0.165456 0.982345 -0.087313 1.040100 -0.067131 0.077110 0.994760 -0.168800 0.000000 0.000000 0.000000 1.000000
0.967879 0.204807 0.145825 -0.000000 -0.188257 0.974813 -0.119579 1.040100 -0.166643 0.088286 0.982057 -0.168800 0.000000 0.000000 0.000000 1.000000
0.938249 0.235713 0.253234 0.000000 -0.194464 0.964721 -0.177472 1.040100 -0.286132 0.117268 0.950987 -0.168800 0.000000 0.000000 0.000000 1.000000
0.897932 0.253089 0.360090 0.000000 -0.171269 0.954573 -0.243839 1.040100 -0.405445 0.157278 0.900488 -0.168800 0.000000 0.000000 0.000000 1.000000
0.857429 0.256308 0.446231 0.000000 -0.128410 0.946271 -0.296785 1.040100 -0.498324 0.197171 0.844273 -0.168800 0.000000 0.000000 0.000000 1.000000
0.832907 0.246077 0.495694 -0.000000 -0.079041 0.939416 -0.333542 1.040100 -0.547740 0.238629 0.801896 -0.168800 0.000000 0.000000 0.000000 1.000000
0.831866 0.219778 0.509605 0.000000 -0.028222 0.933810 -0.356655 1.040100 -0.554259 0.282307 0.783007 -0.168800 0.000000 0.000000 0.000000 1.000000
0.850470 0.184765 0.492506 -0.000000 0.011151 0.929739 -0.368051 1.040100 -0.525905 0.318508 0.788655 -0.168800 0.000000 0.000000 0.000000 1.000000
0.878467 0.155048 0.451947 0.000000 0.028779 0.926998 -0.373962 1.040100 -0.476936 0.341519 0.809874 -0.168800 0.000000 0.000000 0.000000 1.000000
0.909316 0.143248 0.390672 -0.000000 0.017827 0.924602 -0.380516 1.040100 -0.415725 0.352974 0.838202 -0.168800 0.000000 0.000000 0.000000 1.000000
0.939008 0.149197 0.309847 0.000000 -0.018740 0.921850 -0.387094 1.040100 -0.343385 0.357678 0.868420 -0.168800 0.000000 0.000000 0.000000 1.000000
0.963484 0.164964 0.210917 0.000000 -0.071651 0.917798 -0.390529 1.040100 -0.258003 0.361156 0.896103 -0.168800 0.000000 0.000000 0.000000 1.000000
0.978858 0.174369 0.106926 0.000000 -0.120836 0.914750 -0.385527 1.040100 -0.165034 0.364455 0.916480 -0.168800 0.000000 0.000000 0.000000 1.000000
0.986178 0.163313 0.027948 0.000000 -0.141127 0.916331 -0.374728 1.040100 -0.086808 0.365605 0.926713 -0.168800 0.000000 0.000000 0.000000 1.000000
0.991088 0.132735 -0.011267 0.000000 -0.128029 0.925743 -0.355821 1.040100 -0.036800 0.354092 0.934486 -0.168800 0.000000 0.000000 0.000000 1.000000
0.995375 0.095622 -0.009249 0.000000 -0.093150 0.937114 -0.336363 1.040100 -0.023496 0.335668 0.941687 -0.168800 0.000000 0.000000 0.000000 1.000000
0.997748 0.063230 0.022361 0.000000 -0.053180 0.949032 -0.310661 1.040100 -0.040865 0.308772 0.950258 -0.168800 0.000000 0.000000 0.000000 1.000000
0.997471 0.038058 0.060021 0.000000 -0.019962 0.960565 -0.277339 1.040100 -0.068209 0.275440 0.958895 -0.168800 0.000000 0.000000 0.000000 1.000000
0.996216 0.020047 0.084565 0.000000 0.001502 0.968918 -0.247378 1.040100 -0.086896 0.246569 0.965222 -0.168800 0.000000 0.000000 0.000000 1.000000
0.995827 0.007621 0.090937 0.000000 0.013793 0.972489 -0.232541 1.040100 -0.090208 0.232825 0.968326 -0.168800 0.000000 0.000000 0.000000 1.000000
0.997046 -0.005513 0.076605 0.000000 0.023709 0.970801 -0.238714 1.040100 -0.073052 0.239825 0.968064 -0.168800 0.000000 0.000000 0.000000 1.000000</float_array><technique_common><accessor source="#mixamorig_Spine-Matrix-animation-output-transform-array" count="39" stride="16"><param type="float4x4"/></accessor></technique_common></source><source id="mixamorig_Spine-Interpolations"><Name_array id="mixamorig_Spine-Interpolations-array" count="39">
 LINEAR LINEAR LINEAR LINEAR LINEAR LINEAR LINEAR LINEAR LINEAR LINEAR LINEAR
LINEAR LINEAR LINEAR LINEAR LINEAR LINEAR LINEAR LINEAR LINEAR LINEAR LINEAR LINEAR
LINEAR LINEAR LINEAR LINEAR LINEAR LINEAR LINEAR LINEAR LINEAR LINEAR LINEAR LINEAR
LINEAR LINEAR LINEAR LINEAR</Name_array><technique_common><accessor source="#mixamorig_Spine-Interpolations-array" count="39"><param type="name"/></accessor></technique_common></source><sampler id="mixamorig_Spine-Matrix-animation-transform"><input semantic="INPUT" source="#mixamorig_Spine-Matrix-animation-input"/><input semantic="OUTPUT" source="#mixamorig_Spine-Matrix-animation-output-transform"/><input semantic="INTERPOLATION" source="#mixamorig_Spine-Interpolations"/></sampler><channel source="#mixamorig_Spine-Matrix-animation-transform" target="mixamorig_Spine/matrix"/></animation>
    <animation id="mixamorig_Spine1-anim" name="mixamorig_Spine1"><source id="mixamorig_Spine1-Matrix-animation-input"><float_array id="mixamorig_Spine1-Matrix-animation-input-array" count="39">

0.000000 0.033333 0.066667 0.100000 0.133333 0.166667 0.200000 0.233333 0.266667 0.300000 0.333333 0.366667 0.400000 0.433333 0.466667 0.500000
0.533333 0.566667 0.600000 0.633333 0.666667 0.700000 0.733333 0.766667 0.800000 0.833333 0.866667 0.900000 0.933333 0.966667 1.000000 1.033333
1.066667 1.100000 1.133333 1.166667 1.200000 1.233333 1.266667</float_array><technique_common><accessor source="#mixamorig_Spine1-Matrix-animation-input-array" count="39"><param name="TIME" type="float"/></accessor></technique_common></source><source id="mixamorig_Spine1-Matrix-animation-output-transform"><float_array id="mixamorig_Spine1-Matrix-animation-output-transform-array" count="624">

0.999658 0.011017 0.023716 -0.000000 -0.009467 0.997875 -0.064470 1.229300 -0.024376 0.064223 0.997638 0.000000 0.000000 0.000000 0.000000 1.000000
0.999356 0.014056 0.033008 0.000000 -0.011952 0.997936 -0.063098 1.229300 -0.033827 0.062663 0.997461 0.000000 0.000000 0.000000 0.000000 1.000000
0.999244 0.009893 0.037599 -0.000000 -0.007499 0.997967 -0.063290 1.229300 -0.038149 0.062961 0.997287 0.000000 0.000000 0.000000 0.000000 1.000000
0.999314 0.002289 0.036965 0.000000 0.000069 0.997972 -0.063657 1.229300 -0.037036 0.063616 0.997287 0.000000 0.000000 0.000000 0.000000 1.000000
0.999635 -0.005875 0.026351 -0.000000 0.007553 0.997918 -0.064050 1.229300 -0.025920 0.064226 0.997599 0.000000 0.000000 0.000000 0.000000 1.000000
0.999880 -0.015136 0.003250 -0.000000 0.015313 0.997848 -0.063756 1.229300 -0.002278 0.063799 0.997960 0.000000 0.000000 0.000000 0.000000 1.000000
0.999222 -0.026330 -0.029372 0.000000 0.024537 0.997906 -0.059841 1.229300 0.030886 0.059074 0.997776 0.000000 0.000000 0.000000 0.000000 1.000000
0.996633 -0.041768 -0.070549 0.000000 0.038007 0.997826 -0.053835 1.229300 0.072644 0.050972 0.996055 0.000000 0.000000 0.000000 0.000000 1.000000
0.990698 -0.066307 -0.118828 -0.000000 0.060884 0.996956 -0.048706 1.229300 0.121696 0.041018 0.991720 0.000000 0.000000 0.000000 0.000000 1.000000
0.980425 -0.101360 -0.168801 0.000000 0.094466 0.994351 -0.048403 1.229300 0.172753 0.031509 0.984461 -0.000000 0.000000 0.000000 0.000000 1.000000
0.967419 -0.139714 -0.211143 -0.000000 0.131004 0.989868 -0.054762 1.229300 0.216654 0.025318 0.975920 0.000000 0.000000 0.000000 0.000000 1.000000
0.957748 -0.167734 -0.233631 0.000000 0.156934 0.985520 -0.064211 1.229300 0.241018 0.024834 0.970203 0.000000 0.000000 0.000000 0.000000 1.000000
0.957020 -0.172642 -0.233039 0.000000 0.160453 0.984527 -0.070435 1.229300 0.241593 0.030016 0.969913 0.000000 0.000000 0.000000 0.000000 1.000000
0.964738 -0.157196 -0.211117 0.000000 0.145544 0.986891 -0.069737 1.229300 0.219312 0.036551 0.974970 0.000000 0.000000 0.000000 0.000000 1.000000
0.975948 -0.133338 -0.172470 -0.000000 0.123540 0.990116 -0.066402 1.229300 0.179619 0.043498 0.982774 -0.000000 0.000000 0.000000 0.000000 1.000000
0.986743 -0.106022 -0.122869 0.000000 0.099160 0.993219 -0.060694 1.229300 0.128470 0.047705 0.990565 0.000000 0.000000 0.000000 0.000000 1.000000
0.995033 -0.070701 -0.070079 -0.000000 0.066597 0.996019 -0.059261 1.229300 0.073989 0.054300 0.995780 0.000000 0.000000 0.000000 0.000000 1.000000
0.999077 -0.034904 -0.025024 0.000000 0.033166 0.997215 -0.066801 1.229300 0.027286 0.065909 0.997453 0.000000 0.000000 0.000000 0.000000 1.000000
0.999979 -0.003514 0.005411 0.000000 0.003983 0.996000 -0.089262 1.229300 -0.005076 0.089281 0.995994 -0.000000 0.000000 0.000000 0.000000 1.000000
0.999560 0.000933 0.029636 0.000000 0.002568 0.993024 -0.117883 1.229300 -0.029539 0.117907 0.992585 0.000000 0.000000 0.000000 0.000000 1.000000
0.998614 -0.009742 0.051713 0.000000 0.017102 0.989451 -0.143856 1.229300 -0.049766 0.144541 0.988247 0.000000 0.000000 0.000000 0.000000 1.000000
0.996702 -0.025007 0.077195 -0.000000 0.037033 0.986662 -0.158516 1.229300 -0.072202 0.160852 0.984334 0.000000 0.000000 0.000000 0.000000 1.000000
0.994351 -0.037610 0.099255 0.000000 0.054070 0.984174 -0.168751 1.229300 -0.091338 0.173165 0.980648 0.000000 0.000000 0.000000 0.000000 1.000000
0.992727 -0.044417 0.111894 0.000000 0.063655 0.982560 -0.174710 1.229300 -0.102183 0.180562 0.978241 0.000000 0.000000 0.000000 0.000000 1.000000
0.992749 -0.041833 0.112689 0.000000 0.061331 0.982558 -0.175551 1.229300 -0.103380 0.181190 0.977999 -0.000000 0.000000 0.000000 0.000000 1.000000
0.993754 -0.033516 0.106437 0.000000 0.051497 0.983929 -0.170972 1.229300 -0.098996 0.175385 0.979510 0.000000 0.000000 0.000000 0.000000 1.000000
0.995148 -0.021370 0.096044 0.000000 0.036568 0.986539 -0.159387 1.229300 -0.091345 0.162126 0.982533 -0.000000 0.000000 0.000000 0.000000 1.000000
0.996471 -0.008035 0.083547 0.000000 0.019752 0.989900 -0.140382 1.229300 -0.081575 0.141537 0.986566 -0.000000 0.000000 0.000000 0.000000 1.000000
0.997677 0.005156 0.067933 0.000000 0.002805 0.993178 -0.116579 1.229300 -0.068071 0.116498 0.990855 0.000000 0.000000 0.000000 0.000000 1.000000
0.998726 0.013426 0.048653 0.000000 -0.009017 0.995924 -0.089746 1.229300 -0.049659 0.089193 0.994776 -0.000000 0.000000 0.000000 0.000000 1.000000
0.999480 0.016370 0.027772 0.000000 -0.014468 0.997625 -0.067336 1.229300 -0.028809 0.066899 0.997344 -0.000000 0.000000 0.000000 0.000000 1.000000
0.999849 0.015362 0.008131 0.000000 -0.014906 0.998457 -0.053486 1.229300 -0.008940 0.053357 0.998536 0.000000 0.000000 0.000000 0.000000 1.000000
0.999878 0.015617 -0.001031 0.000000 -0.015650 0.998444 -0.053527 1.229300 0.000194 0.053537 0.998566 0.000000 0.000000 0.000000 0.000000 1.000000
0.999883 0.015186 0.001814 0.000000 -0.015060 0.998302 -0.056272 1.229300 -0.002665 0.056238 0.998414 0.000000 0.000000 0.000000 0.000000 1.000000
0.999824 0.015170 0.011075 -0.000000 -0.014467 0.998030 -0.061046 1.229300 -0.011979 0.060875 0.998074 0.000000 0.000000 0.000000 0.000000 1.000000
0.999647 0.016813 0.020595 -0.000000 -0.015400 0.997639 -0.066935 1.229300 -0.021672 0.066594 0.997545 -0.000000 0.000000 0.000000 0.000000 1.000000
0.999511 0.017089 0.026193 0.000000 -0.015220 0.997432 -0.069983 1.229300 -0.027322 0.069550 0.997204 0.000000 0.000000 0.000000 0.000000 1.000000
0.999516 0.014830 0.027353 -0.000000 -0.012920 0.997551 -0.068735 1.229300 -0.028306 0.068348 0.997260 0.000000 0.000000 0.000000 0.000000 1.000000
0.999658 0.011017 0.023716 -0.000000 -0.009467 0.997875 -0.064470 1.229300 -0.024376 0.064223 0.997638 0.000000 0.000000 0.000000 0.000000 1.000000</float_array><technique_common><accessor source="#mixamorig_Spine1-Matrix-animation-output-transform-array" count="39" stride="16"><param type="float4x4"/></accessor></technique_common></source><source id="mixamorig_Spine1-Interpolations"><Name_array id="mixamorig_Spine1-Interpolations-array" count="39">
 LINEAR LINEAR LINEAR LINEAR LINEAR LINEAR LINEAR LINEAR LINEAR LINEAR LINEAR
LINEAR LINEAR LINEAR LINEAR LINEAR LINEAR LINEAR LINEAR LINEAR LINEAR LINEAR LINEAR
LINEAR LINEAR LINEAR LINEAR LINEAR LINEAR LINEAR LINEAR LINEAR LINEAR LINEAR LINEAR
LINEAR LINEAR LINEAR LINEAR</Name_array><technique_common><accessor source="#mixamorig_Spine1-Interpolations-array" count="39"><param type="name"/></accessor></technique_common></source><sampler id="mixamorig_Spine1-Matrix-animation-transform"><input semantic="INPUT" source="#mixamorig_Spine1-Matrix-animation-input"/><input semantic="OUTPUT" source="#mixamorig_Spine1-Matrix-animation-output-transform"/><input semantic="INTERPOLATION" source="#mixamorig_Spine1-Interpolations"/></sampler><channel source="#mixamorig_Spine1-Matrix-animation-transform" target="mixamorig_Spine1/matrix"/></animation>
    <animation id="mixamorig_Spine2-anim" name="mixamorig_Spine2"><source id="mixamorig_Spine2-Matrix-animation-input"><float_array id="mixamorig_Spine2-Matrix-animation-input-array" count="39">

0.000000 0.033333 0.066667 0.100000 0.133333 0.166667 0.200000 0.233333 0.266667 0.300000 0.333333 0.366667 0.400000 0.433333 0.466667 0.500000
0.533333 0.566667 0.600000 0.633333 0.666667 0.700000 0.733333 0.766667 0.800000 0.833333 0.866667 0.900000 0.933333 0.966667 1.000000 1.033333
1.066667 1.100000 1.133333 1.166667 1.200000 1.233333 1.266667</float_array><technique_common><accessor source="#mixamorig_Spine2-Matrix-animation-input-array" count="39"><param name="TIME" type="float"/></accessor></technique_common></source><source id="mixamorig_Spine2-Matrix-animation-output-transform"><float_array id="mixamorig_Spine2-Matrix-animation-output-transform-array" count="624">

0.999628 0.010898 0.024997 0.000000 -0.009270 0.997885 -0.064343 1.404900 -0.025645 0.064087 0.997615 0.000000 0.000000 0.000000 0.000000 1.000000
0.999300 0.014902 0.034313 0.000000 -0.012707 0.997912 -0.063318 1.404900 -0.035185 0.062838 0.997403 0.000000 0.000000 0.000000 0.000000 1.000000
0.999169 0.011222 0.039187 0.000000 -0.008703 0.997921 -0.063860 1.404900 -0.039822 0.063466 0.997189 0.000000 0.000000 0.000000 0.000000 1.000000
0.999232 0.003424 0.039023 0.000000 -0.000901 0.997918 -0.064483 1.404900 -0.039163 0.064398 0.997156 -0.000000 0.000000 0.000000 0.000000 1.000000
0.999573 -0.005703 0.028658 0.000000 0.007534 0.997910 -0.064185 1.404900 -0.028232 0.064374 0.997526 -0.000000 0.000000 0.000000 0.000000 1.000000
0.999851 -0.016321 0.005599 -0.000000 0.016637 0.997929 -0.062133 1.404900 -0.004573 0.062217 0.998052 0.000000 0.000000 0.000000 0.000000 1.000000
0.999221 -0.028738 -0.027032 -0.000000 0.027189 0.998060 -0.056006 1.404900 0.028589 0.055227 0.998064 0.000000 0.000000 0.000000 0.000000 1.000000
0.996595 -0.046089 -0.068363 0.000000 0.042891 0.997948 -0.047540 1.404900 0.070414 0.044446 0.996527 -0.000000 0.000000 0.000000 0.000000 1.000000
0.990406 -0.073936 -0.116745 -0.000000 0.069684 0.996763 -0.040101 1.404900 0.119332 0.031581 0.992352 0.000000 0.000000 0.000000 0.000000 1.000000
0.979495 -0.113700 -0.166319 0.000000 0.108692 0.993313 -0.038937 1.404900 0.169634 0.020061 0.985303 0.000000 0.000000 0.000000 0.000000 1.000000
0.965604 -0.156715 -0.207484 0.000000 0.150294 0.987549 -0.046461 1.404900 0.212182 0.013679 0.977134 -0.000000 0.000000 0.000000 0.000000 1.000000
0.955501 -0.185737 -0.229173 0.000000 0.177386 0.982506 -0.056708 1.404900 0.235696 0.013533 0.971733 0.000000 0.000000 0.000000 0.000000 1.000000
0.954737 -0.190422 -0.228512 0.000000 0.180451 0.981502 -0.063966 1.404900 0.236465 0.019835 0.971437 0.000000 0.000000 0.000000 0.000000 1.000000
0.962869 -0.173885 -0.206512 0.000000 0.164065 0.984378 -0.063893 1.404900 0.214396 0.027639 0.976356 0.000000 0.000000 0.000000 0.000000 1.000000
0.974551 -0.149543 -0.166996 0.000000 0.141186 0.988107 -0.060911 1.404900 0.174119 0.035783 0.984074 0.000000 0.000000 0.000000 0.000000 1.000000
0.985778 -0.121189 -0.116423 0.000000 0.115433 0.991792 -0.054993 1.404900 0.122132 0.040772 0.991676 -0.000000 0.000000 0.000000 0.000000 1.000000
0.994540 -0.082474 -0.063935 0.000000 0.079093 0.995418 -0.053736 1.404900 0.068074 0.048386 0.996506 0.000000 0.000000 0.000000 0.000000 1.000000
0.998840 -0.043649 -0.020308 0.000000 0.042293 0.997116 -0.063013 1.404900 0.023000 0.062081 0.997806 0.000000 0.000000 0.000000 0.000000 1.000000
0.999889 -0.012926 0.007420 -0.000000 0.013522 0.996136 -0.086779 1.404900 -0.006269 0.086870 0.996200 0.000000 0.000000 0.000000 0.000000 1.000000
0.999517 -0.007084 0.030266 0.000000 0.010552 0.993191 -0.116016 1.404900 -0.029238 0.116279 0.992786 -0.000000 0.000000 0.000000 0.000000 1.000000
0.998537 -0.016346 0.051542 0.000000 0.023503 0.989663 -0.141476 1.404900 -0.048697 0.142481 0.988599 0.000000 0.000000 0.000000 0.000000 1.000000
0.996583 -0.029375 0.077199 0.000000 0.041124 0.987007 -0.155327 1.404900 -0.071633 0.157971 0.984842 -0.000000 0.000000 0.000000 0.000000 1.000000
0.994228 -0.039171 0.099885 -0.000000 0.055307 0.984862 -0.164282 1.404900 -0.091938 0.168858 0.981343 -0.000000 0.000000 0.000000 0.000000 1.000000
0.992619 -0.043426 0.113230 -0.000000 0.062343 0.983592 -0.169291 1.404900 -0.104020 0.175101 0.979040 0.000000 0.000000 0.000000 0.000000 1.000000
0.992643 -0.040746 0.114015 0.000000 0.059968 0.983511 -0.170615 1.404900 -0.105183 0.176197 0.978719 0.000000 0.000000 0.000000 0.000000 1.000000
0.993688 -0.031852 0.107559 0.000000 0.049675 0.984647 -0.167339 1.404900 -0.100577 0.171626 0.980015 0.000000 0.000000 0.000000 0.000000 1.000000
0.995092 -0.018880 0.097137 0.000000 0.034072 0.986978 -0.157207 1.404900 -0.092904 0.159745 0.982777 -0.000000 0.000000 0.000000 0.000000 1.000000
0.996385 -0.005014 0.084807 0.000000 0.016819 0.990141 -0.139062 1.404900 -0.083273 0.139986 0.986646 0.000000 0.000000 0.000000 0.000000 1.000000
0.997572 0.008106 0.069162 -0.000000 -0.000067 0.993313 -0.115453 1.404900 -0.069636 0.115168 0.990902 0.000000 0.000000 0.000000 0.000000 1.000000
0.998628 0.015828 0.049920 0.000000 -0.011352 0.995993 -0.088706 1.404900 -0.051124 0.088018 0.994806 0.000000 0.000000 0.000000 0.000000 1.000000
0.999423 0.017916 0.028845 0.000000 -0.015973 0.997675 -0.066253 1.404900 -0.029965 0.065754 0.997386 0.000000 0.000000 0.000000 0.000000 1.000000
0.999865 0.013579 0.009228 0.000000 -0.013077 0.998536 -0.052487 1.404900 -0.009927 0.052359 0.998579 0.000000 0.000000 0.000000 0.000000 1.000000
0.999930 0.011825 -0.000465 0.000000 -0.011833 0.998546 -0.052594 1.404900 -0.000158 0.052596 0.998616 -0.000000 0.000000 0.000000 0.000000 1.000000
0.999916 0.012702 0.002581 0.000000 -0.012539 0.998383 -0.055445 1.404900 -0.003281 0.055408 0.998458 0.000000 0.000000 0.000000 0.000000 1.000000
0.999820 0.014476 0.012252 0.000000 -0.013710 0.998077 -0.060454 1.404900 -0.013104 0.060275 0.998096 0.000000 0.000000 0.000000 0.000000 1.000000
0.999624 0.016764 0.021682 0.000000 -0.015289 0.997669 -0.066509 1.404900 -0.022746 0.066153 0.997550 0.000000 0.000000 0.000000 0.000000 1.000000
0.999484 0.017002 0.027234 0.000000 -0.015068 0.997454 -0.069708 1.404900 -0.028350 0.069261 0.997196 -0.000000 0.000000 0.000000 0.000000 1.000000
0.999483 0.014763 0.028574 -0.000000 -0.012773 0.997563 -0.068595 1.404900 -0.029517 0.068195 0.997235 0.000000 0.000000 0.000000 0.000000 1.000000
0.999628 0.010898 0.024996 0.000000 -0.009270 0.997885 -0.064343 1.404900 -0.025645 0.064087 0.997615 0.000000 0.000000 0.000000 0.000000 1.000000</float_array><technique_common><accessor source="#mixamorig_Spine2-Matrix-animation-output-transform-array" count="39" stride="16"><param type="float4x4"/></accessor></technique_common></source><source id="mixamorig_Spine2-Interpolations"><Name_array id="mixamorig_Spine2-Interpolations-array" count="39">
 LINEAR LINEAR LINEAR LINEAR LINEAR LINEAR LINEAR LINEAR LINEAR LINEAR LINEAR
LINEAR LINEAR LINEAR LINEAR LINEAR LINEAR LINEAR LINEAR LINEAR LINEAR LINEAR LINEAR
LINEAR LINEAR LINEAR LINEAR LINEAR LINEAR LINEAR LINEAR LINEAR LINEAR LINEAR LINEAR
LINEAR LINEAR LINEAR LINEAR</Name_array><technique_common><accessor source="#mixamorig_Spine2-Interpolations-array" count="39"><param type="name"/></accessor></technique_common></source><sampler id="mixamorig_Spine2-Matrix-animation-transform"><input semantic="INPUT" source="#mixamorig_Spine2-Matrix-animation-input"/><input semantic="OUTPUT" source="#mixamorig_Spine2-Matrix-animation-output-transform"/><input semantic="INTERPOLATION" source="#mixamorig_Spine2-Interpolations"/></sampler><channel source="#mixamorig_Spine2-Matrix-animation-transform" target="mixamorig_Spine2/matrix"/></animation>
    <animation id="mixamorig_Neck-anim" name="mixamorig_Neck"><source id="mixamorig_Neck-Matrix-animation-input"><float_array id="mixamorig_Neck-Matrix-animation-input-array" count="39">

0.000000 0.033333 0.066667 0.100000 0.133333 0.166667 0.200000 0.233333 0.266667 0.300000 0.333333 0.366667 0.400000 0.433333 0.466667 0.500000
0.533333 0.566667 0.600000 0.633333 0.666667 0.700000 0.733333 0.766667 0.800000 0.833333 0.866667 0.900000 0.933333 0.966667 1.000000 1.033333
1.066667 1.100000 1.133333 1.166667 1.200000 1.233333 1.266667</float_array><technique_common><accessor source="#mixamorig_Neck-Matrix-animation-input-array" count="39"><param name="TIME" type="float"/></accessor></technique_common></source><source id="mixamorig_Neck-Matrix-animation-output-transform"><float_array id="mixamorig_Neck-Matrix-animation-output-transform-array" count="624">

0.999013 -0.039858 0.019593 0.000000 0.038603 0.997408 0.060727 1.580500 -0.021962 -0.059911 0.997962 -0.000000 0.000000 0.000000 0.000000 1.000000
0.999615 -0.015420 0.023086 0.000000 0.013763 0.997434 0.070260 1.580500 -0.024111 -0.069915 0.997262 -0.000000 0.000000 0.000000 0.000000 1.000000
0.998921 0.006167 0.046026 0.000000 -0.010782 0.994857 0.100716 1.580500 -0.045168 -0.101103 0.993850 -0.000000 0.000000 0.000000 0.000000 1.000000
0.996271 0.015141 0.084941 0.000000 -0.027457 0.988938 0.145769 1.580500 -0.081794 -0.147557 0.985666 0.000000 0.000000 0.000000 0.000000 1.000000
0.992112 0.007859 0.125109 0.000000 -0.033082 0.979066 0.200836 1.580500 -0.120912 -0.203391 0.971603 0.000000 0.000000 0.000000 0.000000 1.000000
0.986529 -0.010549 0.163244 0.000000 -0.033664 0.963468 0.265701 1.580500 -0.160083 -0.267617 0.950134 0.000000 0.000000 0.000000 0.000000 1.000000
0.979118 -0.031488 0.200838 -0.000000 -0.039438 0.939742 0.339603 1.580500 -0.199429 -0.340432 0.918877 0.000000 0.000000 0.000000 0.000000 1.000000
0.970050 -0.047997 0.238115 0.000000 -0.060197 0.902202 0.427093 1.580500 -0.235327 -0.428636 0.872292 -0.000000 0.000000 0.000000 0.000000 1.000000
0.959067 -0.043740 0.279780 0.000000 -0.102267 0.867822 0.486236 1.580500 -0.264067 -0.494945 0.827827 -0.000000 0.000000 0.000000 0.000000 1.000000
0.947890 -0.003052 0.318583 0.000000 -0.158780 0.862400 0.480683 1.580500 -0.276213 -0.506219 0.816975 0.000000 0.000000 0.000000 0.000000 1.000000
0.935071 0.064441 0.348554 0.000000 -0.216766 0.881989 0.418460 1.580500 -0.280455 -0.466844 0.838691 0.000000 0.000000 0.000000 0.000000 1.000000
0.923273 0.130794 0.361193 0.000000 -0.251588 0.916420 0.311253 1.580500 -0.290294 -0.378243 0.879012 0.000000 0.000000 0.000000 0.000000 1.000000
0.926253 0.161769 0.340421 -0.000000 -0.235992 0.953166 0.189165 1.580500 -0.293877 -0.255551 0.921048 0.000000 0.000000 0.000000 0.000000 1.000000
0.949756 0.130087 0.284678 0.000000 -0.160374 0.983329 0.085700 1.580500 -0.268784 -0.127049 0.954785 0.000000 0.000000 0.000000 0.000000 1.000000
0.963411 0.120132 0.239600 -0.000000 -0.127790 0.991662 0.016628 1.580500 -0.235604 -0.046638 0.970729 0.000000 0.000000 0.000000 0.000000 1.000000
0.970826 0.133948 0.198882 0.000000 -0.129952 0.990969 -0.033073 1.580500 -0.201515 0.006263 0.979465 -0.000000 0.000000 0.000000 0.000000 1.000000
0.992819 0.050994 0.108217 -0.000000 -0.047408 0.998246 -0.035464 1.580500 -0.109835 0.030079 0.993495 -0.000000 0.000000 0.000000 0.000000 1.000000
0.999307 -0.037145 0.002418 0.000000 0.037151 0.999306 -0.002534 1.580500 -0.002322 0.002622 0.999994 0.000000 0.000000 0.000000 0.000000 1.000000
0.987095 -0.090009 -0.132444 0.000000 0.100041 0.992437 0.071138 1.580500 0.125039 -0.083470 0.988634 -0.000000 0.000000 0.000000 0.000000 1.000000
0.974390 -0.093728 -0.204400 0.000000 0.134062 0.971915 0.193413 1.580500 0.180531 -0.215862 0.959590 0.000000 0.000000 0.000000 0.000000 1.000000
0.969048 -0.041600 -0.243343 -0.000000 0.122279 0.937174 0.326730 1.580500 0.214463 -0.346373 0.913253 -0.000000 0.000000 0.000000 0.000000 1.000000
0.976090 0.018004 -0.216620 -0.000000 0.073199 0.911133 0.405560 1.580500 0.204671 -0.411720 0.888030 0.000000 0.000000 0.000000 0.000000 1.000000
0.986579 0.031541 -0.160212 0.000000 0.039440 0.906085 0.421253 1.580500 0.158452 -0.421918 0.892680 0.000000 0.000000 0.000000 0.000000 1.000000
0.991170 0.003062 -0.132558 0.000000 0.051958 0.910812 0.409539 1.580500 0.121990 -0.412810 0.902611 -0.000000 0.000000 0.000000 0.000000 1.000000
0.987812 -0.031002 -0.152534 -0.000000 0.090497 0.911704 0.400758 1.580500 0.126642 -0.409677 0.903397 0.000000 0.000000 0.000000 0.000000 1.000000
0.980635 -0.054269 -0.188178 -0.000000 0.122061 0.920757 0.370550 1.580500 0.153157 -0.386343 0.909550 0.000000 0.000000 0.000000 0.000000 1.000000
0.978309 -0.072873 -0.193912 0.000000 0.128076 0.948507 0.289707 1.580500 0.162815 -0.308258 0.937266 0.000000 0.000000 0.000000 0.000000 1.000000
0.980303 -0.079504 -0.180792 0.000000 0.113612 0.975781 0.186931 1.580500 0.161552 -0.203789 0.965594 0.000000 0.000000 0.000000 0.000000 1.000000
0.982625 -0.080447 -0.167262 0.000000 0.097731 0.990396 0.097800 1.580500 0.157788 -0.112448 0.981050 0.000000 0.000000 0.000000 0.000000 1.000000
0.985910 -0.084797 -0.144188 0.000000 0.091546 0.994964 0.040820 1.580500 0.140001 -0.053445 0.988708 0.000000 0.000000 0.000000 0.000000 1.000000
0.989094 -0.094419 -0.113044 0.000000 0.097591 0.994964 0.022852 1.580500 0.110317 -0.033635 0.993327 -0.000000 0.000000 0.000000 0.000000 1.000000
0.991253 -0.098623 -0.087695 0.000000 0.102247 0.994039 0.037836 1.580500 0.083440 -0.046471 0.995429 -0.000000 0.000000 0.000000 0.000000 1.000000
0.992984 -0.096146 -0.068834 0.000000 0.101527 0.991651 0.079501 1.580500 0.060616 -0.085932 0.994455 0.000000 0.000000 0.000000 0.000000 1.000000
0.995440 -0.080393 -0.051334 0.000000 0.085537 0.990526 0.107433 1.580500 0.042211 -0.111334 0.992886 -0.000000 0.000000 0.000000 0.000000 1.000000
0.997681 -0.059323 -0.033373 -0.000000 0.062627 0.992099 0.108706 1.580500 0.026661 -0.110544 0.993514 0.000000 0.000000 0.000000 0.000000 1.000000
0.998773 -0.045739 -0.018984 -0.000000 0.047307 0.994579 0.092603 1.580500 0.014646 -0.093388 0.995522 0.000000 0.000000 0.000000 0.000000 1.000000
0.999163 -0.040611 -0.004943 0.000000 0.040863 0.996502 0.072899 1.580500 0.001966 -0.073040 0.997327 0.000000 0.000000 0.000000 0.000000 1.000000
0.999175 -0.039416 0.009736 0.000000 0.038783 0.997545 0.058314 1.580500 -0.012011 -0.057889 0.998251 0.000000 0.000000 0.000000 0.000000 1.000000
0.999013 -0.039858 0.019593 0.000000 0.038603 0.997408 0.060727 1.580500 -0.021962 -0.059911 0.997962 0.000000 0.000000 0.000000 0.000000 1.000000</float_array><technique_common><accessor source="#mixamorig_Neck-Matrix-animation-output-transform-array" count="39" stride="16"><param type="float4x4"/></accessor></technique_common></source><source id="mixamorig_Neck-Interpolations"><Name_array id="mixamorig_Neck-Interpolations-array" count="39">
 LINEAR LINEAR LINEAR LINEAR LINEAR LINEAR LINEAR LINEAR LINEAR LINEAR LINEAR
LINEAR LINEAR LINEAR LINEAR LINEAR LINEAR LINEAR LINEAR LINEAR LINEAR LINEAR LINEAR
LINEAR LINEAR LINEAR LINEAR LINEAR LINEAR LINEAR LINEAR LINEAR LINEAR LINEAR LINEAR
LINEAR LINEAR LINEAR LINEAR</Name_array><technique_common><accessor source="#mixamorig_Neck-Interpolations-array" count="39"><param type="name"/></accessor></technique_common></source><sampler id="mixamorig_Neck-Matrix-animation-transform"><input semantic="INPUT" source="#mixamorig_Neck-Matrix-animation-input"/><input semantic="OUTPUT" source="#mixamorig_Neck-Matrix-animation-output-transform"/><input semantic="INTERPOLATION" source="#mixamorig_Neck-Interpolations"/></sampler><channel source="#mixamorig_Neck-Matrix-animation-transform" target="mixamorig_Neck/matrix"/></animation>
    <animation id="mixamorig_Head-anim" name="mixamorig_Head"><source id="mixamorig_Head-Matrix-animation-input"><float_array id="mixamorig_Head-Matrix-animation-input-array" count="39">

0.000000 0.033333 0.066667 0.100000 0.133333 0.166667 0.200000 0.233333 0.266667 0.300000 0.333333 0.366667 0.400000 0.433333 0.466667 0.500000
0.533333 0.566667 0.600000 0.633333 0.666667 0.700000 0.733333 0.766667 0.800000 0.833333 0.866667 0.900000 0.933333 0.966667 1.000000 1.033333
