<?xml version="1.0" encoding="utf-8"?>
<COLLADA xmlns="http://www.collada.org/2005/11/COLLADASchema" version="1.4.1">
  <asset><contributor><author>Mixamo</author><authoring_tool>COLLADA Mixamo exporter</authoring_tool><comments></comments></contributor><created>2020-03-04T18:02:31Z</created><modified>2020-03-04T18:02:31Z</modified><revision></revision><title></title><unit meter="0.010000"/><up_axis>Y_UP</up_axis></asset>
  <library_animations>
    <animation id="mixamorig_Hips-anim" name="mixamorig_Hips"><source id="mixamorig_Hips-Matrix-animation-input"><float_array id="mixamorig_Hips-Matrix-animation-input-array" count="19">

0.000000 0.033333 0.066667 0.100000 0.133333 0.166667 0.200000 0.233333 0.266667 0.300000 0.333333 0.366667 0.400000 0.433333 0.466667 0.500000
0.533333 0.566667 0.600000</float_array><technique_common><accessor source="#mixamorig_Hips-Matrix-animation-input-array" count="19"><param name="TIME" type="float"/></accessor></technique_common></source><source id="mixamorig_Hips-Matrix-animation-output-transform"><float_array id="mixamorig_Hips-Matrix-animation-output-transform-array" count="304">

0.774596 -0.046966 -0.630710 0.450628 -0.221868 0.913685 -0.340522 26.831089 0.592263 0.403701 0.697316 -1.723684 0.000000 0.000000 0.000000 1.000000
0.788045 -0.088001 -0.609296 0.357739 -0.177061 0.915511 -0.361232 27.243919 0.589606 0.392550 0.705882 -1.830129 0.000000 0.000000 0.000000 1.000000
0.830837 -0.132359 -0.540547 0.034765 -0.113925 0.910284 -0.398000 28.068211 0.544730 0.392255 0.741219 -1.812830 0.000000 0.000000 0.000000 1.000000
0.886175 -0.147851 -0.439129 -0.368040 -0.063242 0.900260 -0.430734 28.903315 0.459014 0.409477 0.788438 -1.836729 0.000000 0.000000 0.000000 1.000000
0.931782 -0.118817 -0.343023 -0.563966 -0.045170 0.899628 -0.434314 29.347691 0.360197 0.420180 0.832891 -2.094302 0.000000 0.000000 0.000000 1.000000
0.955237 -0.068566 -0.287787 -0.435690 -0.056285 0.912883 -0.404322 28.986567 0.290439 0.402421 0.868161 -2.718521 0.000000 0.000000 0.000000 1.000000
0.958907 -0.053378 -0.278656 -0.163533 -0.055169 0.928318 -0.367671 27.895781 0.278307 0.367936 0.887225 -3.556252 0.000000 0.000000 0.000000 1.000000
0.948235 -0.085938 -0.305721 0.092136 -0.027645 0.936696 -0.349050 27.001522 0.316364 0.339433 0.885832 -4.032029 0.000000 0.000000 0.000000 1.000000
0.925938 -0.115969 -0.359429 0.291463 -0.019487 0.935752 -0.352119 26.672049 0.377171 0.333045 0.864189 -3.896239 0.000000 0.000000 0.000000 1.000000
0.904363 -0.099036 -0.415114 0.499462 -0.070995 0.924234 -0.375169 26.697912 0.420817 0.368760 0.828812 -3.311037 0.000000 0.000000 0.000000 1.000000
0.890528 -0.046528 -0.452544 0.706606 -0.163903 0.895137 -0.414566 27.158815 0.424377 0.443356 0.789519 -2.363463 0.000000 0.000000 0.000000 1.000000
0.876637 0.004363 -0.481132 0.851191 -0.249489 0.859149 -0.446787 27.632204 0.411414 0.511708 0.754250 -1.440675 0.000000 0.000000 0.000000 1.000000
0.865184 0.013741 -0.501266 0.847592 -0.276046 0.847579 -0.453220 27.767292 0.418635 0.530491 0.737105 -0.935113 0.000000 0.000000 0.000000 1.000000
0.857518 -0.009571 -0.514365 0.677102 -0.251246 0.864692 -0.434953 27.755352 0.448930 0.502212 0.739084 -0.792386 0.000000 0.000000 0.000000 1.000000
0.843225 -0.010882 -0.537450 0.404668 -0.245246 0.881896 -0.402632 27.166592 0.478357 0.471318 0.740969 -1.162688 0.000000 0.000000 0.000000 1.000000
0.811630 0.013347 -0.584019 0.276496 -0.282001 0.884489 -0.371692 26.486433 0.511598 0.466370 0.721642 -1.851561 0.000000 0.000000 0.000000 1.000000
0.768072 0.019266 -0.640073 0.272526 -0.310698 0.885225 -0.346185 26.143501 0.559939 0.464765 0.685903 -2.283222 0.000000 0.000000 0.000000 1.000000
0.747458 -0.005521 -0.664287 0.401771 -0.288367 0.898144 -0.331937 26.362402 0.598457 0.439667 0.669732 -2.316310 0.000000 0.000000 0.000000 1.000000
0.774596 -0.046966 -0.630710 0.450627 -0.221868 0.913685 -0.340522 26.831091 0.592263 0.403701 0.697316 -1.723681 0.000000 0.000000 0.000000 1.000000</float_array><technique_common><accessor source="#mixamorig_Hips-Matrix-animation-output-transform-array" count="19" stride="16"><param type="float4x4"/></accessor></technique_common></source><source id="mixamorig_Hips-Interpolations"><Name_array id="mixamorig_Hips-Interpolations-array" count="19">
 LINEAR LINEAR LINEAR LINEAR LINEAR LINEAR LINEAR LINEAR LINEAR LINEAR LINEAR
LINEAR LINEAR LINEAR LINEAR LINEAR LINEAR LINEAR LINEAR</Name_array><technique_common><accessor source="#mixamorig_Hips-Interpolations-array" count="19"><param type="name"/></accessor></technique_common></source><sampler id="mixamorig_Hips-Matrix-animation-transform"><input semantic="INPUT" source="#mixamorig_Hips-Matrix-animation-input"/><input semantic="OUTPUT" source="#mixamorig_Hips-Matrix-animation-output-transform"/><input semantic="INTERPOLATION" source="#mixamorig_Hips-Interpolations"/></sampler><channel source="#mixamorig_Hips-Matrix-animation-transform" target="mixamorig_Hips/matrix"/></animation>
    <animation id="mixamorig_Spine-anim" name="mixamorig_Spine"><source id="mixamorig_Spine-Matrix-animation-input"><float_array id="mixamorig_Spine-Matrix-animation-input-array" count="19">

0.000000 0.033333 0.066667 0.100000 0.133333 0.166667 0.200000 0.233333 0.266667 0.300000 0.333333 0.366667 0.400000 0.433333 0.466667 0.500000
0.533333 0.566667 0.600000</float_array><technique_common><accessor source="#mixamorig_Spine-Matrix-animation-input-array" count="19"><param name="TIME" type="float"/></accessor></technique_common></source><source id="mixamorig_Spine-Matrix-animation-output-transform"><float_array id="mixamorig_Spine-Matrix-animation-output-transform-array" count="304">

0.998259 -0.058585 0.006831 0.000000 0.058975 0.993227 -0.100114 3.786100 -0.000919 0.100342 0.994953 -0.641600 0.000000 0.000000 0.000000 1.000000
0.999011 -0.007416 0.043846 0.000000 0.011591 0.995340 -0.095725 3.786100 -0.042932 0.096139 0.994442 -0.641600 0.000000 0.000000 0.000000 1.000000
0.997075 0.055428 0.052622 0.000000 -0.051465 0.995937 -0.073900 3.786100 -0.056505 0.070976 0.995876 -0.641600 0.000000 0.000000 0.000000 1.000000
0.994913 0.095556 0.031904 0.000000 -0.094411 0.994895 -0.035644 3.786100 -0.035148 0.032451 0.998855 -0.641600 0.000000 0.000000 0.000000 1.000000
0.995049 0.097610 -0.018727 0.000000 -0.097919 0.995059 -0.016401 3.786100 0.017033 0.018154 0.999690 -0.641600 0.000000 0.000000 0.000000 1.000000
0.992942 0.083410 -0.084318 -0.000000 -0.087628 0.995014 -0.047626 3.786100 0.079925 0.054678 0.995300 -0.641600 0.000000 0.000000 0.000000 1.000000
0.984884 0.094126 -0.145412 0.000000 -0.107878 0.990104 -0.089762 3.786100 0.135524 0.104091 0.985291 -0.641600 0.000000 0.000000 0.000000 1.000000
0.971953 0.133949 -0.193301 0.000000 -0.156150 0.982186 -0.104540 3.786100 0.175854 0.131792 0.975554 -0.641600 0.000000 0.000000 0.000000 1.000000
0.960665 0.153022 -0.231749 0.000000 -0.180298 0.978374 -0.101377 3.786100 0.211224 0.139173 0.967479 -0.641600 0.000000 0.000000 0.000000 1.000000
0.953473 0.100201 -0.284341 0.000000 -0.133480 0.985979 -0.100139 3.786100 0.270320 0.133433 0.953479 -0.641600 0.000000 0.000000 0.000000 1.000000
0.933400 -0.015464 -0.358503 -0.000000 -0.026759 0.993289 -0.112517 3.786100 0.357837 0.114617 0.926723 -0.641600 0.000000 0.000000 0.000000 1.000000
0.897817 -0.137131 -0.418473 -0.000000 0.088863 0.987147 -0.132831 3.786100 0.431310 0.082071 0.898463 -0.641600 0.000000 0.000000 0.000000 1.000000
0.872974 -0.194688 -0.447228 -0.000000 0.151629 0.979779 -0.130545 3.786100 0.463600 0.046149 0.884842 -0.641600 0.000000 0.000000 0.000000 1.000000
0.880561 -0.182408 -0.437424 0.000000 0.147340 0.982593 -0.113143 3.786100 0.450448 0.035179 0.892109 -0.641600 0.000000 0.000000 0.000000 1.000000
0.909455 -0.161803 -0.383029 0.000000 0.131543 0.985828 -0.104113 3.786100 0.394446 0.044301 0.917850 -0.641600 0.000000 0.000000 0.000000 1.000000
0.944352 -0.163258 -0.285563 0.000000 0.138834 0.984848 -0.103923 3.786100 0.298203 0.058494 0.952709 -0.641600 0.000000 0.000000 0.000000 1.000000
0.972843 -0.161549 -0.165766 0.000000 0.147925 0.984751 -0.091558 3.786100 0.178029 0.064550 0.981906 -0.641600 0.000000 0.000000 0.000000 1.000000
0.990693 -0.123181 -0.057904 0.000000 0.117561 0.988786 -0.092099 3.786100 0.068600 0.084434 0.994065 -0.641600 0.000000 0.000000 0.000000 1.000000
0.998259 -0.058585 0.006830 0.000000 0.058975 0.993227 -0.100114 3.786100 -0.000919 0.100342 0.994953 -0.641600 0.000000 0.000000 0.000000 1.000000</float_array><technique_common><accessor source="#mixamorig_Spine-Matrix-animation-output-transform-array" count="19" stride="16"><param type="float4x4"/></accessor></technique_common></source><source id="mixamorig_Spine-Interpolations"><Name_array id="mixamorig_Spine-Interpolations-array" count="19">
 LINEAR LINEAR LINEAR LINEAR LINEAR LINEAR LINEAR LINEAR LINEAR LINEAR LINEAR
LINEAR LINEAR LINEAR LINEAR LINEAR LINEAR LINEAR LINEAR</Name_array><technique_common><accessor source="#mixamorig_Spine-Interpolations-array" count="19"><param type="name"/></accessor></technique_common></source><sampler id="mixamorig_Spine-Matrix-animation-transform"><input semantic="INPUT" source="#mixamorig_Spine-Matrix-animation-input"/><input semantic="OUTPUT" source="#mixamorig_Spine-Matrix-animation-output-transform"/><input semantic="INTERPOLATION" source="#mixamorig_Spine-Interpolations"/></sampler><channel source="#mixamorig_Spine-Matrix-animation-transform" target="mixamorig_Spine/matrix"/></animation>
    <animation id="mixamorig_Spine1-anim" name="mixamorig_Spine1"><source id="mixamorig_Spine1-Matrix-animation-input"><float_array id="mixamorig_Spine1-Matrix-animation-input-array" count="19">

0.000000 0.033333 0.066667 0.100000 0.133333 0.166667 0.200000 0.233333 0.266667 0.300000 0.333333 0.366667 0.400000 0.433333 0.466667 0.500000
0.533333 0.566667 0.600000</float_array><technique_common><accessor source="#mixamorig_Spine1-Matrix-animation-input-array" count="19"><param name="TIME" type="float"/></accessor></technique_common></source><source id="mixamorig_Spine1-Matrix-animation-output-transform"><float_array id="mixamorig_Spine1-Matrix-animation-output-transform-array" count="304">

1.000000 -0.000680 -0.000414 -0.000000 0.000654 0.998250 -0.059138 4.480100 0.000453 0.059138 0.998250 0.000000 0.000000 0.000000 0.000000 1.000000
0.999965 0.006089 0.005744 -0.000000 -0.005738 0.998224 -0.059299 4.480100 -0.006095 0.059264 0.998224 0.000000 0.000000 0.000000 0.000000 1.000000
0.999842 0.016003 0.007725 -0.000000 -0.015543 0.998293 -0.056303 4.480100 -0.008612 0.056174 0.998384 -0.000000 0.000000 0.000000 0.000000 1.000000
0.999733 0.022596 0.004830 -0.000000 -0.022338 0.998592 -0.048106 4.480100 -0.005911 0.047986 0.998831 -0.000000 0.000000 0.000000 0.000000 1.000000
0.999767 0.021332 -0.003421 0.000000 -0.021454 0.998938 -0.040783 4.480100 0.002547 0.040847 0.999162 0.000000 0.000000 0.000000 0.000000 1.000000
0.999718 0.018555 -0.014805 0.000000 -0.019186 0.998863 -0.043631 4.480100 0.013979 0.043903 0.998938 0.000000 0.000000 0.000000 0.000000 1.000000
0.999442 0.022418 -0.024769 0.000000 -0.023658 0.998420 -0.050966 4.480100 0.023587 0.051523 0.998393 0.000000 0.000000 0.000000 0.000000 1.000000
0.999002 0.032540 -0.030588 0.000000 -0.034180 0.997916 -0.054722 4.480100 0.028743 0.055713 0.998033 0.000000 0.000000 0.000000 0.000000 1.000000
0.998667 0.037832 -0.035100 0.000000 -0.039712 0.997724 -0.054502 4.480100 0.032958 0.055824 0.997897 0.000000 0.000000 0.000000 0.000000 1.000000
0.998642 0.028306 -0.043730 0.000000 -0.030635 0.998097 -0.053523 4.480100 0.042132 0.054790 0.997609 0.000000 0.000000 0.000000 0.000000 1.000000
0.998325 0.007929 -0.057305 0.000000 -0.011051 0.998459 -0.054375 4.480100 0.056785 0.054917 0.996875 -0.000000 0.000000 0.000000 0.000000 1.000000
0.997457 -0.011133 -0.070398 -0.000000 0.007291 0.998482 -0.054598 4.480100 0.070899 0.053946 0.996024 -0.000000 0.000000 0.000000 0.000000 1.000000
0.996846 -0.018703 -0.077121 -0.000000 0.014889 0.998651 -0.049741 4.480100 0.077947 0.048436 0.995780 0.000000 0.000000 0.000000 0.000000 1.000000
0.997101 -0.014192 -0.074749 0.000000 0.010834 0.998922 -0.045141 4.480100 0.075309 0.044200 0.996180 0.000000 0.000000 0.000000 0.000000 1.000000
0.997901 -0.009374 -0.064068 0.000000 0.006551 0.999004 -0.044137 4.480100 0.064418 0.043624 0.996969 0.000000 0.000000 0.000000 0.000000 1.000000
0.998816 -0.010657 -0.047457 0.000000 0.008422 0.998857 -0.047057 4.480100 0.047905 0.046602 0.997764 0.000000 0.000000 0.000000 0.000000 1.000000
0.999489 -0.014517 -0.028471 0.000000 0.013110 0.998714 -0.048979 4.480100 0.029145 0.048580 0.998394 0.000000 0.000000 0.000000 0.000000 1.000000
0.999882 -0.010277 -0.011411 0.000000 0.009646 0.998490 -0.054081 4.480100 0.011950 0.053965 0.998471 0.000000 0.000000 0.000000 0.000000 1.000000
1.000000 -0.000680 -0.000414 0.000000 0.000654 0.998250 -0.059138 4.480100 0.000453 0.059138 0.998250 0.000000 0.000000 0.000000 0.000000 1.000000</float_array><technique_common><accessor source="#mixamorig_Spine1-Matrix-animation-output-transform-array" count="19" stride="16"><param type="float4x4"/></accessor></technique_common></source><source id="mixamorig_Spine1-Interpolations"><Name_array id="mixamorig_Spine1-Interpolations-array" count="19">
 LINEAR LINEAR LINEAR LINEAR LINEAR LINEAR LINEAR LINEAR LINEAR LINEAR LINEAR
LINEAR LINEAR LINEAR LINEAR LINEAR LINEAR LINEAR LINEAR</Name_array><technique_common><accessor source="#mixamorig_Spine1-Interpolations-array" count="19"><param type="name"/></accessor></technique_common></source><sampler id="mixamorig_Spine1-Matrix-animation-transform"><input semantic="INPUT" source="#mixamorig_Spine1-Matrix-animation-input"/><input semantic="OUTPUT" source="#mixamorig_Spine1-Matrix-animation-output-transform"/><input semantic="INTERPOLATION" source="#mixamorig_Spine1-Interpolations"/></sampler><channel source="#mixamorig_Spine1-Matrix-animation-transform" target="mixamorig_Spine1/matrix"/></animation>
    <animation id="mixamorig_Spine2-anim" name="mixamorig_Spine2"><source id="mixamorig_Spine2-Matrix-animation-input"><float_array id="mixamorig_Spine2-Matrix-animation-input-array" count="19">

0.000000 0.033333 0.066667 0.100000 0.133333 0.166667 0.200000 0.233333 0.266667 0.300000 0.333333 0.366667 0.400000 0.433333 0.466667 0.500000
0.533333 0.566667 0.600000</float_array><technique_common><accessor source="#mixamorig_Spine2-Matrix-animation-input-array" count="19"><param name="TIME" type="float"/></accessor></technique_common></source><source id="mixamorig_Spine2-Matrix-animation-output-transform"><float_array id="mixamorig_Spine2-Matrix-animation-output-transform-array" count="304">

0.999999 -0.000646 -0.000821 -0.000000 0.000597 0.998250 -0.059134 5.120100 0.000858 0.059134 0.998250 0.000000 0.000000 0.000000 0.000000 1.000000
0.999967 0.005902 0.005632 0.000000 -0.005557 0.998223 -0.059330 5.120100 -0.005972 0.059297 0.998223 0.000000 0.000000 0.000000 0.000000 1.000000
0.999845 0.015742 0.007826 -0.000000 -0.015276 0.998293 -0.056367 5.120100 -0.008700 0.056239 0.998379 -0.000000 0.000000 0.000000 0.000000 1.000000
0.999735 0.022465 0.004988 -0.000000 -0.022200 0.998593 -0.048158 5.120100 -0.006063 0.048035 0.998827 0.000000 0.000000 0.000000 0.000000 1.000000
0.999765 0.021418 -0.003409 0.000000 -0.021539 0.998938 -0.040729 5.120100 0.002533 0.040793 0.999164 0.000000 0.000000 0.000000 0.000000 1.000000
0.999712 0.018788 -0.014962 0.000000 -0.019422 0.998867 -0.043438 5.120100 0.014129 0.043717 0.998944 0.000000 0.000000 0.000000 0.000000 1.000000
0.999427 0.022805 -0.025026 0.000000 -0.024050 0.998430 -0.050593 5.120100 0.023833 0.051165 0.998406 0.000000 0.000000 0.000000 0.000000 1.000000
0.998976 0.033073 -0.030885 0.000000 -0.034711 0.997932 -0.054103 5.120100 0.029032 0.055120 0.998058 0.000000 0.000000 0.000000 0.000000 1.000000
0.998633 0.038427 -0.035435 -0.000000 -0.040297 0.997745 -0.053668 5.120100 0.033292 0.055022 0.997930 0.000000 0.000000 0.000000 0.000000 1.000000
0.998607 0.028968 -0.044100 0.000000 -0.031278 0.998124 -0.052626 5.120100 0.042492 0.053932 0.997640 0.000000 0.000000 0.000000 0.000000 1.000000
0.998294 0.008802 -0.057722 0.000000 -0.011901 0.998493 -0.053573 5.120100 0.057163 0.054168 0.996894 0.000000 0.000000 0.000000 0.000000 1.000000
0.997434 -0.010079 -0.070885 0.000000 0.006253 0.998522 -0.053982 5.120100 0.071324 0.053400 0.996023 0.000000 0.000000 0.000000 0.000000 1.000000
0.996828 -0.017839 -0.077557 0.000000 0.014048 0.998692 -0.049157 5.120100 0.078333 0.047912 0.995775 0.000000 0.000000 0.000000 0.000000 1.000000
0.997077 -0.013552 -0.075192 0.000000 0.010246 0.998971 -0.044171 5.120100 0.075713 0.043272 0.996190 0.000000 0.000000 0.000000 0.000000 1.000000
0.997873 -0.008917 -0.064581 0.000000 0.006152 0.999061 -0.042888 5.120100 0.064903 0.042399 0.996990 -0.000000 0.000000 0.000000 0.000000 1.000000
0.998790 -0.010230 -0.048101 -0.000000 0.008016 0.998909 -0.046008 5.120100 0.048519 0.045567 0.997782 0.000000 0.000000 0.000000 0.000000 1.000000
0.999476 -0.014204 -0.029091 -0.000000 0.012783 0.998742 -0.048479 5.120100 0.029743 0.048082 0.998400 0.000000 0.000000 0.000000 0.000000 1.000000
0.999877 -0.010076 -0.012009 -0.000000 0.009415 0.998501 -0.053927 5.120100 0.012535 0.053807 0.998473 -0.000000 0.000000 0.000000 0.000000 1.000000
0.999999 -0.000646 -0.000821 0.000000 0.000597 0.998250 -0.059134 5.120100 0.000858 0.059134 0.998250 0.000000 0.000000 0.000000 0.000000 1.000000</float_array><technique_common><accessor source="#mixamorig_Spine2-Matrix-animation-output-transform-array" count="19" stride="16"><param type="float4x4"/></accessor></technique_common></source><source id="mixamorig_Spine2-Interpolations"><Name_array id="mixamorig_Spine2-Interpolations-array" count="19">
 LINEAR LINEAR LINEAR LINEAR LINEAR LINEAR LINEAR LINEAR LINEAR LINEAR LINEAR
LINEAR LINEAR LINEAR LINEAR LINEAR LINEAR LINEAR LINEAR</Name_array><technique_common><accessor source="#mixamorig_Spine2-Interpolations-array" count="19"><param type="name"/></accessor></technique_common></source><sampler id="mixamorig_Spine2-Matrix-animation-transform"><input semantic="INPUT" source="#mixamorig_Spine2-Matrix-animation-input"/><input semantic="OUTPUT" source="#mixamorig_Spine2-Matrix-animation-output-transform"/><input semantic="INTERPOLATION" source="#mixamorig_Spine2-Interpolations"/></sampler><channel source="#mixamorig_Spine2-Matrix-animation-transform" target="mixamorig_Spine2/matrix"/></animation>
    <animation id="mixamorig_Neck-anim" name="mixamorig_Neck"><source id="mixamorig_Neck-Matrix-animation-input"><float_array id="mixamorig_Neck-Matrix-animation-input-array" count="19">

0.000000 0.033333 0.066667 0.100000 0.133333 0.166667 0.200000 0.233333 0.266667 0.300000 0.333333 0.366667 0.400000 0.433333 0.466667 0.500000
0.533333 0.566667 0.600000</float_array><technique_common><accessor source="#mixamorig_Neck-Matrix-animation-input-array" count="19"><param name="TIME" type="float"/></accessor></technique_common></source><source id="mixamorig_Neck-Matrix-animation-output-transform"><float_array id="mixamorig_Neck-Matrix-animation-output-transform-array" count="304">

0.981372 -0.110328 0.157276 -0.000000 0.035890 0.909533 0.414079 5.760100 -0.188732 -0.400721 0.896550 0.000000 0.000000 0.000000 0.000000 1.000000
0.988328 -0.088581 0.123938 0.000000 0.022340 0.889046 0.457273 5.760100 -0.150693 -0.449167 0.880648 0.000000 0.000000 0.000000 0.000000 1.000000
0.992898 -0.101595 0.061896 0.000000 0.060029 0.877051 0.476632 5.760100 -0.102710 -0.469532 0.876921 0.000000 0.000000 0.000000 0.000000 1.000000
0.990234 -0.139395 0.002445 -0.000000 0.123020 0.881895 0.455113 5.760100 -0.065596 -0.450367 0.890430 0.000000 0.000000 0.000000 0.000000 1.000000
0.985220 -0.170152 -0.019742 -0.000000 0.161726 0.886009 0.434548 5.760100 -0.056447 -0.431318 0.900432 0.000000 0.000000 0.000000 0.000000 1.000000
0.980440 -0.196427 -0.012390 0.000000 0.180940 0.874789 0.449450 5.760100 -0.077446 -0.442900 0.893220 0.000000 0.000000 0.000000 0.000000 1.000000
0.975000 -0.221860 0.012353 0.000000 0.192112 0.869593 0.454864 5.760100 -0.111658 -0.441120 0.890475 -0.000000 0.000000 0.000000 0.000000 1.000000
0.966621 -0.252877 0.041206 -0.000000 0.209304 0.872129 0.442248 5.760100 -0.147771 -0.418862 0.895946 0.000000 0.000000 0.000000 0.000000 1.000000
0.955330 -0.285718 0.075562 0.000000 0.225974 0.870956 0.436316 5.760100 -0.190474 -0.399750 0.896615 0.000000 0.000000 0.000000 0.000000 1.000000
0.941533 -0.310845 0.129965 -0.000000 0.222638 0.863539 0.452474 5.760100 -0.252879 -0.397084 0.882256 0.000000 0.000000 0.000000 0.000000 1.000000
0.919899 -0.340189 0.195084 0.000000 0.212582 0.850615 0.480898 5.760100 -0.329538 -0.400906 0.854798 0.000000 0.000000 0.000000 0.000000 1.000000
0.898150 -0.357237 0.256335 0.000000 0.206407 0.857324 0.471583 5.760100 -0.388230 -0.370643 0.843742 0.000000 0.000000 0.000000 0.000000 1.000000
0.895639 -0.326976 0.301526 -0.000000 0.191812 0.895581 0.401425 5.760100 -0.401298 -0.301696 0.864835 -0.000000 0.000000 0.000000 0.000000 1.000000
0.910686 -0.286428 0.297674 0.000000 0.177157 0.921753 0.344946 5.760100 -0.373184 -0.261403 0.890170 0.000000 0.000000 0.000000 0.000000 1.000000
0.928685 -0.254787 0.269497 0.000000 0.160716 0.931363 0.326702 5.760100 -0.334239 -0.260091 0.905890 0.000000 0.000000 0.000000 0.000000 1.000000
0.941216 -0.234840 0.242821 0.000000 0.145943 0.930966 0.334668 5.760100 -0.304651 -0.279557 0.910514 -0.000000 0.000000 0.000000 0.000000 1.000000
0.954044 -0.193283 0.229003 0.000000 0.106845 0.933366 0.342656 5.760100 -0.279973 -0.302441 0.911123 -0.000000 0.000000 0.000000 0.000000 1.000000
0.967804 -0.150371 0.201850 0.000000 0.065159 0.924272 0.376133 5.760100 -0.243124 -0.350871 0.904312 0.000000 0.000000 0.000000 0.000000 1.000000
0.981372 -0.110328 0.157277 0.000000 0.035890 0.909533 0.414079 5.760100 -0.188733 -0.400721 0.896550 0.000000 0.000000 0.000000 0.000000 1.000000</float_array><technique_common><accessor source="#mixamorig_Neck-Matrix-animation-output-transform-array" count="19" stride="16"><param type="float4x4"/></accessor></technique_common></source><source id="mixamorig_Neck-Interpolations"><Name_array id="mixamorig_Neck-Interpolations-array" count="19">
 LINEAR LINEAR LINEAR LINEAR LINEAR LINEAR LINEAR LINEAR LINEAR LINEAR LINEAR
LINEAR LINEAR LINEAR LINEAR LINEAR LINEAR LINEAR LINEAR</Name_array><technique_common><accessor source="#mixamorig_Neck-Interpolations-array" count="19"><param type="name"/></accessor></technique_common></source><sampler id="mixamorig_Neck-Matrix-animation-transform"><input semantic="INPUT" source="#mixamorig_Neck-Matrix-animation-input"/><input semantic="OUTPUT" source="#mixamorig_Neck-Matrix-animation-output-transform"/><input semantic="INTERPOLATION" source="#mixamorig_Neck-Interpolations"/></sampler><channel source="#mixamorig_Neck-Matrix-animation-transform" target="mixamorig_Neck/matrix"/></animation>
    <animation id="mixamorig_Head-anim" name="mixamorig_Head"><source id="mixamorig_Head-Matrix-animation-input"><float_array id="mixamorig_Head-Matrix-animation-input-array" count="19">

0.000000 0.033333 0.066667 0.100000 0.133333 0.166667 0.200000 0.233333 0.266667 0.300000 0.333333 0.366667 0.400000 0.433333 0.466667 0.500000
0.533333 0.566667 0.600000</float_array><technique_common><accessor source="#mixamorig_Head-Matrix-animation-input-array" count="19"><param name="TIME" type="float"/></accessor></technique_common></source><source id="mixamorig_Head-Matrix-animation-output-transform"><float_array id="mixamorig_Head-Matrix-animation-output-transform-array" count="304">

0.876912 0.139062 0.460095 0.000000 -0.134007 0.990011 -0.043819 2.286400 -0.461592 -0.023230 0.886788 0.666300 0.000000 0.000000 0.000000 1.000000
0.902389 0.093435 0.420672 -0.000000 -0.070705 0.995084 -0.069349 2.286400 -0.425083 0.032836 0.904558 0.666300 0.000000 0.000000 0.000000 1.000000
0.924952 0.062252 0.374951 -0.000000 -0.032821 0.995893 -0.084382 2.286400 -0.378664 0.065744 0.923196 0.666300 0.000000 0.000000 0.000000 1.000000
0.937300 0.064110 0.342577 0.000000 -0.035212 0.995326 -0.089923 2.286400 -0.346741 0.072222 0.935176 0.666300 0.000000 0.000000 0.000000 1.000000
0.939601 0.075632 0.333811 -0.000000 -0.042366 0.993480 -0.105845 2.286400 -0.339640 0.085310 0.936679 0.666300 0.000000 0.000000 0.000000 1.000000
0.933401 0.072571 0.351420 0.000000 -0.030344 0.991791 -0.124217 2.286400 -0.357550 0.105281 0.927941 0.666300 0.000000 0.000000 0.000000 1.000000
0.921430 0.049147 0.385422 0.000000 -0.009791 0.994590 -0.103418 2.286400 -0.388420 0.091519 0.916927 0.666300 0.000000 0.000000 0.000000 1.000000
0.906205 0.033278 0.421526 0.000000 -0.008788 0.998165 -0.059909 2.286400 -0.422746 0.050585 0.904835 0.666300 0.000000 0.000000 0.000000 1.000000
0.884005 0.043866 0.465416 -0.000000 -0.032692 0.998951 -0.032056 2.286400 -0.466334 0.013122 0.884512 0.666300 0.000000 0.000000 0.000000 1.000000
0.846159 0.074574 0.527687 0.000000 -0.065017 0.997210 -0.036672 2.286400 -0.528950 -0.003278 0.848647 0.666300 0.000000 0.000000 0.000000 1.000000
0.789332 0.118046 0.602511 0.000000 -0.092835 0.993007 -0.072933 2.286400 -0.606907 0.001634 0.794771 0.666300 0.000000 0.000000 0.000000 1.000000
0.733235 0.163603 0.660001 0.000000 -0.122582 0.986525 -0.108358 2.286400 -0.668835 -0.001453 0.743409 0.666300 0.000000 0.000000 0.000000 1.000000
0.713517 0.189837 0.674430 0.000000 -0.159042 0.981350 -0.107969 2.286400 -0.682348 -0.030225 0.730402 0.666300 0.000000 0.000000 0.000000 1.000000
0.729634 0.196943 0.654865 0.000000 -0.176960 0.979389 -0.097376 2.286400 -0.660545 -0.044835 0.749446 0.666300 0.000000 0.000000 0.000000 1.000000
0.762000 0.187483 0.619844 0.000000 -0.167856 0.981643 -0.090564 2.286400 -0.625445 -0.035035 0.779482 0.666300 0.000000 0.000000 0.000000 1.000000
0.788324 0.177289 0.589163 0.000000 -0.161588 0.983628 -0.079779 2.286400 -0.593662 -0.032309 0.804066 0.666300 0.000000 0.000000 0.000000 1.000000
0.813093 0.162190 0.559084 0.000000 -0.159612 0.985711 -0.053827 2.286400 -0.559825 -0.045470 0.827362 0.666300 0.000000 0.000000 0.000000 1.000000
0.843416 0.148005 0.516473 0.000000 -0.150566 0.987899 -0.037222 2.286400 -0.515732 -0.046370 0.855494 0.666300 0.000000 0.000000 0.000000 1.000000
0.876912 0.139062 0.460095 0.000000 -0.134007 0.990011 -0.043819 2.286400 -0.461592 -0.023230 0.886788 0.666300 0.000000 0.000000 0.000000 1.000000</float_array><technique_common><accessor source="#mixamorig_Head-Matrix-animation-output-transform-array" count="19" stride="16"><param type="float4x4"/></accessor></technique_common></source><source id="mixamorig_Head-Interpolations"><Name_array id="mixamorig_Head-Interpolations-array" count="19">
 LINEAR LINEAR LINEAR LINEAR LINEAR LINEAR LINEAR LINEAR LINEAR LINEAR LINEAR
LINEAR LINEAR LINEAR LINEAR LINEAR LINEAR LINEAR LINEAR</Name_array><technique_common><accessor source="#mixamorig_Head-Interpolations-array" count="19"><param type="name"/></accessor></technique_common></source><sampler id="mixamorig_Head-Matrix-animation-transform"><input semantic="INPUT" source="#mixamorig_Head-Matrix-animation-input"/><input semantic="OUTPUT" source="#mixamorig_Head-Matrix-animation-output-transform"/><input semantic="INTERPOLATION" source="#mixamorig_Head-Interpolations"/></sampler><channel source="#mixamorig_Head-Matrix-animation-transform" target="mixamorig_Head/matrix"/></animation>
    <animation id="mixamorig_LeftShoulder-anim" name="mixamorig_LeftShoulder"><source id="mixamorig_LeftShoulder-Matrix-animation-input"><float_array id="mixamorig_LeftShoulder-Matrix-animation-input-array" count="19">

0.000000 0.033333 0.066667 0.100000 0.133333 0.166667 0.200000 0.233333 0.266667 0.300000 0.333333 0.366667 0.400000 0.433333 0.466667 0.500000
0.533333 0.566667 0.600000</float_array><technique_common><accessor source="#mixamorig_LeftShoulder-Matrix-animation-input-array" count="19"><param name="TIME" type="float"/></accessor></technique_common></source><source id="mixamorig_LeftShoulder-Matrix-animation-output-transform"><float_array id="mixamorig_LeftShoulder-Matrix-animation-output-transform-array" count="304">

0.407278 0.913058 0.021206 3.610000 0.011076 0.018280 -0.999772 4.514500 -0.913237 0.407420 -0.002668 -0.190400 0.000000 0.000000 0.000000 1.000000
0.402437 0.914334 0.045146 3.610000 0.017572 0.041592 -0.998980 4.514500 -0.915279 0.402820 0.000672 -0.190400 0.000000 0.000000 0.000000 1.000000
0.389318 0.919573 0.053078 3.610000 0.019444 0.049406 -0.998589 4.514500 -0.920898 0.389801 0.001354 -0.190400 0.000000 0.000000 0.000000 1.000000
0.400905 0.915513 0.033335 3.610000 0.014336 0.030114 -0.999444 4.514500 -0.916007 0.401160 -0.001052 -0.190400 0.000000 0.000000 0.000000 1.000000
0.406162 0.913599 0.019219 3.610000 0.010526 0.016353 -0.999811 4.514500 -0.913740 0.406288 -0.002974 -0.190400 0.000000 0.000000 0.000000 1.000000
0.406608 0.913384 0.019995 3.610000 0.010740 0.017106 -0.999796 4.514500 -0.913540 0.406739 -0.002854 -0.190400 0.000000 0.000000 0.000000 1.000000
0.410973 0.911217 0.028019 3.610000 0.012975 0.024885 -0.999606 4.514500 -0.911555 0.411175 -0.001596 -0.190400 0.000000 0.000000 0.000000 1.000000
0.413632 0.909837 0.033258 3.610000 0.014454 0.029962 -0.999447 4.514500 -0.910330 0.413883 -0.000757 -0.190400 0.000000 0.000000 0.000000 1.000000
0.414228 0.909519 0.034498 3.610000 0.014806 0.031164 -0.999405 4.514500 -0.910053 0.414492 -0.000557 -0.190400 0.000000 0.000000 0.000000 1.000000
0.418413 0.907215 0.043500 3.610000 0.017384 0.039886 -0.999053 4.514500 -0.908091 0.418773 0.000918 -0.190400 0.000000 0.000000 0.000000 1.000000
0.392263 0.917160 0.070341 3.610000 0.024072 0.066209 -0.997515 4.514500 -0.919538 0.392981 0.003894 -0.190400 0.000000 0.000000 0.000000 1.000000
0.390140 0.917716 0.074761 3.610000 0.025171 0.070535 -0.997192 4.514500 -0.920412 0.390926 0.004419 -0.190400 0.000000 0.000000 0.000000 1.000000
0.416891 0.908063 0.040297 3.610000 0.016461 0.036784 -0.999188 4.514500 -0.908807 0.417216 0.000387 -0.190400 0.000000 0.000000 0.000000 1.000000
0.398794 0.917016 0.006760 3.610000 0.007139 0.004266 -0.999965 4.514500 -0.917013 0.398828 -0.004846 -0.190400 0.000000 0.000000 0.000000 1.000000
0.387078 0.921987 -0.010517 3.610000 0.002629 -0.012510 -0.999918 4.514500 -0.922043 0.387019 -0.007266 -0.190400 0.000000 0.000000 0.000000 1.000000
0.386876 0.922068 -0.010852 3.610000 0.002543 -0.012836 -0.999914 4.514500 -0.922128 0.386816 -0.007310 -0.190400 0.000000 0.000000 0.000000 1.000000
0.393547 0.919303 -0.001420 3.610000 0.004975 -0.003674 -0.999981 4.514500 -0.919291 0.393533 -0.006019 -0.190400 0.000000 0.000000 0.000000 1.000000
0.402062 0.915533 0.012023 3.610000 0.008558 0.009373 -0.999919 4.514500 -0.915572 0.402133 -0.004067 -0.190400 0.000000 0.000000 0.000000 1.000000
0.407277 0.913058 0.021206 3.610000 0.011075 0.018279 -0.999772 4.514500 -0.913238 0.407419 -0.002667 -0.190400 0.000000 0.000000 0.000000 1.000000</float_array><technique_common><accessor source="#mixamorig_LeftShoulder-Matrix-animation-output-transform-array" count="19" stride="16"><param type="float4x4"/></accessor></technique_common></source><source id="mixamorig_LeftShoulder-Interpolations"><Name_array id="mixamorig_LeftShoulder-Interpolations-array" count="19">
 LINEAR LINEAR LINEAR LINEAR LINEAR LINEAR LINEAR LINEAR LINEAR LINEAR LINEAR
LINEAR LINEAR LINEAR LINEAR LINEAR LINEAR LINEAR LINEAR</Name_array><technique_common><accessor source="#mixamorig_LeftShoulder-Interpolations-array" count="19"><param type="name"/></accessor></technique_common></source><sampler id="mixamorig_LeftShoulder-Matrix-animation-transform"><input semantic="INPUT" source="#mixamorig_LeftShoulder-Matrix-animation-input"/><input semantic="OUTPUT" source="#mixamorig_LeftShoulder-Matrix-animation-output-transform"/><input semantic="INTERPOLATION" source="#mixamorig_LeftShoulder-Interpolations"/></sampler><channel source="#mixamorig_LeftShoulder-Matrix-animation-transform" target="mixamorig_LeftShoulder/matrix"/></animation>
    <animation id="mixamorig_LeftArm-anim" name="mixamorig_LeftArm"><source id="mixamorig_LeftArm-Matrix-animation-input"><float_array id="mixamorig_LeftArm-Matrix-animation-input-array" count="19">

0.000000 0.033333 0.066667 0.100000 0.133333 0.166667 0.200000 0.233333 0.266667 0.300000 0.333333 0.366667 0.400000 0.433333 0.466667 0.500000
0.533333 0.566667 0.600000</float_array><technique_common><accessor source="#mixamorig_LeftArm-Matrix-animation-input-array" count="19"><param name="TIME" type="float"/></accessor></technique_common></source><source id="mixamorig_LeftArm-Matrix-animation-output-transform"><float_array id="mixamorig_LeftArm-Matrix-animation-output-transform-array" count="304">

0.432426 -0.898050 0.080715 0.000000 0.613899 0.227669 -0.755841 8.122600 0.660406 0.376395 0.649762 0.000000 0.000000 0.000000 0.000000 1.000000
0.369099 -0.929333 0.010274 0.000000 0.647665 0.249271 -0.719996 8.122600 0.666555 0.272404 0.693902 0.000000 0.000000 0.000000 0.000000 1.000000
0.265000 -0.964245 -0.002619 0.000000 0.664271 0.184527 -0.724358 8.122600 0.698941 0.190215 0.689419 0.000000 0.000000 0.000000 0.000000 1.000000
0.187313 -0.981923 0.027207 -0.000000 0.654566 0.104119 -0.748801 8.122600 0.732432 0.158069 0.662236 -0.000000 0.000000 0.000000 0.000000 1.000000
0.152752 -0.984736 0.083440 -0.000000 0.648083 0.036073 -0.760715 8.122600 0.746093 0.170277 0.643701 0.000000 0.000000 0.000000 0.000000 1.000000
0.159105 -0.978373 0.132178 0.000000 0.685561 0.013148 -0.727896 8.122600 0.710417 0.206428 0.672827 0.000000 0.000000 0.000000 0.000000 1.000000
0.187758 -0.969052 0.160268 -0.000000 0.723296 0.026017 -0.690047 8.122600 0.664522 0.245483 0.705796 0.000000 0.000000 0.000000 0.000000 1.000000
0.225826 -0.962735 0.148810 -0.000000 0.708546 0.057489 -0.703319 8.122600 0.668555 0.264267 0.695124 0.000000 0.000000 0.000000 0.000000 1.000000
0.279126 -0.953171 0.116417 0.000000 0.662360 0.103336 -0.742025 8.122600 0.695247 0.284228 0.660186 0.000000 0.000000 0.000000 0.000000 1.000000
0.342487 -0.935052 0.091549 -0.000000 0.643843 0.162620 -0.747677 8.122600 0.684229 0.315013 0.657721 -0.000000 0.000000 0.000000 0.000000 1.000000
0.383269 -0.916007 0.118475 0.000000 0.667054 0.185790 -0.721472 8.122600 0.638862 0.355546 0.682234 0.000000 0.000000 0.000000 0.000000 1.000000
0.441838 -0.885615 0.143056 0.000000 0.690116 0.233661 -0.684940 8.122600 0.573167 0.401358 0.714417 -0.000000 0.000000 0.000000 0.000000 1.000000
0.511464 -0.846398 0.148373 -0.000000 0.664088 0.279754 -0.693344 8.122600 0.545337 0.453153 0.705167 0.000000 0.000000 0.000000 0.000000 1.000000
0.521043 -0.832680 0.187506 0.000000 0.636133 0.232376 -0.735756 8.122600 0.569077 0.502639 0.650772 0.000000 0.000000 0.000000 0.000000 1.000000
0.521275 -0.840724 0.146473 0.000000 0.569041 0.214519 -0.793835 8.122600 0.635975 0.497156 0.590230 0.000000 0.000000 0.000000 0.000000 1.000000
0.520229 -0.844745 0.125569 0.000000 0.545209 0.215332 -0.810172 8.122600 0.657350 0.489936 0.572585 0.000000 0.000000 0.000000 0.000000 1.000000
0.528252 -0.842941 0.101984 0.000000 0.558521 0.254497 -0.789484 8.122600 0.639534 0.474007 0.605239 -0.000000 0.000000 0.000000 0.000000 1.000000
0.509973 -0.856379 0.080889 0.000000 0.578593 0.271921 -0.768953 8.122600 0.636520 0.438947 0.634167 -0.000000 0.000000 0.000000 0.000000 1.000000
0.432414 -0.898054 0.080722 0.000000 0.613905 0.227657 -0.755839 8.122600 0.660408 0.376391 0.649763 -0.000000 0.000000 0.000000 0.000000 1.000000</float_array><technique_common><accessor source="#mixamorig_LeftArm-Matrix-animation-output-transform-array" count="19" stride="16"><param type="float4x4"/></accessor></technique_common></source><source id="mixamorig_LeftArm-Interpolations"><Name_array id="mixamorig_LeftArm-Interpolations-array" count="19">
 LINEAR LINEAR LINEAR LINEAR LINEAR LINEAR LINEAR LINEAR LINEAR LINEAR LINEAR
LINEAR LINEAR LINEAR LINEAR LINEAR LINEAR LINEAR LINEAR</Name_array><technique_common><accessor source="#mixamorig_LeftArm-Interpolations-array" count="19"><param type="name"/></accessor></technique_common></source><sampler id="mixamorig_LeftArm-Matrix-animation-transform"><input semantic="INPUT" source="#mixamorig_LeftArm-Matrix-animation-input"/><input semantic="OUTPUT" source="#mixamorig_LeftArm-Matrix-animation-output-transform"/><input semantic="INTERPOLATION" source="#mixamorig_LeftArm-Interpolations"/></sampler><channel source="#mixamorig_LeftArm-Matrix-animation-transform" target="mixamorig_LeftArm/matrix"/></animation>
    <animation id="mixamorig_LeftForeArm-anim" name="mixamorig_LeftForeArm"><source id="mixamorig_LeftForeArm-Matrix-animation-input"><float_array id="mixamorig_LeftForeArm-Matrix-animation-input-array" count="19">

0.000000 0.033333 0.066667 0.100000 0.133333 0.166667 0.200000 0.233333 0.266667 0.300000 0.333333 0.366667 0.400000 0.433333 0.466667 0.500000
0.533333 0.566667 0.600000</float_array><technique_common><accessor source="#mixamorig_LeftForeArm-Matrix-animation-input-array" count="19"><param name="TIME" type="float"/></accessor></technique_common></source><source id="mixamorig_LeftForeArm-Matrix-animation-output-transform"><float_array id="mixamorig_LeftForeArm-Matrix-animation-output-transform-array" count="304">

0.257695 -0.956495 0.136785 -0.000000 0.800074 0.290604 0.524815 10.308300 -0.541734 -0.025804 0.840154 0.000000 0.000000 0.000000 0.000000 1.000000
0.300789 -0.946030 0.120637 0.000000 0.825386 0.321602 0.464015 10.308300 -0.477769 -0.039999 0.877574 0.000000 0.000000 0.000000 0.000000 1.000000
0.384771 -0.897719 0.214599 0.000000 0.793571 0.440482 0.419786 10.308300 -0.471377 0.008778 0.881888 0.000000 0.000000 0.000000 0.000000 1.000000
0.476517 -0.806372 0.350279 -0.000000 0.722653 0.586165 0.366311 10.308300 -0.500704 0.078576 0.862045 0.000000 0.000000 0.000000 0.000000 1.000000
0.554956 -0.712626 0.429170 0.000000 0.646504 0.694123 0.316585 10.308300 -0.523504 0.101770 0.845924 0.000000 0.000000 0.000000 0.000000 1.000000
0.578931 -0.714071 0.393627 0.000000 0.640155 0.697050 0.322990 10.308300 -0.505016 0.064993 0.860660 0.000000 0.000000 0.000000 0.000000 1.000000
0.543824 -0.786203 0.293497 0.000000 0.712717 0.617331 0.333072 10.308300 -0.443047 0.028047 0.896060 0.000000 0.000000 0.000000 0.000000 1.000000
0.467358 -0.848103 0.249593 0.000000 0.823567 0.520309 0.225868 10.308300 -0.321425 0.099995 0.941641 0.000000 0.000000 0.000000 0.000000 1.000000
0.374072 -0.890211 0.259991 0.000000 0.910403 0.405917 0.079989 10.308300 -0.176741 0.206775 0.962292 0.000000 0.000000 0.000000 0.000000 1.000000
0.233560 -0.940864 0.245408 -0.000000 0.960797 0.262093 0.090423 10.308300 -0.149396 0.214668 0.965194 0.000000 0.000000 0.000000 0.000000 1.000000
0.094560 -0.983876 0.151812 0.000000 0.941638 0.137885 0.307093 10.308300 -0.323074 0.113914 0.939493 0.000000 0.000000 0.000000 0.000000 1.000000
0.044156 -0.998649 0.027381 -0.000000 0.844753 0.051955 0.532628 10.308300 -0.533331 -0.000389 0.845907 0.000000 0.000000 0.000000 0.000000 1.000000
0.046820 -0.998814 -0.013340 0.000000 0.776785 0.028009 0.629142 10.308300 -0.628022 -0.039819 0.777176 0.000000 0.000000 0.000000 0.000000 1.000000
0.081006 -0.995784 0.043046 0.000000 0.745018 0.089183 0.661056 10.308300 -0.662107 -0.021479 0.749101 -0.000000 0.000000 0.000000 0.000000 1.000000
0.059834 -0.978957 0.195100 0.000000 0.802621 0.163386 0.573676 10.308300 -0.593481 0.122266 0.795507 0.000000 0.000000 0.000000 0.000000 1.000000
0.076192 -0.964932 0.251200 0.000000 0.822588 0.203210 0.531088 10.308300 -0.563510 0.166170 0.809225 0.000000 0.000000 0.000000 0.000000 1.000000
0.101508 -0.971271 0.215242 -0.000000 0.823769 0.203367 0.529195 10.308300 -0.557764 0.123592 0.820746 -0.000000 0.000000 0.000000 0.000000 1.000000
