<?xml version="1.0" encoding="utf-8"?>
<COLLADA xmlns="http://www.collada.org/2005/11/COLLADASchema" version="1.4.1">
  <asset><contributor><author>Mixamo</author><authoring_tool>COLLADA Mixamo exporter</authoring_tool><comments></comments></contributor><created>2020-03-13T11:08:11Z</created><modified>2020-03-13T11:08:11Z</modified><revision></revision><title></title><unit meter="1.000000"/><up_axis>Y_UP</up_axis></asset>
  <library_animations>
    <animation id="mixamorig_Hips-anim" name="mixamorig_Hips"><source id="mixamorig_Hips-Matrix-animation-input"><float_array id="mixamorig_Hips-Matrix-animation-input-array" count="19">

0.000000 0.033333 0.066667 0.100000 0.133333 0.166667 0.200000 0.233333 0.266667 0.300000 0.333333 0.366667 0.400000 0.433333 0.466667 0.500000
0.533333 0.566667 0.600000</float_array><technique_common><accessor source="#mixamorig_Hips-Matrix-animation-input-array" count="19"><param name="TIME" type="float"/></accessor></technique_common></source><source id="mixamorig_Hips-Matrix-animation-output-transform"><float_array id="mixamorig_Hips-Matrix-animation-output-transform-array" count="304">

0.773132 -0.065068 -0.630899 0.059302 -0.200822 0.918429 -0.340820 6.653656 0.601613 0.390197 0.697000 -0.299656 0.000000 0.000000 0.000000 1.000000
0.788613 -0.105788 -0.605722 0.034640 -0.154993 0.919082 -0.362306 6.756719 0.595036 0.379602 0.708403 -0.395762 0.000000 0.000000 0.000000 1.000000
0.832681 -0.143988 -0.534704 -0.031870 -0.098503 0.911688 -0.398901 6.917952 0.544921 0.384828 0.744962 -0.422860 0.000000 0.000000 0.000000 1.000000
0.888088 -0.152945 -0.433482 -0.116432 -0.055349 0.900582 -0.431148 7.060439 0.456328 0.406890 0.791331 -0.417685 0.000000 0.000000 0.000000 1.000000
0.933395 -0.118505 -0.338719 -0.153588 -0.043469 0.899610 -0.434526 7.128631 0.356208 0.420308 0.834540 -0.451267 0.000000 0.000000 0.000000 1.000000
0.956914 -0.066321 -0.282698 -0.117287 -0.056289 0.912732 -0.404662 7.058047 0.284865 0.403140 0.869673 -0.581358 0.000000 0.000000 0.000000 1.000000
0.961010 -0.049719 -0.272007 -0.049941 -0.056170 0.928091 -0.368092 6.850668 0.270748 0.369019 0.889112 -0.752329 0.000000 0.000000 0.000000 1.000000
0.950489 -0.077659 -0.300899 0.015193 -0.033998 0.936473 -0.349087 6.684432 0.308894 0.342033 0.887467 -0.832224 0.000000 0.000000 0.000000 1.000000
0.927827 -0.100450 -0.359230 0.073214 -0.034933 0.935425 -0.351794 6.635252 0.371370 0.338953 0.864404 -0.806513 0.000000 0.000000 0.000000 1.000000
0.903895 -0.082548 -0.419713 0.128901 -0.089588 0.922908 -0.374452 6.641480 0.418267 0.376067 0.826817 -0.721213 0.000000 0.000000 0.000000 1.000000
0.887325 -0.033725 -0.459910 0.174838 -0.180123 0.892749 -0.412984 6.699729 0.424512 0.449291 0.786083 -0.543130 0.000000 0.000000 0.000000 1.000000
0.873082 0.010190 -0.487467 0.202090 -0.258414 0.857483 -0.444910 6.761220 0.413461 0.514411 0.751286 -0.320927 0.000000 0.000000 0.000000 1.000000
0.862755 0.013330 -0.505447 0.193932 -0.277833 0.847710 -0.451881 6.756417 0.422449 0.530292 0.735069 -0.171267 0.000000 0.000000 0.000000 1.000000
0.855340 -0.010735 -0.517956 0.148873 -0.251882 0.865045 -0.433880 6.735750 0.452713 0.501579 0.737204 -0.130297 0.000000 0.000000 0.000000 1.000000
0.840103 -0.011352 -0.542309 0.083919 -0.247058 0.882049 -0.401188 6.615757 0.482897 0.471021 0.738207 -0.214059 0.000000 0.000000 0.000000 1.000000
0.807521 0.012574 -0.589705 0.054171 -0.283750 0.884768 -0.369691 6.485429 0.517104 0.465862 0.718037 -0.354201 0.000000 0.000000 0.000000 1.000000
0.764392 0.015549 -0.644564 0.047387 -0.308455 0.886700 -0.344410 6.426270 0.566180 0.462083 0.682583 -0.419030 0.000000 0.000000 0.000000 1.000000
0.744945 -0.016390 -0.666925 0.062417 -0.276603 0.902132 -0.331132 6.503004 0.607082 0.431149 0.667505 -0.406528 0.000000 0.000000 0.000000 1.000000
0.773132 -0.065069 -0.630899 0.059302 -0.200822 0.918429 -0.340820 6.653655 0.601613 0.390197 0.697000 -0.299655 0.000000 0.000000 0.000000 1.000000</float_array><technique_common><accessor source="#mixamorig_Hips-Matrix-animation-output-transform-array" count="19" stride="16"><param type="float4x4"/></accessor></technique_common></source><source id="mixamorig_Hips-Interpolations"><Name_array id="mixamorig_Hips-Interpolations-array" count="19">
 LINEAR LINEAR LINEAR LINEAR LINEAR LINEAR LINEAR LINEAR LINEAR LINEAR LINEAR
LINEAR LINEAR LINEAR LINEAR LINEAR LINEAR LINEAR LINEAR</Name_array><technique_common><accessor source="#mixamorig_Hips-Interpolations-array" count="19"><param type="name"/></accessor></technique_common></source><sampler id="mixamorig_Hips-Matrix-animation-transform"><input semantic="INPUT" source="#mixamorig_Hips-Matrix-animation-input"/><input semantic="OUTPUT" source="#mixamorig_Hips-Matrix-animation-output-transform"/><input semantic="INTERPOLATION" source="#mixamorig_Hips-Interpolations"/></sampler><channel source="#mixamorig_Hips-Matrix-animation-transform" target="mixamorig_Hips/matrix"/></animation>
    <animation id="mixamorig_Spine-anim" name="mixamorig_Spine"><source id="mixamorig_Spine-Matrix-animation-input"><float_array id="mixamorig_Spine-Matrix-animation-input-array" count="19">

0.000000 0.033333 0.066667 0.100000 0.133333 0.166667 0.200000 0.233333 0.266667 0.300000 0.333333 0.366667 0.400000 0.433333 0.466667 0.500000
0.533333 0.566667 0.600000</float_array><technique_common><accessor source="#mixamorig_Spine-Matrix-animation-input-array" count="19"><param name="TIME" type="float"/></accessor></technique_common></source><source id="mixamorig_Spine-Matrix-animation-output-transform"><float_array id="mixamorig_Spine-Matrix-animation-output-transform-array" count="304">

0.999354 -0.035591 0.005043 0.000000 0.035926 0.993626 -0.106847 1.040100 -0.001209 0.106959 0.994263 -0.168800 0.000000 0.000000 0.000000 1.000000
0.999203 0.014597 0.037140 0.000000 -0.010691 0.994597 -0.103264 1.040100 -0.038447 0.102784 0.993960 -0.168800 0.000000 0.000000 0.000000 1.000000
0.996636 0.069050 0.044142 0.000000 -0.065300 0.994541 -0.081392 1.040100 -0.049521 0.078236 0.995704 -0.168800 0.000000 0.000000 0.000000 1.000000
0.994559 0.101215 0.024639 0.000000 -0.100105 0.994058 -0.042753 1.040100 -0.028819 0.040054 0.998782 -0.168800 0.000000 0.000000 0.000000 1.000000
0.994992 0.097022 -0.024015 -0.000000 -0.097583 0.994952 -0.023392 1.040100 0.021625 0.025618 0.999438 -0.168800 0.000000 0.000000 0.000000 1.000000
0.992707 0.080137 -0.090065 -0.000000 -0.085280 0.994850 -0.054778 1.040100 0.085211 0.062059 0.994428 -0.168800 0.000000 0.000000 0.000000 1.000000
0.984327 0.088548 -0.152512 0.000000 -0.104109 0.989800 -0.097250 1.040100 0.142345 0.111604 0.983505 -0.168800 0.000000 0.000000 0.000000 1.000000
0.972364 0.123356 -0.198220 0.000000 -0.147735 0.982520 -0.113268 1.040100 0.180783 0.139421 0.973591 -0.168800 0.000000 0.000000 0.000000 1.000000
0.963473 0.135098 -0.231233 -0.000000 -0.164397 0.979964 -0.112445 1.040100 0.211409 0.146352 0.966378 -0.168800 0.000000 0.000000 0.000000 1.000000
0.957085 0.081080 -0.278236 0.000000 -0.116298 0.986825 -0.112478 1.040100 0.265450 0.140009 0.953904 -0.168800 0.000000 0.000000 0.000000 1.000000
0.936619 -0.031180 -0.348960 0.000000 -0.013440 0.992101 -0.124720 1.040100 0.350093 0.121505 0.928801 -0.168800 0.000000 0.000000 0.000000 1.000000
0.900308 -0.145965 -0.410049 0.000000 0.094810 0.985236 -0.142550 1.040100 0.424803 0.089462 0.900855 -0.168800 0.000000 0.000000 0.000000 1.000000
0.875279 -0.197105 -0.441629 0.000000 0.151215 0.978931 -0.137214 1.040100 0.459370 0.053320 0.886643 -0.168800 0.000000 0.000000 0.000000 1.000000
0.882644 -0.183955 -0.432551 -0.000000 0.146122 0.982027 -0.119467 1.040100 0.446753 0.042241 0.893660 -0.168800 0.000000 0.000000 0.000000 1.000000
0.911792 -0.163628 -0.376644 -0.000000 0.131008 0.985165 -0.110843 1.040100 0.389194 0.051723 0.919703 -0.168800 0.000000 0.000000 0.000000 1.000000
0.946556 -0.163848 -0.277821 -0.000000 0.137916 0.984251 -0.110584 1.040100 0.291565 0.066357 0.954247 -0.168800 0.000000 0.000000 0.000000 1.000000
0.974571 -0.157548 -0.159344 0.000000 0.143245 0.984858 -0.097652 1.040100 0.172316 0.072344 0.982382 -0.168800 0.000000 0.000000 0.000000 1.000000
0.992517 -0.109047 -0.054938 0.000000 0.103323 0.989806 -0.098023 1.040100 0.065067 0.091614 0.993667 -0.168800 0.000000 0.000000 0.000000 1.000000
0.999354 -0.035591 0.005044 0.000000 0.035926 0.993626 -0.106846 1.040100 -0.001209 0.106958 0.994263 -0.168800 0.000000 0.000000 0.000000 1.000000</float_array><technique_common><accessor source="#mixamorig_Spine-Matrix-animation-output-transform-array" count="19" stride="16"><param type="float4x4"/></accessor></technique_common></source><source id="mixamorig_Spine-Interpolations"><Name_array id="mixamorig_Spine-Interpolations-array" count="19">
 LINEAR LINEAR LINEAR LINEAR LINEAR LINEAR LINEAR LINEAR LINEAR LINEAR LINEAR
LINEAR LINEAR LINEAR LINEAR LINEAR LINEAR LINEAR LINEAR</Name_array><technique_common><accessor source="#mixamorig_Spine-Interpolations-array" count="19"><param type="name"/></accessor></technique_common></source><sampler id="mixamorig_Spine-Matrix-animation-transform"><input semantic="INPUT" source="#mixamorig_Spine-Matrix-animation-input"/><input semantic="OUTPUT" source="#mixamorig_Spine-Matrix-animation-output-transform"/><input semantic="INTERPOLATION" source="#mixamorig_Spine-Interpolations"/></sampler><channel source="#mixamorig_Spine-Matrix-animation-transform" target="mixamorig_Spine/matrix"/></animation>
    <animation id="mixamorig_Spine1-anim" name="mixamorig_Spine1"><source id="mixamorig_Spine1-Matrix-animation-input"><float_array id="mixamorig_Spine1-Matrix-animation-input-array" count="19">

0.000000 0.033333 0.066667 0.100000 0.133333 0.166667 0.200000 0.233333 0.266667 0.300000 0.333333 0.366667 0.400000 0.433333 0.466667 0.500000
0.533333 0.566667 0.600000</float_array><technique_common><accessor source="#mixamorig_Spine1-Matrix-animation-input-array" count="19"><param name="TIME" type="float"/></accessor></technique_common></source><source id="mixamorig_Spine1-Matrix-animation-output-transform"><float_array id="mixamorig_Spine1-Matrix-animation-output-transform-array" count="304">

1.000000 -0.000683 -0.000409 0.000000 0.000657 0.998250 -0.059138 1.229300 0.000449 0.059138 0.998250 -0.000000 0.000000 0.000000 0.000000 1.000000
0.999965 0.006130 0.005701 0.000000 -0.005781 0.998224 -0.059299 1.229300 -0.006054 0.059264 0.998224 -0.000000 0.000000 0.000000 0.000000 1.000000
0.999842 0.016056 0.007612 0.000000 -0.015603 0.998292 -0.056303 1.229300 -0.008503 0.056175 0.998385 0.000000 0.000000 0.000000 0.000000 1.000000
0.999733 0.022629 0.004672 0.000000 -0.022379 0.998592 -0.048105 1.229300 -0.005754 0.047987 0.998831 0.000000 0.000000 0.000000 0.000000 1.000000
0.999767 0.021308 -0.003571 -0.000000 -0.021436 0.998938 -0.040781 1.229300 0.002698 0.040848 0.999162 0.000000 0.000000 0.000000 0.000000 1.000000
0.999718 0.018451 -0.014935 0.000000 -0.019087 0.998865 -0.043630 1.229300 0.014113 0.043903 0.998936 0.000000 0.000000 0.000000 0.000000 1.000000
0.999442 0.022244 -0.024926 0.000000 -0.023492 0.998424 -0.050966 1.229300 0.023753 0.051523 0.998389 0.000000 0.000000 0.000000 0.000000 1.000000
0.999002 0.032324 -0.030816 0.000000 -0.033977 0.997923 -0.054722 1.229300 0.028983 0.055714 0.998026 -0.000000 0.000000 0.000000 0.000000 1.000000
0.998667 0.037584 -0.035365 -0.000000 -0.039479 0.997733 -0.054501 1.229300 0.033236 0.055825 0.997887 -0.000000 0.000000 0.000000 0.000000 1.000000
0.998642 0.027998 -0.043928 0.000000 -0.030338 0.998105 -0.053527 1.229300 0.042346 0.054787 0.997600 0.000000 0.000000 0.000000 0.000000 1.000000
0.998325 0.007526 -0.057359 -0.000000 -0.010652 0.998463 -0.054387 1.229300 0.056862 0.054907 0.996871 -0.000000 0.000000 0.000000 0.000000 1.000000
0.997457 -0.011628 -0.070318 0.000000 0.007789 0.998477 -0.054615 1.229300 0.070846 0.053929 0.996028 0.000000 0.000000 0.000000 0.000000 1.000000
0.996846 -0.019245 -0.076988 0.000000 0.015436 0.998642 -0.049761 1.229300 0.077841 0.048416 0.995790 0.000000 0.000000 0.000000 0.000000 1.000000
0.997101 -0.014717 -0.074647 0.000000 0.011363 0.998915 -0.045160 1.229300 0.075231 0.044181 0.996187 0.000000 0.000000 0.000000 0.000000 1.000000
0.997901 -0.009824 -0.064001 -0.000000 0.007003 0.999000 -0.044151 1.229300 0.064371 0.043610 0.996973 0.000000 0.000000 0.000000 0.000000 1.000000
0.998816 -0.010990 -0.047382 -0.000000 0.008758 0.998853 -0.047065 1.229300 0.047845 0.046594 0.997767 -0.000000 0.000000 0.000000 0.000000 1.000000
0.999489 -0.014717 -0.028368 0.000000 0.013315 0.998711 -0.048981 1.229300 0.029052 0.048578 0.998397 0.000000 0.000000 0.000000 0.000000 1.000000
0.999882 -0.010357 -0.011338 0.000000 0.009730 0.998489 -0.054081 1.229300 0.011881 0.053964 0.998472 0.000000 0.000000 0.000000 0.000000 1.000000
1.000000 -0.000683 -0.000409 0.000000 0.000657 0.998250 -0.059138 1.229300 0.000449 0.059138 0.998250 0.000000 0.000000 0.000000 0.000000 1.000000</float_array><technique_common><accessor source="#mixamorig_Spine1-Matrix-animation-output-transform-array" count="19" stride="16"><param type="float4x4"/></accessor></technique_common></source><source id="mixamorig_Spine1-Interpolations"><Name_array id="mixamorig_Spine1-Interpolations-array" count="19">
 LINEAR LINEAR LINEAR LINEAR LINEAR LINEAR LINEAR LINEAR LINEAR LINEAR LINEAR
LINEAR LINEAR LINEAR LINEAR LINEAR LINEAR LINEAR LINEAR</Name_array><technique_common><accessor source="#mixamorig_Spine1-Interpolations-array" count="19"><param type="name"/></accessor></technique_common></source><sampler id="mixamorig_Spine1-Matrix-animation-transform"><input semantic="INPUT" source="#mixamorig_Spine1-Matrix-animation-input"/><input semantic="OUTPUT" source="#mixamorig_Spine1-Matrix-animation-output-transform"/><input semantic="INTERPOLATION" source="#mixamorig_Spine1-Interpolations"/></sampler><channel source="#mixamorig_Spine1-Matrix-animation-transform" target="mixamorig_Spine1/matrix"/></animation>
    <animation id="mixamorig_Spine2-anim" name="mixamorig_Spine2"><source id="mixamorig_Spine2-Matrix-animation-input"><float_array id="mixamorig_Spine2-Matrix-animation-input-array" count="19">

0.000000 0.033333 0.066667 0.100000 0.133333 0.166667 0.200000 0.233333 0.266667 0.300000 0.333333 0.366667 0.400000 0.433333 0.466667 0.500000
0.533333 0.566667 0.600000</float_array><technique_common><accessor source="#mixamorig_Spine2-Matrix-animation-input-array" count="19"><param name="TIME" type="float"/></accessor></technique_common></source><source id="mixamorig_Spine2-Matrix-animation-output-transform"><float_array id="mixamorig_Spine2-Matrix-animation-output-transform-array" count="304">

0.999999 -0.000652 -0.000816 0.000000 0.000603 0.998250 -0.059134 1.404900 0.000853 0.059134 0.998250 0.000000 0.000000 0.000000 0.000000 1.000000
0.999967 0.005941 0.005590 -0.000000 -0.005599 0.998223 -0.059330 1.404900 -0.005933 0.059297 0.998223 0.000000 0.000000 0.000000 0.000000 1.000000
0.999845 0.015796 0.007715 0.000000 -0.015337 0.998292 -0.056367 1.404900 -0.008592 0.056240 0.998380 0.000000 0.000000 0.000000 0.000000 1.000000
0.999735 0.022500 0.004830 -0.000000 -0.022242 0.998592 -0.048157 1.404900 -0.005907 0.048036 0.998828 -0.000000 0.000000 0.000000 0.000000 1.000000
0.999765 0.021393 -0.003560 0.000000 -0.021521 0.998939 -0.040727 1.404900 0.002685 0.040794 0.999164 0.000000 0.000000 0.000000 0.000000 1.000000
0.999712 0.018682 -0.015093 0.000000 -0.019322 0.998869 -0.043438 1.404900 0.014265 0.043717 0.998942 0.000000 0.000000 0.000000 0.000000 1.000000
0.999427 0.022629 -0.025185 -0.000000 -0.023882 0.998434 -0.050593 1.404900 0.024001 0.051165 0.998402 0.000000 0.000000 0.000000 0.000000 1.000000
0.998976 0.032855 -0.031117 -0.000000 -0.034506 0.997939 -0.054102 1.404900 0.029275 0.055120 0.998050 0.000000 0.000000 0.000000 0.000000 1.000000
0.998633 0.038177 -0.035704 0.000000 -0.040062 0.997755 -0.053667 1.404900 0.033575 0.055024 0.997920 0.000000 0.000000 0.000000 0.000000 1.000000
0.998607 0.028657 -0.044302 -0.000000 -0.030979 0.998133 -0.052629 1.404900 0.042711 0.053928 0.997631 0.000000 0.000000 0.000000 0.000000 1.000000
0.998294 0.008396 -0.057782 0.000000 -0.011499 0.998497 -0.053584 1.404900 0.057245 0.054157 0.996890 -0.000000 0.000000 0.000000 0.000000 1.000000
0.997434 -0.010576 -0.070812 0.000000 0.006754 0.998518 -0.053999 1.404900 0.071278 0.053383 0.996027 -0.000000 0.000000 0.000000 0.000000 1.000000
0.996828 -0.018384 -0.077430 0.000000 0.014598 0.998683 -0.049178 1.404900 0.078232 0.047891 0.995784 -0.000000 0.000000 0.000000 0.000000 1.000000
0.997077 -0.014080 -0.075095 0.000000 0.010778 0.998965 -0.044191 1.404900 0.075640 0.043252 0.996197 0.000000 0.000000 0.000000 0.000000 1.000000
0.997873 -0.009370 -0.064517 -0.000000 0.006608 0.999057 -0.042902 1.404900 0.064858 0.042385 0.996994 0.000000 0.000000 0.000000 0.000000 1.000000
0.998790 -0.010568 -0.048028 -0.000000 0.008356 0.998906 -0.046016 1.404900 0.048462 0.045559 0.997785 0.000000 0.000000 0.000000 0.000000 1.000000
0.999476 -0.014408 -0.028991 0.000000 0.012992 0.998740 -0.048482 1.404900 0.029653 0.048080 0.998403 0.000000 0.000000 0.000000 0.000000 1.000000
0.999877 -0.010160 -0.011938 0.000000 0.009503 0.998500 -0.053927 1.404900 0.012468 0.053807 0.998474 0.000000 0.000000 0.000000 0.000000 1.000000
0.999999 -0.000652 -0.000817 0.000000 0.000603 0.998250 -0.059135 1.404900 0.000854 0.059134 0.998250 0.000000 0.000000 0.000000 0.000000 1.000000</float_array><technique_common><accessor source="#mixamorig_Spine2-Matrix-animation-output-transform-array" count="19" stride="16"><param type="float4x4"/></accessor></technique_common></source><source id="mixamorig_Spine2-Interpolations"><Name_array id="mixamorig_Spine2-Interpolations-array" count="19">
 LINEAR LINEAR LINEAR LINEAR LINEAR LINEAR LINEAR LINEAR LINEAR LINEAR LINEAR
LINEAR LINEAR LINEAR LINEAR LINEAR LINEAR LINEAR LINEAR</Name_array><technique_common><accessor source="#mixamorig_Spine2-Interpolations-array" count="19"><param type="name"/></accessor></technique_common></source><sampler id="mixamorig_Spine2-Matrix-animation-transform"><input semantic="INPUT" source="#mixamorig_Spine2-Matrix-animation-input"/><input semantic="OUTPUT" source="#mixamorig_Spine2-Matrix-animation-output-transform"/><input semantic="INTERPOLATION" source="#mixamorig_Spine2-Interpolations"/></sampler><channel source="#mixamorig_Spine2-Matrix-animation-transform" target="mixamorig_Spine2/matrix"/></animation>
    <animation id="mixamorig_Neck-anim" name="mixamorig_Neck"><source id="mixamorig_Neck-Matrix-animation-input"><float_array id="mixamorig_Neck-Matrix-animation-input-array" count="19">

0.000000 0.033333 0.066667 0.100000 0.133333 0.166667 0.200000 0.233333 0.266667 0.300000 0.333333 0.366667 0.400000 0.433333 0.466667 0.500000
0.533333 0.566667 0.600000</float_array><technique_common><accessor source="#mixamorig_Neck-Matrix-animation-input-array" count="19"><param name="TIME" type="float"/></accessor></technique_common></source><source id="mixamorig_Neck-Matrix-animation-output-transform"><float_array id="mixamorig_Neck-Matrix-animation-output-transform-array" count="304">

0.981373 -0.110328 0.157276 0.000000 0.034563 0.906694 0.420370 1.580500 -0.188980 -0.407104 0.893618 0.000000 0.000000 0.000000 0.000000 1.000000
0.988328 -0.088581 0.123938 0.000000 0.021281 0.885867 0.463451 1.580500 -0.150846 -0.455404 0.877413 -0.000000 0.000000 0.000000 0.000000 1.000000
0.992898 -0.101596 0.061896 -0.000000 0.059306 0.873729 0.482784 1.580500 -0.103129 -0.475685 0.873549 0.000000 0.000000 0.000000 0.000000 1.000000
0.990234 -0.139395 0.002445 -0.000000 0.122556 0.878708 0.461360 1.580500 -0.066459 -0.456554 0.887210 0.000000 0.000000 0.000000 0.000000 1.000000
0.985220 -0.170152 -0.019743 -0.000000 0.161325 0.882956 0.440866 1.580500 -0.057582 -0.437535 0.897356 -0.000000 0.000000 0.000000 0.000000 1.000000
0.980440 -0.196427 -0.012390 0.000000 0.180391 0.871654 0.455717 1.580500 -0.078715 -0.449038 0.890039 -0.000000 0.000000 0.000000 0.000000 1.000000
0.975000 -0.221860 0.012352 0.000000 0.191323 0.866471 0.461112 1.580500 -0.113005 -0.447221 0.887256 0.000000 0.000000 0.000000 0.000000 1.000000
0.966621 -0.252877 0.041205 0.000000 0.208261 0.869163 0.448534 1.580500 -0.149238 -0.424981 0.892815 0.000000 0.000000 0.000000 0.000000 1.000000
0.955330 -0.285719 0.075562 0.000000 0.224630 0.868125 0.442607 1.580500 -0.192058 -0.405862 0.893527 0.000000 0.000000 0.000000 0.000000 1.000000
0.941533 -0.310845 0.129964 0.000000 0.220856 0.860727 0.458664 1.580500 -0.254437 -0.403144 0.879055 0.000000 0.000000 0.000000 0.000000 1.000000
0.919899 -0.340189 0.195084 0.000000 0.210261 0.847776 0.486894 1.580500 -0.331023 -0.406875 0.851397 -0.000000 0.000000 0.000000 0.000000 1.000000
0.898150 -0.357237 0.256334 -0.000000 0.203674 0.854698 0.477502 1.580500 -0.389670 -0.376660 0.840407 0.000000 0.000000 0.000000 0.000000 1.000000
0.895639 -0.326977 0.301526 -0.000000 0.188987 0.893439 0.407493 1.580500 -0.402636 -0.307982 0.861993 0.000000 0.000000 0.000000 0.000000 1.000000
0.910686 -0.286428 0.297674 -0.000000 0.174530 0.919893 0.351194 1.580500 -0.374419 -0.267874 0.887724 0.000000 0.000000 0.000000 0.000000 1.000000
0.928685 -0.254788 0.269496 0.000000 0.158363 0.929511 0.333061 1.580500 -0.335360 -0.266630 0.903572 0.000000 0.000000 0.000000 0.000000 1.000000
0.941217 -0.234840 0.242820 0.000000 0.143799 0.928978 0.341059 1.580500 -0.305669 -0.286093 0.908140 -0.000000 0.000000 0.000000 0.000000 1.000000
0.954044 -0.193283 0.229003 -0.000000 0.104875 0.931217 0.349051 1.580500 -0.280717 -0.308993 0.908692 0.000000 0.000000 0.000000 0.000000 1.000000
0.967804 -0.150371 0.201850 0.000000 0.063449 0.921783 0.382479 1.580500 -0.243576 -0.357358 0.901646 0.000000 0.000000 0.000000 0.000000 1.000000
0.981372 -0.110328 0.157276 -0.000000 0.034563 0.906694 0.420370 1.580500 -0.188980 -0.407104 0.893618 -0.000000 0.000000 0.000000 0.000000 1.000000</float_array><technique_common><accessor source="#mixamorig_Neck-Matrix-animation-output-transform-array" count="19" stride="16"><param type="float4x4"/></accessor></technique_common></source><source id="mixamorig_Neck-Interpolations"><Name_array id="mixamorig_Neck-Interpolations-array" count="19">
 LINEAR LINEAR LINEAR LINEAR LINEAR LINEAR LINEAR LINEAR LINEAR LINEAR LINEAR
LINEAR LINEAR LINEAR LINEAR LINEAR LINEAR LINEAR LINEAR</Name_array><technique_common><accessor source="#mixamorig_Neck-Interpolations-array" count="19"><param type="name"/></accessor></technique_common></source><sampler id="mixamorig_Neck-Matrix-animation-transform"><input semantic="INPUT" source="#mixamorig_Neck-Matrix-animation-input"/><input semantic="OUTPUT" source="#mixamorig_Neck-Matrix-animation-output-transform"/><input semantic="INTERPOLATION" source="#mixamorig_Neck-Interpolations"/></sampler><channel source="#mixamorig_Neck-Matrix-animation-transform" target="mixamorig_Neck/matrix"/></animation>
    <animation id="mixamorig_Head-anim" name="mixamorig_Head"><source id="mixamorig_Head-Matrix-animation-input"><float_array id="mixamorig_Head-Matrix-animation-input-array" count="19">

0.000000 0.033333 0.066667 0.100000 0.133333 0.166667 0.200000 0.233333 0.266667 0.300000 0.333333 0.366667 0.400000 0.433333 0.466667 0.500000
0.533333 0.566667 0.600000</float_array><technique_common><accessor source="#mixamorig_Head-Matrix-animation-input-array" count="19"><param name="TIME" type="float"/></accessor></technique_common></source><source id="mixamorig_Head-Matrix-animation-output-transform"><float_array id="mixamorig_Head-Matrix-animation-output-transform-array" count="304">

0.876912 0.139061 0.460095 0.000000 -0.134006 0.990011 -0.043819 0.648500 -0.461593 -0.023230 0.886788 0.183300 0.000000 0.000000 0.000000 1.000000
0.902388 0.093435 0.420672 0.000000 -0.070704 0.995084 -0.069349 0.648500 -0.425083 0.032836 0.904558 0.183300 0.000000 0.000000 0.000000 1.000000
0.924952 0.062252 0.374951 0.000000 -0.032820 0.995893 -0.084382 0.648500 -0.378664 0.065744 0.923196 0.183300 0.000000 0.000000 0.000000 1.000000
0.937300 0.064109 0.342578 -0.000000 -0.035212 0.995326 -0.089923 0.648500 -0.346741 0.072222 0.935176 0.183300 0.000000 0.000000 0.000000 1.000000
0.939601 0.075632 0.333811 0.000000 -0.042365 0.993480 -0.105845 0.648500 -0.339640 0.085310 0.936679 0.183300 0.000000 0.000000 0.000000 1.000000
0.933401 0.072571 0.351420 0.000000 -0.030343 0.991791 -0.124217 0.648500 -0.357550 0.105281 0.927941 0.183300 0.000000 0.000000 0.000000 1.000000
0.921430 0.049147 0.385422 0.000000 -0.009790 0.994590 -0.103418 0.648500 -0.388420 0.091519 0.916927 0.183300 0.000000 0.000000 0.000000 1.000000
0.906205 0.033277 0.421526 0.000000 -0.008787 0.998165 -0.059908 0.648500 -0.422746 0.050585 0.904835 0.183300 0.000000 0.000000 0.000000 1.000000
0.884005 0.043865 0.465416 -0.000000 -0.032692 0.998951 -0.032056 0.648500 -0.466334 0.013123 0.884512 0.183300 0.000000 0.000000 0.000000 1.000000
0.846159 0.074573 0.527687 0.000000 -0.065016 0.997210 -0.036672 0.648500 -0.528950 -0.003277 0.848647 0.183300 0.000000 0.000000 0.000000 1.000000
0.789333 0.118045 0.602511 -0.000000 -0.092834 0.993007 -0.072933 0.648500 -0.606907 0.001634 0.794771 0.183300 0.000000 0.000000 0.000000 1.000000
0.733235 0.163601 0.660001 -0.000000 -0.122581 0.986525 -0.108358 0.648500 -0.668835 -0.001452 0.743409 0.183300 0.000000 0.000000 0.000000 1.000000
0.713517 0.189836 0.674430 0.000000 -0.159041 0.981351 -0.107968 0.648500 -0.682348 -0.030225 0.730402 0.183300 0.000000 0.000000 0.000000 1.000000
0.729634 0.196942 0.654865 0.000000 -0.176958 0.979389 -0.097376 0.648500 -0.660545 -0.044835 0.749446 0.183300 0.000000 0.000000 0.000000 1.000000
0.762000 0.187482 0.619844 0.000000 -0.167855 0.981643 -0.090564 0.648500 -0.625445 -0.035034 0.779481 0.183300 0.000000 0.000000 0.000000 1.000000
0.788324 0.177288 0.589164 -0.000000 -0.161587 0.983629 -0.079779 0.648500 -0.593662 -0.032309 0.804066 0.183300 0.000000 0.000000 0.000000 1.000000
0.813093 0.162189 0.559084 0.000000 -0.159611 0.985711 -0.053827 0.648500 -0.559826 -0.045470 0.827362 0.183300 0.000000 0.000000 0.000000 1.000000
0.843416 0.148004 0.516473 0.000000 -0.150565 0.987899 -0.037222 0.648500 -0.515732 -0.046369 0.855494 0.183300 0.000000 0.000000 0.000000 1.000000
0.876912 0.139061 0.460095 0.000000 -0.134006 0.990011 -0.043819 0.648500 -0.461593 -0.023230 0.886788 0.183300 0.000000 0.000000 0.000000 1.000000</float_array><technique_common><accessor source="#mixamorig_Head-Matrix-animation-output-transform-array" count="19" stride="16"><param type="float4x4"/></accessor></technique_common></source><source id="mixamorig_Head-Interpolations"><Name_array id="mixamorig_Head-Interpolations-array" count="19">
 LINEAR LINEAR LINEAR LINEAR LINEAR LINEAR LINEAR LINEAR LINEAR LINEAR LINEAR
LINEAR LINEAR LINEAR LINEAR LINEAR LINEAR LINEAR LINEAR</Name_array><technique_common><accessor source="#mixamorig_Head-Interpolations-array" count="19"><param type="name"/></accessor></technique_common></source><sampler id="mixamorig_Head-Matrix-animation-transform"><input semantic="INPUT" source="#mixamorig_Head-Matrix-animation-input"/><input semantic="OUTPUT" source="#mixamorig_Head-Matrix-animation-output-transform"/><input semantic="INTERPOLATION" source="#mixamorig_Head-Interpolations"/></sampler><channel source="#mixamorig_Head-Matrix-animation-transform" target="mixamorig_Head/matrix"/></animation>
    <animation id="mixamorig_LeftShoulder-anim" name="mixamorig_LeftShoulder"><source id="mixamorig_LeftShoulder-Matrix-animation-input"><float_array id="mixamorig_LeftShoulder-Matrix-animation-input-array" count="19">

0.000000 0.033333 0.066667 0.100000 0.133333 0.166667 0.200000 0.233333 0.266667 0.300000 0.333333 0.366667 0.400000 0.433333 0.466667 0.500000
0.533333 0.566667 0.600000</float_array><technique_common><accessor source="#mixamorig_LeftShoulder-Matrix-animation-input-array" count="19"><param name="TIME" type="float"/></accessor></technique_common></source><source id="mixamorig_LeftShoulder-Matrix-animation-output-transform"><float_array id="mixamorig_LeftShoulder-Matrix-animation-output-transform-array" count="304">

0.275309 0.960922 0.028878 0.853600 -0.047662 0.043646 -0.997910 1.305700 -0.960174 0.273357 0.057816 -0.188400 0.000000 0.000000 0.000000 1.000000
0.271523 0.960969 0.053041 0.853600 -0.044488 0.067584 -0.996721 1.305700 -0.961403 0.268273 0.061102 -0.188400 0.000000 0.000000 0.000000 1.000000
0.258205 0.964117 0.061712 0.853600 -0.043743 0.075480 -0.996187 1.305700 -0.965099 0.254521 0.061662 -0.188400 0.000000 0.000000 0.000000 1.000000
0.269260 0.962179 0.041351 0.853600 -0.046100 0.055764 -0.997379 1.305700 -0.961964 0.266648 0.059371 -0.188400 0.000000 0.000000 0.000000 1.000000
0.274032 0.961343 0.026962 0.853600 -0.047939 0.041654 -0.997981 1.305700 -0.960525 0.272187 0.057500 -0.188400 0.000000 0.000000 0.000000 1.000000
0.274541 0.961176 0.027709 0.853600 -0.047832 0.042431 -0.997954 1.305700 -0.960385 0.272654 0.057624 -0.188400 0.000000 0.000000 0.000000 1.000000
0.279558 0.959474 0.035459 0.853600 -0.046697 0.050475 -0.997633 1.305700 -0.958993 0.277240 0.058915 -0.188400 0.000000 0.000000 0.000000 1.000000
0.282640 0.958370 0.040530 0.853600 -0.045935 0.055727 -0.997389 1.305700 -0.958126 0.280040 0.059773 -0.188400 0.000000 0.000000 0.000000 1.000000
0.283334 0.958113 0.041731 0.853600 -0.045752 0.056969 -0.997327 1.305700 -0.957929 0.280668 0.059977 -0.188400 0.000000 0.000000 0.000000 1.000000
0.288241 0.956227 0.050462 0.853600 -0.044403 0.065989 -0.996832 1.305700 -0.956528 0.285087 0.061480 -0.188400 0.000000 0.000000 0.000000 1.000000
0.262307 0.961766 0.078746 0.853600 -0.041471 0.092763 -0.994824 1.305700 -0.964093 0.257684 0.064218 -0.188400 0.000000 0.000000 0.000000 1.000000
0.260348 0.961917 0.083272 0.853600 -0.040981 0.097177 -0.994423 1.305700 -0.964645 0.255483 0.064720 -0.188400 0.000000 0.000000 0.000000 1.000000
0.286459 0.956921 0.047358 0.853600 -0.044890 0.062780 -0.997017 1.305700 -0.957040 0.283478 0.060940 -0.188400 0.000000 0.000000 0.000000 1.000000
0.265650 0.963953 0.014954 0.853600 -0.049611 0.029160 -0.998343 1.305700 -0.962792 0.264468 0.055569 -0.188400 0.000000 0.000000 0.000000 1.000000
0.252515 0.967592 -0.001619 0.853600 -0.051733 0.011830 -0.998591 1.305700 -0.966209 0.252243 0.053043 -0.188400 0.000000 0.000000 0.000000 1.000000
0.252287 0.967650 -0.001942 0.853600 -0.051772 0.011494 -0.998593 1.305700 -0.966266 0.252033 0.052997 -0.188400 0.000000 0.000000 0.000000 1.000000
0.259738 0.965653 0.007092 0.853600 -0.050646 0.020956 -0.998497 1.305700 -0.964350 0.258988 0.054350 -0.188400 0.000000 0.000000 0.000000 1.000000
0.269351 0.962834 0.020018 0.853600 -0.048917 0.034438 -0.998209 1.305700 -0.961799 0.267889 0.056375 -0.188400 0.000000 0.000000 0.000000 1.000000
0.275308 0.960922 0.028878 0.853600 -0.047662 0.043645 -0.997910 1.305700 -0.960174 0.273356 0.057816 -0.188400 0.000000 0.000000 0.000000 1.000000</float_array><technique_common><accessor source="#mixamorig_LeftShoulder-Matrix-animation-output-transform-array" count="19" stride="16"><param type="float4x4"/></accessor></technique_common></source><source id="mixamorig_LeftShoulder-Interpolations"><Name_array id="mixamorig_LeftShoulder-Interpolations-array" count="19">
 LINEAR LINEAR LINEAR LINEAR LINEAR LINEAR LINEAR LINEAR LINEAR LINEAR LINEAR
LINEAR LINEAR LINEAR LINEAR LINEAR LINEAR LINEAR LINEAR</Name_array><technique_common><accessor source="#mixamorig_LeftShoulder-Interpolations-array" count="19"><param type="name"/></accessor></technique_common></source><sampler id="mixamorig_LeftShoulder-Matrix-animation-transform"><input semantic="INPUT" source="#mixamorig_LeftShoulder-Matrix-animation-input"/><input semantic="OUTPUT" source="#mixamorig_LeftShoulder-Matrix-animation-output-transform"/><input semantic="INTERPOLATION" source="#mixamorig_LeftShoulder-Interpolations"/></sampler><channel source="#mixamorig_LeftShoulder-Matrix-animation-transform" target="mixamorig_LeftShoulder/matrix"/></animation>
    <animation id="mixamorig_LeftArm-anim" name="mixamorig_LeftArm"><source id="mixamorig_LeftArm-Matrix-animation-input"><float_array id="mixamorig_LeftArm-Matrix-animation-input-array" count="19">

0.000000 0.033333 0.066667 0.100000 0.133333 0.166667 0.200000 0.233333 0.266667 0.300000 0.333333 0.366667 0.400000 0.433333 0.466667 0.500000
0.533333 0.566667 0.600000</float_array><technique_common><accessor source="#mixamorig_LeftArm-Matrix-animation-input-array" count="19"><param name="TIME" type="float"/></accessor></technique_common></source><source id="mixamorig_LeftArm-Matrix-animation-output-transform"><float_array id="mixamorig_LeftArm-Matrix-animation-output-transform-array" count="304">

0.419717 -0.901487 0.105636 -0.000000 0.419693 0.089560 -0.903237 2.048600 0.804796 0.423438 0.415938 -0.000000 0.000000 0.000000 0.000000 1.000000
0.335128 -0.940588 0.054627 0.000000 0.449843 0.108794 -0.886457 2.048600 0.827847 0.321650 0.459576 0.000000 0.000000 0.000000 0.000000 1.000000
0.232107 -0.970052 0.071591 0.000000 0.449069 0.041580 -0.892529 2.048600 0.862823 0.239311 0.445272 0.000000 0.000000 0.000000 0.000000 1.000000
0.170001 -0.977805 0.122460 0.000000 0.423162 -0.039794 -0.905180 2.048600 0.889963 0.205702 0.407005 0.000000 0.000000 0.000000 0.000000 1.000000
0.154373 -0.970411 0.185667 0.000000 0.411052 -0.107803 -0.905215 2.048600 0.898446 0.216060 0.382248 0.000000 0.000000 0.000000 0.000000 1.000000
0.166171 -0.959112 0.229112 0.000000 0.459078 -0.130384 -0.878776 2.048600 0.872717 0.251207 0.418641 0.000000 0.000000 0.000000 0.000000 1.000000
0.192808 -0.949779 0.246465 0.000000 0.511150 -0.117188 -0.851465 2.048600 0.837586 0.290150 0.462885 0.000000 0.000000 0.000000 0.000000 1.000000
0.228373 -0.947034 0.225770 -0.000000 0.498193 -0.085560 -0.862835 2.048600 0.836451 0.309525 0.452266 -0.000000 0.000000 0.000000 0.000000 1.000000
0.278631 -0.943044 0.181748 0.000000 0.449271 -0.039272 -0.892532 2.048600 0.848835 0.330341 0.412740 0.000000 0.000000 0.000000 0.000000 1.000000
0.334142 -0.931950 0.140778 0.000000 0.438018 0.021290 -0.898714 2.048600 0.834559 0.361961 0.415325 0.000000 0.000000 0.000000 0.000000 1.000000
0.374306 -0.914380 0.154287 0.000000 0.474727 0.046027 -0.878929 2.048600 0.796573 0.402233 0.451309 0.000000 0.000000 0.000000 0.000000 1.000000
0.429480 -0.888804 0.159920 0.000000 0.516853 0.096704 -0.850595 2.048600 0.740547 0.447969 0.500913 -0.000000 0.000000 0.000000 0.000000 1.000000
0.499476 -0.853956 0.145884 0.000000 0.500146 0.146742 -0.853417 2.048600 0.707374 0.499225 0.500397 0.000000 0.000000 0.000000 0.000000 1.000000
0.525152 -0.831285 0.182154 0.000000 0.464580 0.100709 -0.879786 2.048600 0.713008 0.546647 0.439086 -0.000000 0.000000 0.000000 0.000000 1.000000
0.527767 -0.836998 0.144557 0.000000 0.382183 0.082017 -0.920440 2.048600 0.758550 0.541025 0.363172 -0.000000 0.000000 0.000000 0.000000 1.000000
0.525654 -0.841444 0.125136 0.000000 0.353721 0.082410 -0.931713 2.048600 0.773673 0.534022 0.340956 0.000000 0.000000 0.000000 0.000000 1.000000
0.523784 -0.845956 0.100043 0.000000 0.372409 0.121777 -0.920044 2.048600 0.766134 0.519162 0.378827 0.000000 0.000000 0.000000 0.000000 1.000000
0.497360 -0.863424 0.084456 0.000000 0.393702 0.137887 -0.908838 2.048600 0.773067 0.485270 0.408511 -0.000000 0.000000 0.000000 0.000000 1.000000
0.419707 -0.901490 0.105646 -0.000000 0.419698 0.089548 -0.903235 2.048600 0.804798 0.423434 0.415938 0.000000 0.000000 0.000000 0.000000 1.000000</float_array><technique_common><accessor source="#mixamorig_LeftArm-Matrix-animation-output-transform-array" count="19" stride="16"><param type="float4x4"/></accessor></technique_common></source><source id="mixamorig_LeftArm-Interpolations"><Name_array id="mixamorig_LeftArm-Interpolations-array" count="19">
 LINEAR LINEAR LINEAR LINEAR LINEAR LINEAR LINEAR LINEAR LINEAR LINEAR LINEAR
LINEAR LINEAR LINEAR LINEAR LINEAR LINEAR LINEAR LINEAR</Name_array><technique_common><accessor source="#mixamorig_LeftArm-Interpolations-array" count="19"><param type="name"/></accessor></technique_common></source><sampler id="mixamorig_LeftArm-Matrix-animation-transform"><input semantic="INPUT" source="#mixamorig_LeftArm-Matrix-animation-input"/><input semantic="OUTPUT" source="#mixamorig_LeftArm-Matrix-animation-output-transform"/><input semantic="INTERPOLATION" source="#mixamorig_LeftArm-Interpolations"/></sampler><channel source="#mixamorig_LeftArm-Matrix-animation-transform" target="mixamorig_LeftArm/matrix"/></animation>
    <animation id="mixamorig_LeftForeArm-anim" name="mixamorig_LeftForeArm"><source id="mixamorig_LeftForeArm-Matrix-animation-input"><float_array id="mixamorig_LeftForeArm-Matrix-animation-input-array" count="19">

0.000000 0.033333 0.066667 0.100000 0.133333 0.166667 0.200000 0.233333 0.266667 0.300000 0.333333 0.366667 0.400000 0.433333 0.466667 0.500000
0.533333 0.566667 0.600000</float_array><technique_common><accessor source="#mixamorig_LeftForeArm-Matrix-animation-input-array" count="19"><param name="TIME" type="float"/></accessor></technique_common></source><source id="mixamorig_LeftForeArm-Matrix-animation-output-transform"><float_array id="mixamorig_LeftForeArm-Matrix-animation-output-transform-array" count="304">

0.188021 -0.925939 0.327543 0.000000 0.908617 0.290605 0.299939 2.758600 -0.372911 0.241216 0.895964 0.000000 0.000000 0.000000 0.000000 1.000000
0.243869 -0.919834 0.307300 0.000000 0.917337 0.321602 0.234660 2.758600 -0.314676 0.224671 0.922226 -0.000000 0.000000 0.000000 0.000000 1.000000
0.347170 -0.859864 0.374309 0.000000 0.875162 0.440482 0.200168 2.758600 -0.336993 0.258089 0.905442 0.000000 0.000000 0.000000 0.000000 1.000000
0.456710 -0.752710 0.474177 -0.000000 0.792822 0.586165 0.166863 2.758600 -0.403545 0.299730 0.864473 -0.000000 0.000000 0.000000 0.000000 1.000000
0.541811 -0.656212 0.525192 -0.000000 0.706401 0.694123 0.138532 2.758600 -0.455454 0.295938 0.839633 -0.000000 0.000000 0.000000 0.000000 1.000000
0.561249 -0.667827 0.488882 0.000000 0.701925 0.697050 0.146362 2.758600 -0.438520 0.261013 0.859984 0.000000 0.000000 0.000000 0.000000 1.000000
0.522984 -0.747389 0.409753 0.000000 0.774625 0.617332 0.137327 2.758600 -0.355590 0.245585 0.901800 0.000000 0.000000 0.000000 0.000000 1.000000
0.477076 -0.786838 0.391514 0.000000 0.853963 0.520309 0.005092 2.758600 -0.207715 0.331909 0.920158 0.000000 0.000000 0.000000 0.000000 1.000000
0.433457 -0.797589 0.419483 0.000000 0.900098 0.405917 -0.158287 2.758600 -0.044027 0.446186 0.893856 0.000000 0.000000 0.000000 0.000000 1.000000
0.307015 -0.844049 0.439685 0.000000 0.951476 0.262093 -0.161246 2.758600 0.020861 0.467855 0.883559 0.000000 0.000000 0.000000 0.000000 1.000000
0.106278 -0.913384 0.392982 0.000000 0.989029 0.137885 0.053003 2.758600 -0.102598 0.383037 0.918018 0.000000 0.000000 0.000000 0.000000 1.000000
-0.034628 -0.959362 0.280044 0.000000 0.953797 0.051955 0.295925 2.758600 -0.298449 0.277352 0.913238 0.000000 0.000000 0.000000 0.000000 1.000000
-0.072659 -0.970487 0.229949 0.000000 0.913115 0.028009 0.406738 2.758600 -0.401175 0.239523 0.884131 0.000000 0.000000 0.000000 0.000000 1.000000
-0.038103 -0.962475 0.268682 -0.000000 0.890686 0.089183 0.445785 2.758600 -0.453018 0.256297 0.853865 0.000000 0.000000 0.000000 0.000000 1.000000
0.001816 -0.906336 0.422554 -0.000000 0.923720 0.163386 0.346477 2.758600 -0.383064 0.389692 0.837498 0.000000 0.000000 0.000000 0.000000 1.000000
0.039975 -0.880655 0.472069 0.000000 0.931988 0.203210 0.300172 2.758600 -0.360277 0.427963 0.828883 0.000000 0.000000 0.000000 0.000000 1.000000
0.056900 -0.898585 0.435095 -0.000000 0.932639 0.203367 0.298038 2.758600 -0.356296 0.388828 0.849627 0.000000 0.000000 0.000000 0.000000 1.000000
