<?xml version="1.0" encoding="utf-8"?>
<COLLADA xmlns="http://www.collada.org/2005/11/COLLADASchema" version="1.4.1">
  <asset><contributor><author>Mixamo</author><authoring_tool>COLLADA Mixamo exporter</authoring_tool><comments></comments></contributor><created>2020-03-05T19:02:19Z</created><modified>2020-03-05T19:02:19Z</modified><revision></revision><title></title><unit meter="0.010000"/><up_axis>Y_UP</up_axis></asset>
  <library_animations>
    <animation id="mixamorig_Hips-anim" name="mixamorig_Hips"><source id="mixamorig_Hips-Matrix-animation-input"><float_array id="mixamorig_Hips-Matrix-animation-input-array" count="19">

0.000000 0.033333 0.066667 0.100000 0.133333 0.166667 0.200000 0.233333 0.266667 0.300000 0.333333 0.366667 0.400000 0.433333 0.466667 0.500000
0.533333 0.566667 0.600000</float_array><technique_common><accessor source="#mixamorig_Hips-Matrix-animation-input-array" count="19"><param name="TIME" type="float"/></accessor></technique_common></source><source id="mixamorig_Hips-Matrix-animation-output-transform"><float_array id="mixamorig_Hips-Matrix-animation-output-transform-array" count="304">

0.773569 -0.061028 -0.630766 0.309594 -0.205558 0.917369 -0.340853 27.674742 0.599447 0.393332 0.697103 -1.365637 0.000000 0.000000 0.000000 1.000000
0.788557 -0.100850 -0.606636 0.222355 -0.161151 0.918101 -0.362107 28.097406 0.593471 0.383302 0.707723 -1.727235 0.000000 0.000000 0.000000 1.000000
0.832258 -0.141072 -0.536139 -0.060979 -0.102409 0.911318 -0.398763 28.828442 0.544848 0.386779 0.744005 -1.838279 0.000000 0.000000 0.000000 1.000000
0.887719 -0.151786 -0.434645 -0.423900 -0.057113 0.900488 -0.431114 29.508308 0.456829 0.407532 0.790712 -1.839961 0.000000 0.000000 0.000000 1.000000
0.933296 -0.117443 -0.339360 -0.590444 -0.044775 0.899579 -0.434458 29.852289 0.356305 0.420673 0.834315 -1.956508 0.000000 0.000000 0.000000 1.000000
0.956871 -0.064291 -0.283309 -0.453541 -0.058443 0.912668 -0.404503 29.549688 0.284573 0.403614 0.869548 -2.447290 0.000000 0.000000 0.000000 1.000000
0.960857 -0.047090 -0.273012 -0.172010 -0.059046 0.927999 -0.367875 28.618359 0.270678 0.369596 0.888894 -3.152395 0.000000 0.000000 0.000000 1.000000
0.950117 -0.077872 -0.302016 0.110621 -0.034181 0.936500 -0.348997 27.829277 0.310015 0.341911 0.887123 -3.578414 0.000000 0.000000 0.000000 1.000000
0.927201 -0.106009 -0.359249 0.347659 -0.029382 0.935573 -0.351908 27.536085 0.373409 0.336845 0.864350 -3.531919 0.000000 0.000000 0.000000 1.000000
0.903973 -0.088817 -0.418263 0.572137 -0.082631 0.923464 -0.374681 27.539902 0.419529 0.373263 0.827448 -3.136395 0.000000 0.000000 0.000000 1.000000
0.888009 -0.037601 -0.458287 0.764246 -0.175451 0.893542 -0.413280 27.867186 0.425038 0.447403 0.786876 -2.380566 0.000000 0.000000 0.000000 1.000000
0.873380 0.009058 -0.486956 0.879832 -0.257011 0.857856 -0.445005 28.228937 0.413707 0.513811 0.751562 -1.499838 0.000000 0.000000 0.000000 1.000000
0.862377 0.013641 -0.506082 0.851234 -0.278471 0.847610 -0.451676 28.287806 0.422799 0.530444 0.734758 -0.894490 0.000000 0.000000 0.000000 1.000000
0.854791 -0.011195 -0.518851 0.670706 -0.251900 0.865148 -0.433665 28.226849 0.453738 0.501392 0.736701 -0.656367 0.000000 0.000000 0.000000 1.000000
0.839720 -0.013037 -0.542863 0.395875 -0.245596 0.882502 -0.401090 27.688496 0.484307 0.470129 0.737852 -0.919062 0.000000 0.000000 0.000000 1.000000
0.807428 0.010446 -0.589873 0.249352 -0.281543 0.885468 -0.369701 27.089252 0.518452 0.464582 0.717893 -1.484104 0.000000 0.000000 0.000000 1.000000
0.764585 0.014656 -0.644357 0.214940 -0.307377 0.887019 -0.344554 26.802876 0.566507 0.461501 0.682706 -1.813990 0.000000 0.000000 0.000000 1.000000
0.745360 -0.014577 -0.666503 0.297846 -0.278635 0.901439 -0.331317 27.083473 0.605641 0.432662 0.667835 -1.821582 0.000000 0.000000 0.000000 1.000000
0.773569 -0.061028 -0.630766 0.309593 -0.205558 0.917369 -0.340853 27.674744 0.599447 0.393332 0.697103 -1.365636 0.000000 0.000000 0.000000 1.000000</float_array><technique_common><accessor source="#mixamorig_Hips-Matrix-animation-output-transform-array" count="19" stride="16"><param type="float4x4"/></accessor></technique_common></source><source id="mixamorig_Hips-Interpolations"><Name_array id="mixamorig_Hips-Interpolations-array" count="19">
 LINEAR LINEAR LINEAR LINEAR LINEAR LINEAR LINEAR LINEAR LINEAR LINEAR LINEAR
LINEAR LINEAR LINEAR LINEAR LINEAR LINEAR LINEAR LINEAR</Name_array><technique_common><accessor source="#mixamorig_Hips-Interpolations-array" count="19"><param type="name"/></accessor></technique_common></source><sampler id="mixamorig_Hips-Matrix-animation-transform"><input semantic="INPUT" source="#mixamorig_Hips-Matrix-animation-input"/><input semantic="OUTPUT" source="#mixamorig_Hips-Matrix-animation-output-transform"/><input semantic="INTERPOLATION" source="#mixamorig_Hips-Interpolations"/></sampler><channel source="#mixamorig_Hips-Matrix-animation-transform" target="mixamorig_Hips/matrix"/></animation>
    <animation id="mixamorig_Spine-anim" name="mixamorig_Spine"><source id="mixamorig_Spine-Matrix-animation-input"><float_array id="mixamorig_Spine-Matrix-animation-input-array" count="19">

0.000000 0.033333 0.066667 0.100000 0.133333 0.166667 0.200000 0.233333 0.266667 0.300000 0.333333 0.366667 0.400000 0.433333 0.466667 0.500000
0.533333 0.566667 0.600000</float_array><technique_common><accessor source="#mixamorig_Spine-Matrix-animation-input-array" count="19"><param name="TIME" type="float"/></accessor></technique_common></source><source id="mixamorig_Spine-Matrix-animation-output-transform"><float_array id="mixamorig_Spine-Matrix-animation-output-transform-array" count="304">

0.999153 -0.040873 0.004834 -0.000000 0.041145 0.994883 -0.092278 3.724900 -0.001038 0.092399 0.995722 -0.660400 0.000000 0.000000 0.000000 1.000000
0.999206 0.007930 0.039054 -0.000000 -0.004447 0.996068 -0.088484 3.724900 -0.039602 0.088240 0.995312 -0.660400 0.000000 0.000000 0.000000 1.000000
0.996773 0.064993 0.047106 0.000000 -0.061785 0.995863 -0.066635 3.724900 -0.051242 0.063509 0.996665 -0.660400 0.000000 0.000000 0.000000 1.000000
0.994653 0.099557 0.027470 0.000000 -0.098786 0.994711 -0.028128 3.724900 -0.030125 0.025264 0.999227 -0.660400 0.000000 0.000000 0.000000 1.000000
0.995116 0.096254 -0.021903 -0.000000 -0.096467 0.995296 -0.008903 3.724900 0.020943 0.010973 0.999720 -0.660400 0.000000 0.000000 0.000000 1.000000
0.992935 0.079404 -0.088172 -0.000000 -0.083225 0.995706 -0.040539 3.724900 0.084574 0.047591 0.995280 -0.660400 0.000000 0.000000 0.000000 1.000000
0.984750 0.088207 -0.149956 0.000000 -0.101487 0.991340 -0.083333 3.724900 0.141306 0.097281 0.985175 -0.660400 0.000000 0.000000 0.000000 1.000000
0.972539 0.126626 -0.195276 0.000000 -0.147979 0.984034 -0.098889 3.724900 0.179637 0.125070 0.975750 -0.660400 0.000000 0.000000 0.000000 1.000000
0.962485 0.144304 -0.229778 -0.000000 -0.170097 0.980680 -0.096615 3.724900 0.211397 0.132075 0.968436 -0.660400 0.000000 0.000000 0.000000 1.000000
0.955836 0.091746 -0.279213 0.000000 -0.122860 0.987768 -0.096020 3.724900 0.266988 0.126084 0.955416 -0.660400 0.000000 0.000000 0.000000 1.000000
0.935908 -0.021913 -0.351561 0.000000 -0.017556 0.993921 -0.108689 3.724900 0.351806 0.107895 0.929834 -0.660400 0.000000 0.000000 0.000000 1.000000
0.900185 -0.138681 -0.412838 0.000000 0.093582 0.987397 -0.127633 3.724900 0.425335 0.076259 0.901817 -0.660400 0.000000 0.000000 0.000000 1.000000
0.875563 -0.190948 -0.443765 0.000000 0.151530 0.980765 -0.123040 3.724900 0.458724 0.040486 0.887656 -0.660400 0.000000 0.000000 0.000000 1.000000
0.883184 -0.177082 -0.434312 0.000000 0.145702 0.983760 -0.104821 3.724900 0.445821 0.029296 0.894643 -0.660400 0.000000 0.000000 0.000000 1.000000
0.912305 -0.156143 -0.378576 -0.000000 0.129251 0.986992 -0.095611 3.724900 0.388580 0.038295 0.920619 -0.660400 0.000000 0.000000 0.000000 1.000000
0.946970 -0.157213 -0.280237 0.000000 0.135497 0.986176 -0.095378 3.724900 0.291357 0.052349 0.955181 -0.660400 0.000000 0.000000 0.000000 1.000000
0.974682 -0.154121 -0.161992 -0.000000 0.142174 0.986357 -0.082989 3.724900 0.172572 0.057857 0.983296 -0.660400 0.000000 0.000000 0.000000 1.000000
0.992223 -0.110715 -0.056885 0.000000 0.105768 0.990867 -0.083644 3.724900 0.065626 0.076977 0.994871 -0.660400 0.000000 0.000000 0.000000 1.000000
0.999153 -0.040873 0.004834 0.000000 0.041145 0.994883 -0.092278 3.724900 -0.001037 0.092399 0.995722 -0.660400 0.000000 0.000000 0.000000 1.000000</float_array><technique_common><accessor source="#mixamorig_Spine-Matrix-animation-output-transform-array" count="19" stride="16"><param type="float4x4"/></accessor></technique_common></source><source id="mixamorig_Spine-Interpolations"><Name_array id="mixamorig_Spine-Interpolations-array" count="19">
 LINEAR LINEAR LINEAR LINEAR LINEAR LINEAR LINEAR LINEAR LINEAR LINEAR LINEAR
LINEAR LINEAR LINEAR LINEAR LINEAR LINEAR LINEAR LINEAR</Name_array><technique_common><accessor source="#mixamorig_Spine-Interpolations-array" count="19"><param type="name"/></accessor></technique_common></source><sampler id="mixamorig_Spine-Matrix-animation-transform"><input semantic="INPUT" source="#mixamorig_Spine-Matrix-animation-input"/><input semantic="OUTPUT" source="#mixamorig_Spine-Matrix-animation-output-transform"/><input semantic="INTERPOLATION" source="#mixamorig_Spine-Interpolations"/></sampler><channel source="#mixamorig_Spine-Matrix-animation-transform" target="mixamorig_Spine/matrix"/></animation>
    <animation id="mixamorig_Spine1-anim" name="mixamorig_Spine1"><source id="mixamorig_Spine1-Matrix-animation-input"><float_array id="mixamorig_Spine1-Matrix-animation-input-array" count="19">

0.000000 0.033333 0.066667 0.100000 0.133333 0.166667 0.200000 0.233333 0.266667 0.300000 0.333333 0.366667 0.400000 0.433333 0.466667 0.500000
0.533333 0.566667 0.600000</float_array><technique_common><accessor source="#mixamorig_Spine1-Matrix-animation-input-array" count="19"><param name="TIME" type="float"/></accessor></technique_common></source><source id="mixamorig_Spine1-Matrix-animation-output-transform"><float_array id="mixamorig_Spine1-Matrix-animation-output-transform-array" count="304">

1.000000 -0.000677 -0.000419 0.000000 0.000651 0.998250 -0.059138 4.413500 0.000458 0.059138 0.998250 0.000000 0.000000 0.000000 0.000000 1.000000
0.999965 0.006046 0.005790 0.000000 -0.005692 0.998224 -0.059299 4.413500 -0.006138 0.059264 0.998223 -0.000000 0.000000 0.000000 0.000000 1.000000
0.999842 0.015943 0.007846 0.000000 -0.015477 0.998294 -0.056304 4.413500 -0.008730 0.056174 0.998383 -0.000000 0.000000 0.000000 0.000000 1.000000
0.999733 0.022559 0.005002 -0.000000 -0.022292 0.998593 -0.048108 4.413500 -0.006080 0.047984 0.998830 -0.000000 0.000000 0.000000 0.000000 1.000000
0.999767 0.021358 -0.003258 0.000000 -0.021473 0.998937 -0.040784 4.413500 0.002384 0.040845 0.999163 0.000000 0.000000 0.000000 0.000000 1.000000
0.999718 0.018667 -0.014664 0.000000 -0.019291 0.998861 -0.043631 4.413500 0.013832 0.043902 0.998940 0.000000 0.000000 0.000000 0.000000 1.000000
0.999442 0.022606 -0.024598 0.000000 -0.023837 0.998416 -0.050966 4.413500 0.023406 0.051524 0.998397 -0.000000 0.000000 0.000000 0.000000 1.000000
0.999002 0.032772 -0.030340 -0.000000 -0.034398 0.997909 -0.054723 4.413500 0.028483 0.055712 0.998041 -0.000000 0.000000 0.000000 0.000000 1.000000
0.998667 0.038098 -0.034811 0.000000 -0.039961 0.997714 -0.054504 4.413500 0.032655 0.055822 0.997907 0.000000 0.000000 0.000000 0.000000 1.000000
0.998642 0.028638 -0.043514 0.000000 -0.030954 0.998087 -0.053520 4.413500 0.041898 0.054794 0.997618 0.000000 0.000000 0.000000 0.000000 1.000000
0.998325 0.008365 -0.057243 0.000000 -0.011483 0.998455 -0.054363 4.413500 0.056700 0.054929 0.996879 -0.000000 0.000000 0.000000 0.000000 1.000000
0.997457 -0.010598 -0.070480 0.000000 0.006752 0.998487 -0.054579 4.413500 0.070952 0.053964 0.996019 0.000000 0.000000 0.000000 0.000000 1.000000
0.996846 -0.018116 -0.077261 0.000000 0.014296 0.998661 -0.049719 4.413500 0.078058 0.048458 0.995770 0.000000 0.000000 0.000000 0.000000 1.000000
0.997101 -0.013623 -0.074854 0.000000 0.010261 0.998929 -0.045120 4.413500 0.075389 0.044221 0.996173 0.000000 0.000000 0.000000 0.000000 1.000000
0.997901 -0.008887 -0.064138 0.000000 0.006061 0.999008 -0.044121 4.413500 0.064467 0.043640 0.996965 -0.000000 0.000000 0.000000 0.000000 1.000000
0.998816 -0.010296 -0.047537 0.000000 0.008057 0.998860 -0.047049 4.413500 0.047967 0.046610 0.997761 0.000000 0.000000 0.000000 0.000000 1.000000
0.999489 -0.014300 -0.028580 0.000000 0.012889 0.998717 -0.048976 4.413500 0.029244 0.048583 0.998391 0.000000 0.000000 0.000000 0.000000 1.000000
0.999882 -0.010190 -0.011489 -0.000000 0.009555 0.998491 -0.054081 4.413500 0.012023 0.053965 0.998470 -0.000000 0.000000 0.000000 0.000000 1.000000
1.000000 -0.000677 -0.000419 0.000000 0.000651 0.998250 -0.059138 4.413500 0.000458 0.059138 0.998250 0.000000 0.000000 0.000000 0.000000 1.000000</float_array><technique_common><accessor source="#mixamorig_Spine1-Matrix-animation-output-transform-array" count="19" stride="16"><param type="float4x4"/></accessor></technique_common></source><source id="mixamorig_Spine1-Interpolations"><Name_array id="mixamorig_Spine1-Interpolations-array" count="19">
 LINEAR LINEAR LINEAR LINEAR LINEAR LINEAR LINEAR LINEAR LINEAR LINEAR LINEAR
LINEAR LINEAR LINEAR LINEAR LINEAR LINEAR LINEAR LINEAR</Name_array><technique_common><accessor source="#mixamorig_Spine1-Interpolations-array" count="19"><param type="name"/></accessor></technique_common></source><sampler id="mixamorig_Spine1-Matrix-animation-transform"><input semantic="INPUT" source="#mixamorig_Spine1-Matrix-animation-input"/><input semantic="OUTPUT" source="#mixamorig_Spine1-Matrix-animation-output-transform"/><input semantic="INTERPOLATION" source="#mixamorig_Spine1-Interpolations"/></sampler><channel source="#mixamorig_Spine1-Matrix-animation-transform" target="mixamorig_Spine1/matrix"/></animation>
    <animation id="mixamorig_Spine2-anim" name="mixamorig_Spine2"><source id="mixamorig_Spine2-Matrix-animation-input"><float_array id="mixamorig_Spine2-Matrix-animation-input-array" count="19">

0.000000 0.033333 0.066667 0.100000 0.133333 0.166667 0.200000 0.233333 0.266667 0.300000 0.333333 0.366667 0.400000 0.433333 0.466667 0.500000
0.533333 0.566667 0.600000</float_array><technique_common><accessor source="#mixamorig_Spine2-Matrix-animation-input-array" count="19"><param name="TIME" type="float"/></accessor></technique_common></source><source id="mixamorig_Spine2-Matrix-animation-output-transform"><float_array id="mixamorig_Spine2-Matrix-animation-output-transform-array" count="304">

0.999999 -0.000640 -0.000826 0.000000 0.000590 0.998250 -0.059134 5.044000 0.000862 0.059134 0.998250 0.000000 0.000000 0.000000 0.000000 1.000000
0.999967 0.005859 0.005677 -0.000000 -0.005512 0.998223 -0.059330 5.044000 -0.006014 0.059297 0.998222 0.000000 0.000000 0.000000 0.000000 1.000000
0.999845 0.015682 0.007945 -0.000000 -0.015209 0.998294 -0.056368 5.044000 -0.008816 0.056239 0.998378 0.000000 0.000000 0.000000 0.000000 1.000000
0.999735 0.022427 0.005159 0.000000 -0.022153 0.998594 -0.048160 5.044000 -0.006231 0.048033 0.998826 0.000000 0.000000 0.000000 0.000000 1.000000
0.999765 0.021443 -0.003247 -0.000000 -0.021558 0.998938 -0.040731 5.044000 0.002370 0.040791 0.999165 0.000000 0.000000 0.000000 0.000000 1.000000
0.999712 0.018901 -0.014818 -0.000000 -0.019529 0.998865 -0.043439 5.044000 0.013981 0.043716 0.998946 0.000000 0.000000 0.000000 0.000000 1.000000
0.999427 0.022995 -0.024852 0.000000 -0.024230 0.998425 -0.050593 5.044000 0.023649 0.051166 0.998410 -0.000000 0.000000 0.000000 0.000000 1.000000
0.998976 0.033307 -0.030633 -0.000000 -0.034931 0.997924 -0.054104 5.044000 0.028767 0.055118 0.998065 0.000000 0.000000 0.000000 0.000000 1.000000
0.998633 0.038695 -0.035141 -0.000000 -0.040549 0.997735 -0.053669 5.044000 0.032985 0.055021 0.997940 -0.000000 0.000000 0.000000 0.000000 1.000000
0.998607 0.029302 -0.043878 0.000000 -0.031600 0.998114 -0.052622 5.044000 0.042253 0.053935 0.997650 0.000000 0.000000 0.000000 0.000000 1.000000
0.998294 0.009240 -0.057653 0.000000 -0.012335 0.998488 -0.053560 5.044000 0.057071 0.054180 0.996899 -0.000000 0.000000 0.000000 0.000000 1.000000
0.997434 -0.009540 -0.070959 0.000000 0.005711 0.998527 -0.053963 5.044000 0.071369 0.053419 0.996018 0.000000 0.000000 0.000000 0.000000 1.000000
0.996828 -0.017250 -0.077691 0.000000 0.013452 0.998702 -0.049135 5.044000 0.078438 0.047934 0.995766 -0.000000 0.000000 0.000000 0.000000 1.000000
0.997077 -0.012980 -0.075293 0.000000 0.009671 0.998978 -0.044150 5.044000 0.075789 0.043293 0.996184 0.000000 0.000000 0.000000 0.000000 1.000000
0.997873 -0.008426 -0.064647 0.000000 0.005658 0.999065 -0.042872 5.044000 0.064947 0.042415 0.996987 0.000000 0.000000 0.000000 0.000000 1.000000
0.998790 -0.009864 -0.048178 0.000000 0.007647 0.998912 -0.045999 5.044000 0.048579 0.045575 0.997779 0.000000 0.000000 0.000000 0.000000 1.000000
0.999476 -0.013983 -0.029198 -0.000000 0.012556 0.998745 -0.048476 5.044000 0.029839 0.048084 0.998397 0.000000 0.000000 0.000000 0.000000 1.000000
0.999877 -0.009985 -0.012086 0.000000 0.009319 0.998501 -0.053926 5.044000 0.012606 0.053807 0.998472 0.000000 0.000000 0.000000 0.000000 1.000000
0.999999 -0.000640 -0.000826 0.000000 0.000590 0.998250 -0.059134 5.044000 0.000862 0.059134 0.998250 -0.000000 0.000000 0.000000 0.000000 1.000000</float_array><technique_common><accessor source="#mixamorig_Spine2-Matrix-animation-output-transform-array" count="19" stride="16"><param type="float4x4"/></accessor></technique_common></source><source id="mixamorig_Spine2-Interpolations"><Name_array id="mixamorig_Spine2-Interpolations-array" count="19">
 LINEAR LINEAR LINEAR LINEAR LINEAR LINEAR LINEAR LINEAR LINEAR LINEAR LINEAR
LINEAR LINEAR LINEAR LINEAR LINEAR LINEAR LINEAR LINEAR</Name_array><technique_common><accessor source="#mixamorig_Spine2-Interpolations-array" count="19"><param type="name"/></accessor></technique_common></source><sampler id="mixamorig_Spine2-Matrix-animation-transform"><input semantic="INPUT" source="#mixamorig_Spine2-Matrix-animation-input"/><input semantic="OUTPUT" source="#mixamorig_Spine2-Matrix-animation-output-transform"/><input semantic="INTERPOLATION" source="#mixamorig_Spine2-Interpolations"/></sampler><channel source="#mixamorig_Spine2-Matrix-animation-transform" target="mixamorig_Spine2/matrix"/></animation>
    <animation id="mixamorig_Neck-anim" name="mixamorig_Neck"><source id="mixamorig_Neck-Matrix-animation-input"><float_array id="mixamorig_Neck-Matrix-animation-input-array" count="19">

0.000000 0.033333 0.066667 0.100000 0.133333 0.166667 0.200000 0.233333 0.266667 0.300000 0.333333 0.366667 0.400000 0.433333 0.466667 0.500000
0.533333 0.566667 0.600000</float_array><technique_common><accessor source="#mixamorig_Neck-Matrix-animation-input-array" count="19"><param name="TIME" type="float"/></accessor></technique_common></source><source id="mixamorig_Neck-Matrix-animation-output-transform"><float_array id="mixamorig_Neck-Matrix-animation-output-transform-array" count="304">

0.981372 -0.110328 0.157276 0.000000 0.037324 0.912552 0.407255 5.674600 -0.188454 -0.393798 0.899671 0.000000 0.000000 0.000000 0.000000 1.000000
0.988328 -0.088581 0.123938 -0.000000 0.023485 0.892434 0.450567 5.674600 -0.150518 -0.442398 0.884098 0.000000 0.000000 0.000000 0.000000 1.000000
0.992898 -0.101596 0.061896 0.000000 0.060808 0.880594 0.469955 5.674600 -0.102251 -0.462854 0.880518 0.000000 0.000000 0.000000 0.000000 1.000000
0.990234 -0.139395 0.002444 -0.000000 0.123515 0.885292 0.448333 5.674600 -0.064659 -0.443653 0.893863 0.000000 0.000000 0.000000 0.000000 1.000000
0.985220 -0.170152 -0.019743 0.000000 0.162150 0.889261 0.427693 5.674600 -0.055216 -0.424573 0.903708 0.000000 0.000000 0.000000 0.000000 1.000000
0.980440 -0.196427 -0.012390 0.000000 0.181523 0.878129 0.442649 5.674600 -0.076068 -0.436240 0.896609 0.000000 0.000000 0.000000 0.000000 1.000000
0.975000 -0.221860 0.012352 0.000000 0.192955 0.872920 0.448084 5.674600 -0.110195 -0.434499 0.893906 0.000000 0.000000 0.000000 0.000000 1.000000
0.966621 -0.252877 0.041205 -0.000000 0.210421 0.875286 0.435427 5.674600 -0.146176 -0.412222 0.899280 -0.000000 0.000000 0.000000 0.000000 1.000000
0.955330 -0.285719 0.075561 0.000000 0.227415 0.873969 0.429490 5.674600 -0.188751 -0.393120 0.899905 0.000000 0.000000 0.000000 0.000000 1.000000
0.941533 -0.310845 0.129964 0.000000 0.224554 0.866531 0.445757 5.674600 -0.251179 -0.390511 0.885669 -0.000000 0.000000 0.000000 0.000000 1.000000
0.919899 -0.340189 0.195084 -0.000000 0.215080 0.853637 0.474389 5.674600 -0.327912 -0.394431 0.858427 0.000000 0.000000 0.000000 0.000000 1.000000
0.898150 -0.357237 0.256334 0.000000 0.209352 0.860116 0.465158 5.674600 -0.386649 -0.364118 0.847302 -0.000000 0.000000 0.000000 0.000000 1.000000
0.895639 -0.326977 0.301526 0.000000 0.194856 0.897848 0.394841 5.674600 -0.399828 -0.294881 0.867861 -0.000000 0.000000 0.000000 0.000000 1.000000
0.910686 -0.286428 0.297673 0.000000 0.179988 0.923712 0.338171 5.674600 -0.371826 -0.254390 0.892766 0.000000 0.000000 0.000000 0.000000 1.000000
0.928685 -0.254788 0.269496 -0.000000 0.163251 0.933312 0.319809 5.674600 -0.333007 -0.253006 0.908347 -0.000000 0.000000 0.000000 0.000000 1.000000
0.941216 -0.234840 0.242820 0.000000 0.148254 0.933064 0.327739 5.674600 -0.303533 -0.272474 0.913031 -0.000000 0.000000 0.000000 0.000000 1.000000
0.954044 -0.193283 0.229003 0.000000 0.108970 0.935637 0.335722 5.674600 -0.279153 -0.295339 0.913700 -0.000000 0.000000 0.000000 0.000000 1.000000
0.967804 -0.150371 0.201850 0.000000 0.067005 0.926911 0.369250 5.674600 -0.242622 -0.343837 0.907144 0.000000 0.000000 0.000000 0.000000 1.000000
0.981372 -0.110328 0.157276 0.000000 0.037324 0.912552 0.407254 5.674600 -0.188454 -0.393798 0.899671 0.000000 0.000000 0.000000 0.000000 1.000000</float_array><technique_common><accessor source="#mixamorig_Neck-Matrix-animation-output-transform-array" count="19" stride="16"><param type="float4x4"/></accessor></technique_common></source><source id="mixamorig_Neck-Interpolations"><Name_array id="mixamorig_Neck-Interpolations-array" count="19">
 LINEAR LINEAR LINEAR LINEAR LINEAR LINEAR LINEAR LINEAR LINEAR LINEAR LINEAR
LINEAR LINEAR LINEAR LINEAR LINEAR LINEAR LINEAR LINEAR</Name_array><technique_common><accessor source="#mixamorig_Neck-Interpolations-array" count="19"><param type="name"/></accessor></technique_common></source><sampler id="mixamorig_Neck-Matrix-animation-transform"><input semantic="INPUT" source="#mixamorig_Neck-Matrix-animation-input"/><input semantic="OUTPUT" source="#mixamorig_Neck-Matrix-animation-output-transform"/><input semantic="INTERPOLATION" source="#mixamorig_Neck-Interpolations"/></sampler><channel source="#mixamorig_Neck-Matrix-animation-transform" target="mixamorig_Neck/matrix"/></animation>
    <animation id="mixamorig_Head-anim" name="mixamorig_Head"><source id="mixamorig_Head-Matrix-animation-input"><float_array id="mixamorig_Head-Matrix-animation-input-array" count="19">

0.000000 0.033333 0.066667 0.100000 0.133333 0.166667 0.200000 0.233333 0.266667 0.300000 0.333333 0.366667 0.400000 0.433333 0.466667 0.500000
0.533333 0.566667 0.600000</float_array><technique_common><accessor source="#mixamorig_Head-Matrix-animation-input-array" count="19"><param name="TIME" type="float"/></accessor></technique_common></source><source id="mixamorig_Head-Matrix-animation-output-transform"><float_array id="mixamorig_Head-Matrix-animation-output-transform-array" count="304">

0.876912 0.139061 0.460095 -0.000000 -0.134006 0.990011 -0.043819 2.023000 -0.461593 -0.023230 0.886788 0.577500 0.000000 0.000000 0.000000 1.000000
0.902388 0.093435 0.420672 0.000000 -0.070704 0.995084 -0.069349 2.023000 -0.425084 0.032836 0.904558 0.577500 0.000000 0.000000 0.000000 1.000000
0.924952 0.062252 0.374951 0.000000 -0.032820 0.995893 -0.084382 2.023000 -0.378664 0.065744 0.923196 0.577500 0.000000 0.000000 0.000000 1.000000
0.937300 0.064109 0.342578 0.000000 -0.035212 0.995326 -0.089923 2.023000 -0.346741 0.072222 0.935176 0.577500 0.000000 0.000000 0.000000 1.000000
0.939601 0.075631 0.333811 -0.000000 -0.042365 0.993480 -0.105845 2.023000 -0.339640 0.085310 0.936679 0.577500 0.000000 0.000000 0.000000 1.000000
0.933401 0.072571 0.351420 0.000000 -0.030343 0.991791 -0.124217 2.023000 -0.357550 0.105281 0.927941 0.577500 0.000000 0.000000 0.000000 1.000000
0.921430 0.049146 0.385422 0.000000 -0.009790 0.994590 -0.103418 2.023000 -0.388420 0.091519 0.916927 0.577500 0.000000 0.000000 0.000000 1.000000
0.906205 0.033277 0.421526 0.000000 -0.008787 0.998165 -0.059908 2.023000 -0.422746 0.050585 0.904835 0.577500 0.000000 0.000000 0.000000 1.000000
0.884004 0.043865 0.465416 0.000000 -0.032692 0.998951 -0.032056 2.023000 -0.466334 0.013123 0.884511 0.577500 0.000000 0.000000 0.000000 1.000000
0.846159 0.074573 0.527687 0.000000 -0.065016 0.997210 -0.036672 2.023000 -0.528950 -0.003277 0.848647 0.577500 0.000000 0.000000 0.000000 1.000000
0.789333 0.118045 0.602511 0.000000 -0.092834 0.993007 -0.072932 2.023000 -0.606907 0.001634 0.794771 0.577500 0.000000 0.000000 0.000000 1.000000
0.733235 0.163601 0.660001 0.000000 -0.122581 0.986525 -0.108358 2.023000 -0.668835 -0.001452 0.743409 0.577500 0.000000 0.000000 0.000000 1.000000
0.713517 0.189836 0.674430 0.000000 -0.159041 0.981351 -0.107968 2.023000 -0.682349 -0.030225 0.730402 0.577500 0.000000 0.000000 0.000000 1.000000
0.729634 0.196942 0.654865 0.000000 -0.176959 0.979389 -0.097376 2.023000 -0.660545 -0.044835 0.749446 0.577500 0.000000 0.000000 0.000000 1.000000
0.762000 0.187482 0.619844 -0.000000 -0.167855 0.981643 -0.090564 2.023000 -0.625445 -0.035034 0.779481 0.577500 0.000000 0.000000 0.000000 1.000000
0.788324 0.177288 0.589164 0.000000 -0.161587 0.983629 -0.079779 2.023000 -0.593662 -0.032309 0.804066 0.577500 0.000000 0.000000 0.000000 1.000000
0.813093 0.162190 0.559084 0.000000 -0.159611 0.985711 -0.053827 2.023000 -0.559826 -0.045470 0.827362 0.577500 0.000000 0.000000 0.000000 1.000000
0.843416 0.148004 0.516473 0.000000 -0.150565 0.987899 -0.037222 2.023000 -0.515732 -0.046369 0.855494 0.577500 0.000000 0.000000 0.000000 1.000000
0.876912 0.139061 0.460095 0.000000 -0.134006 0.990011 -0.043819 2.023000 -0.461593 -0.023230 0.886788 0.577500 0.000000 0.000000 0.000000 1.000000</float_array><technique_common><accessor source="#mixamorig_Head-Matrix-animation-output-transform-array" count="19" stride="16"><param type="float4x4"/></accessor></technique_common></source><source id="mixamorig_Head-Interpolations"><Name_array id="mixamorig_Head-Interpolations-array" count="19">
 LINEAR LINEAR LINEAR LINEAR LINEAR LINEAR LINEAR LINEAR LINEAR LINEAR LINEAR
LINEAR LINEAR LINEAR LINEAR LINEAR LINEAR LINEAR LINEAR</Name_array><technique_common><accessor source="#mixamorig_Head-Interpolations-array" count="19"><param type="name"/></accessor></technique_common></source><sampler id="mixamorig_Head-Matrix-animation-transform"><input semantic="INPUT" source="#mixamorig_Head-Matrix-animation-input"/><input semantic="OUTPUT" source="#mixamorig_Head-Matrix-animation-output-transform"/><input semantic="INTERPOLATION" source="#mixamorig_Head-Interpolations"/></sampler><channel source="#mixamorig_Head-Matrix-animation-transform" target="mixamorig_Head/matrix"/></animation>
    <animation id="mixamorig_LeftShoulder-anim" name="mixamorig_LeftShoulder"><source id="mixamorig_LeftShoulder-Matrix-animation-input"><float_array id="mixamorig_LeftShoulder-Matrix-animation-input-array" count="19">

0.000000 0.033333 0.066667 0.100000 0.133333 0.166667 0.200000 0.233333 0.266667 0.300000 0.333333 0.366667 0.400000 0.433333 0.466667 0.500000
0.533333 0.566667 0.600000</float_array><technique_common><accessor source="#mixamorig_LeftShoulder-Matrix-animation-input-array" count="19"><param name="TIME" type="float"/></accessor></technique_common></source><source id="mixamorig_LeftShoulder-Matrix-animation-output-transform"><float_array id="mixamorig_LeftShoulder-Matrix-animation-output-transform-array" count="304">

0.284405 0.957601 0.045991 3.850500 -0.036524 0.058760 -0.997604 4.523500 -0.958008 0.282043 0.051686 -0.760900 0.000000 0.000000 0.000000 1.000000
0.280699 0.957228 0.070163 3.850500 -0.033103 0.082714 -0.996023 4.523500 -0.959225 0.277260 0.054904 -0.760900 0.000000 0.000000 0.000000 1.000000
0.267440 0.960336 0.078938 3.850500 -0.032226 0.090790 -0.995349 4.523500 -0.963036 0.263652 0.055228 -0.760900 0.000000 0.000000 0.000000 1.000000
0.278409 0.958679 0.058505 3.850500 -0.034819 0.070948 -0.996872 4.523500 -0.959831 0.275501 0.053133 -0.760900 0.000000 0.000000 0.000000 1.000000
0.283126 0.958069 0.044087 3.850500 -0.036814 0.056790 -0.997707 4.523500 -0.958376 0.280853 0.051349 -0.760900 0.000000 0.000000 0.000000 1.000000
0.283635 0.957884 0.044829 3.850500 -0.036701 0.057558 -0.997667 4.523500 -0.958230 0.281328 0.051481 -0.760900 0.000000 0.000000 0.000000 1.000000
0.288662 0.955989 0.052529 3.850500 -0.035511 0.065517 -0.997219 4.523500 -0.956772 0.285994 0.052860 -0.760900 0.000000 0.000000 0.000000 1.000000
0.291749 0.954761 0.057566 3.850500 -0.034712 0.070714 -0.996893 4.523500 -0.955865 0.288844 0.053772 -0.760900 0.000000 0.000000 0.000000 1.000000
0.292445 0.954475 0.058760 3.850500 -0.034521 0.071944 -0.996811 4.523500 -0.955659 0.289484 0.053989 -0.760900 0.000000 0.000000 0.000000 1.000000
0.297363 0.952380 0.067438 3.850500 -0.033107 0.080876 -0.996174 4.523500 -0.954190 0.293993 0.055580 -0.760900 0.000000 0.000000 0.000000 1.000000
0.271576 0.957626 0.095910 3.850500 -0.029803 0.107975 -0.993707 4.523500 -0.961956 0.267008 0.057863 -0.760900 0.000000 0.000000 0.000000 1.000000
0.269633 0.957710 0.100445 3.850500 -0.029262 0.112409 -0.993231 4.523500 -0.962519 0.264868 0.058333 -0.760900 0.000000 0.000000 0.000000 1.000000
0.295577 0.953149 0.064353 3.850500 -0.033616 0.077699 -0.996410 4.523500 -0.954727 0.292353 0.055007 -0.760900 0.000000 0.000000 0.000000 1.000000
0.274729 0.960984 0.032160 3.850500 -0.038569 0.044434 -0.998268 4.523500 -0.960748 0.273013 0.049272 -0.760900 0.000000 0.000000 0.000000 1.000000
0.261574 0.965056 0.015703 3.850500 -0.040802 0.027312 -0.998794 4.523500 -0.964321 0.260617 0.046520 -0.760900 0.000000 0.000000 0.000000 1.000000
0.261346 0.965123 0.015382 3.850500 -0.040844 0.026979 -0.998801 4.523500 -0.964381 0.260404 0.046470 -0.760900 0.000000 0.000000 0.000000 1.000000
0.268807 0.962886 0.024352 3.850500 -0.039658 0.036325 -0.998553 4.523500 -0.962377 0.267452 0.047951 -0.760900 0.000000 0.000000 0.000000 1.000000
0.278435 0.959735 0.037189 3.850500 -0.037841 0.049652 -0.998049 4.523500 -0.959709 0.276485 0.050142 -0.760900 0.000000 0.000000 0.000000 1.000000
0.284404 0.957601 0.045990 3.850500 -0.036524 0.058758 -0.997604 4.523500 -0.958009 0.282043 0.051686 -0.760900 0.000000 0.000000 0.000000 1.000000</float_array><technique_common><accessor source="#mixamorig_LeftShoulder-Matrix-animation-output-transform-array" count="19" stride="16"><param type="float4x4"/></accessor></technique_common></source><source id="mixamorig_LeftShoulder-Interpolations"><Name_array id="mixamorig_LeftShoulder-Interpolations-array" count="19">
 LINEAR LINEAR LINEAR LINEAR LINEAR LINEAR LINEAR LINEAR LINEAR LINEAR LINEAR
LINEAR LINEAR LINEAR LINEAR LINEAR LINEAR LINEAR LINEAR</Name_array><technique_common><accessor source="#mixamorig_LeftShoulder-Interpolations-array" count="19"><param type="name"/></accessor></technique_common></source><sampler id="mixamorig_LeftShoulder-Matrix-animation-transform"><input semantic="INPUT" source="#mixamorig_LeftShoulder-Matrix-animation-input"/><input semantic="OUTPUT" source="#mixamorig_LeftShoulder-Matrix-animation-output-transform"/><input semantic="INTERPOLATION" source="#mixamorig_LeftShoulder-Interpolations"/></sampler><channel source="#mixamorig_LeftShoulder-Matrix-animation-transform" target="mixamorig_LeftShoulder/matrix"/></animation>
    <animation id="mixamorig_LeftArm-anim" name="mixamorig_LeftArm"><source id="mixamorig_LeftArm-Matrix-animation-input"><float_array id="mixamorig_LeftArm-Matrix-animation-input-array" count="19">

0.000000 0.033333 0.066667 0.100000 0.133333 0.166667 0.200000 0.233333 0.266667 0.300000 0.333333 0.366667 0.400000 0.433333 0.466667 0.500000
0.533333 0.566667 0.600000</float_array><technique_common><accessor source="#mixamorig_LeftArm-Matrix-animation-input-array" count="19"><param name="TIME" type="float"/></accessor></technique_common></source><source id="mixamorig_LeftArm-Matrix-animation-output-transform"><float_array id="mixamorig_LeftArm-Matrix-animation-output-transform-array" count="304">

0.423844 -0.899210 0.108525 0.000000 0.421865 0.089963 -0.902184 8.198500 0.801490 0.428168 0.417475 -0.000000 0.000000 0.000000 0.000000 1.000000
0.340834 -0.938463 0.055852 0.000000 0.451967 0.111474 -0.885042 8.198500 0.824353 0.326896 0.462149 0.000000 0.000000 0.000000 0.000000 1.000000
0.237558 -0.968827 0.070286 0.000000 0.451636 0.046101 -0.891011 8.198500 0.859995 0.243410 0.448508 0.000000 0.000000 0.000000 0.000000 1.000000
0.174128 -0.977454 0.119430 -0.000000 0.426100 -0.034550 -0.904016 8.198500 0.887760 0.208304 0.410476 0.000000 0.000000 0.000000 0.000000 1.000000
0.156936 -0.970663 0.182165 0.000000 0.413986 -0.102808 -0.904459 8.198500 0.896653 0.217355 0.385707 0.000000 0.000000 0.000000 0.000000 1.000000
0.168064 -0.959461 0.226250 0.000000 0.461766 -0.126152 -0.877985 8.198500 0.870934 0.252032 0.421845 -0.000000 0.000000 0.000000 0.000000 1.000000
0.194648 -0.949877 0.244634 0.000000 0.513607 -0.113778 -0.850448 8.198500 0.835655 0.291184 0.465717 0.000000 0.000000 0.000000 0.000000 1.000000
0.230566 -0.946772 0.224637 0.000000 0.500604 -0.082548 -0.861731 8.198500 0.834407 0.311140 0.454925 0.000000 0.000000 0.000000 0.000000 1.000000
0.281435 -0.942279 0.181394 -0.000000 0.451677 -0.036700 -0.891426 8.198500 0.846630 0.332810 0.415278 0.000000 0.000000 0.000000 0.000000 1.000000
0.337740 -0.930514 0.141689 -0.000000 0.440319 0.023150 -0.897543 8.198500 0.831896 0.365525 0.417541 0.000000 0.000000 0.000000 0.000000 1.000000
0.377786 -0.912580 0.156447 0.000000 0.476905 0.046959 -0.877700 8.198500 0.793624 0.406193 0.452954 0.000000 0.000000 0.000000 0.000000 1.000000
0.433010 -0.886380 0.163810 0.000000 0.518907 0.096525 -0.849363 8.198500 0.737046 0.452785 0.501745 0.000000 0.000000 0.000000 0.000000 1.000000
0.503048 -0.850896 0.151390 0.000000 0.502244 0.145261 -0.852438 8.198500 0.703345 0.504852 0.500431 -0.000000 0.000000 0.000000 0.000000 1.000000
0.527558 -0.828502 0.187796 0.000000 0.466952 0.098135 -0.878820 8.198500 0.709675 0.551321 0.438642 -0.000000 0.000000 0.000000 0.000000 1.000000
0.530448 -0.834408 0.149627 0.000000 0.384628 0.079605 -0.919633 8.198500 0.755438 0.545368 0.363163 0.000000 0.000000 0.000000 0.000000 1.000000
0.528579 -0.838874 0.129980 0.000000 0.356166 0.080172 -0.930977 8.198500 0.770551 0.538390 0.341156 0.000000 0.000000 0.000000 0.000000 1.000000
0.527446 -0.843064 0.105088 0.000000 0.374742 0.119852 -0.919350 8.198500 0.762476 0.524288 0.379147 0.000000 0.000000 0.000000 0.000000 1.000000
0.501614 -0.860492 0.089093 0.000000 0.395885 0.136759 -0.908059 8.198500 0.769193 0.490766 0.409256 0.000000 0.000000 0.000000 0.000000 1.000000
0.423835 -0.899213 0.108535 0.000000 0.421870 0.089951 -0.902183 8.198500 0.801492 0.428164 0.417476 -0.000000 0.000000 0.000000 0.000000 1.000000</float_array><technique_common><accessor source="#mixamorig_LeftArm-Matrix-animation-output-transform-array" count="19" stride="16"><param type="float4x4"/></accessor></technique_common></source><source id="mixamorig_LeftArm-Interpolations"><Name_array id="mixamorig_LeftArm-Interpolations-array" count="19">
 LINEAR LINEAR LINEAR LINEAR LINEAR LINEAR LINEAR LINEAR LINEAR LINEAR LINEAR
LINEAR LINEAR LINEAR LINEAR LINEAR LINEAR LINEAR LINEAR</Name_array><technique_common><accessor source="#mixamorig_LeftArm-Interpolations-array" count="19"><param type="name"/></accessor></technique_common></source><sampler id="mixamorig_LeftArm-Matrix-animation-transform"><input semantic="INPUT" source="#mixamorig_LeftArm-Matrix-animation-input"/><input semantic="OUTPUT" source="#mixamorig_LeftArm-Matrix-animation-output-transform"/><input semantic="INTERPOLATION" source="#mixamorig_LeftArm-Interpolations"/></sampler><channel source="#mixamorig_LeftArm-Matrix-animation-transform" target="mixamorig_LeftArm/matrix"/></animation>
    <animation id="mixamorig_LeftForeArm-anim" name="mixamorig_LeftForeArm"><source id="mixamorig_LeftForeArm-Matrix-animation-input"><float_array id="mixamorig_LeftForeArm-Matrix-animation-input-array" count="19">

0.000000 0.033333 0.066667 0.100000 0.133333 0.166667 0.200000 0.233333 0.266667 0.300000 0.333333 0.366667 0.400000 0.433333 0.466667 0.500000
0.533333 0.566667 0.600000</float_array><technique_common><accessor source="#mixamorig_LeftForeArm-Matrix-animation-input-array" count="19"><param name="TIME" type="float"/></accessor></technique_common></source><source id="mixamorig_LeftForeArm-Matrix-animation-output-transform"><float_array id="mixamorig_LeftForeArm-Matrix-animation-output-transform-array" count="304">

0.190474 -0.931357 0.310313 0.000000 0.902336 0.290604 0.318339 10.755800 -0.386665 0.219371 0.895749 0.000000 0.000000 0.000000 0.000000 1.000000
0.245349 -0.924864 0.290568 -0.000000 0.912380 0.321602 0.253250 10.755800 -0.327669 0.202974 0.922732 0.000000 0.000000 0.000000 0.000000 1.000000
0.347756 -0.865696 0.360049 0.000000 0.870914 0.440482 0.217909 10.755800 -0.347238 0.237793 0.907127 0.000000 0.000000 0.000000 0.000000 1.000000
0.456760 -0.759552 0.463089 0.000000 0.789268 0.586165 0.182937 10.755800 -0.410397 0.281943 0.867227 0.000000 0.000000 0.000000 0.000000 1.000000
0.541993 -0.662991 0.516417 0.000000 0.703440 0.694123 0.152857 10.755800 -0.459799 0.280421 0.842584 0.000000 0.000000 0.000000 0.000000 1.000000
0.561770 -0.673782 0.480034 0.000000 0.698806 0.697050 0.160595 10.755800 -0.442813 0.245233 0.862425 0.000000 0.000000 0.000000 0.000000 1.000000
0.523201 -0.752958 0.399142 0.000000 0.771674 0.617331 0.153037 10.755800 -0.361634 0.227938 0.904027 0.000000 0.000000 0.000000 0.000000 1.000000
0.474217 -0.794427 0.379477 0.000000 0.853683 0.520309 0.022443 10.755800 -0.215275 0.313311 0.924929 0.000000 0.000000 0.000000 0.000000 1.000000
0.426190 -0.807863 0.407087 0.000000 0.903128 0.405917 -0.139965 10.755800 -0.052171 0.427303 0.902602 0.000000 0.000000 0.000000 0.000000 1.000000
0.297867 -0.854820 0.424922 0.000000 0.954556 0.262093 -0.141881 10.755800 0.009913 0.447873 0.894042 -0.000000 0.000000 0.000000 0.000000 1.000000
0.101096 -0.922140 0.373412 0.000000 0.987748 0.137885 0.073088 10.755800 -0.118885 0.361448 0.924782 0.000000 0.000000 0.000000 0.000000 1.000000
-0.032845 -0.965620 0.257873 -0.000000 0.947588 0.051955 0.315244 10.755800 -0.317804 0.254711 0.913303 0.000000 0.000000 0.000000 0.000000 1.000000
-0.067439 -0.975852 0.207763 0.000000 0.904662 0.028009 0.425208 10.755800 -0.420759 0.216631 0.880927 -0.000000 0.000000 0.000000 0.000000 1.000000
-0.032481 -0.968237 0.247915 0.000000 0.881445 0.089183 0.463790 10.755800 -0.471169 0.233588 0.850551 0.000000 0.000000 0.000000 0.000000 1.000000
0.002640 -0.915251 0.402875 -0.000000 0.916490 0.163386 0.365174 10.755800 -0.400050 0.368267 0.839249 0.000000 0.000000 0.000000 0.000000 1.000000
0.039234 -0.890477 0.453333 0.000000 0.925697 0.203210 0.319047 10.755800 -0.376226 0.407132 0.832285 0.000000 0.000000 0.000000 0.000000 1.000000
0.056819 -0.907481 0.416232 0.000000 0.926391 0.203367 0.316927 10.755800 -0.372253 0.367586 0.852237 -0.000000 0.000000 0.000000 0.000000 1.000000
