<?xml version="1.0" encoding="utf-8"?>
<COLLADA xmlns="http://www.collada.org/2005/11/COLLADASchema" version="1.4.1">
  <asset><contributor><author>Mixamo</author><authoring_tool>COLLADA Mixamo exporter</authoring_tool><comments></comments></contributor><created>2020-03-17T13:15:58Z</created><modified>2020-03-17T13:15:58Z</modified><revision></revision><title></title><unit meter="0.010000"/><up_axis>Y_UP</up_axis></asset>
  <library_animations>
    <animation id="mixamorig_Hips-anim" name="mixamorig_Hips"><source id="mixamorig_Hips-Matrix-animation-input"><float_array id="mixamorig_Hips-Matrix-animation-input-array" count="19">

0.000000 0.033333 0.066667 0.100000 0.133333 0.166667 0.200000 0.233333 0.266667 0.300000 0.333333 0.366667 0.400000 0.433333 0.466667 0.500000
0.533333 0.566667 0.600000</float_array><technique_common><accessor source="#mixamorig_Hips-Matrix-animation-input-array" count="19"><param name="TIME" type="float"/></accessor></technique_common></source><source id="mixamorig_Hips-Matrix-animation-output-transform"><float_array id="mixamorig_Hips-Matrix-animation-output-transform-array" count="304">

-0.773634 -0.059756 0.630809 0.128079 0.207501 0.916755 0.341326 14.755591 -0.598693 0.394955 -0.696834 -0.648774 0.000000 0.000000 0.000000 1.000000
-0.788176 -0.100074 0.607260 0.077688 0.162781 0.917657 0.362503 15.033337 -0.593533 0.384566 -0.706984 -0.806787 0.000000 0.000000 0.000000 1.000000
-0.831784 -0.142190 0.536579 -0.079165 0.101711 0.911232 0.399139 15.485281 -0.545702 0.386573 -0.743486 -0.870461 0.000000 0.000000 0.000000 1.000000
-0.887089 -0.156115 0.434397 -0.274656 0.052738 0.900632 0.431370 15.883905 -0.458575 0.405573 -0.790708 -0.912523 0.000000 0.000000 0.000000 1.000000
-0.932541 -0.125481 0.338558 -0.361107 0.036638 0.899942 0.434467 16.071163 -0.359200 0.417563 -0.834636 -1.031881 0.000000 0.000000 0.000000 1.000000
-0.955831 -0.077720 0.283454 -0.286421 0.045616 0.913492 0.404291 15.852347 -0.290355 0.399364 -0.869599 -1.374811 0.000000 0.000000 0.000000 1.000000
-0.959195 -0.066221 0.274882 -0.139766 0.041182 0.929099 0.367531 15.270411 -0.279731 0.363854 -0.888460 -1.823872 0.000000 0.000000 0.000000 1.000000
-0.947365 -0.101524 0.303631 -0.011153 0.011326 0.937167 0.348698 14.771903 -0.319954 0.333783 -0.886689 -2.049562 0.000000 0.000000 0.000000 1.000000
-0.924557 -0.132520 0.357256 0.080719 0.001688 0.936142 0.351617 14.536878 -0.381039 0.325693 -0.865294 -1.922799 0.000000 0.000000 0.000000 1.000000
-0.904627 -0.113029 0.410942 0.192181 0.054611 0.925506 0.374776 14.508276 -0.422690 0.361474 -0.831065 -1.541685 0.000000 0.000000 0.000000 1.000000
-0.892172 -0.054321 0.448417 0.324708 0.153744 0.896948 0.414544 14.754575 -0.424725 0.438786 -0.791881 -1.019578 0.000000 0.000000 0.000000 1.000000
-0.878077 -0.000708 0.478520 0.421158 0.242928 0.860894 0.447043 15.062821 -0.412271 0.508783 -0.755759 -0.541674 0.000000 0.000000 0.000000 1.000000
-0.865539 0.008999 0.500760 0.426251 0.271100 0.849119 0.453323 15.182973 -0.421126 0.528125 -0.737386 -0.266083 0.000000 0.000000 0.000000 1.000000
-0.857076 -0.012970 0.515026 0.333884 0.248220 0.865606 0.434872 15.167280 -0.451450 0.500558 -0.738671 -0.182436 0.000000 0.000000 0.000000 1.000000
-0.842716 -0.013661 0.538186 0.179014 0.242758 0.882633 0.402526 14.809615 -0.480519 0.469863 -0.740493 -0.362207 0.000000 0.000000 0.000000 1.000000
-0.811045 0.010274 0.584893 0.096395 0.279118 0.885489 0.371487 14.416770 -0.514100 0.464547 -0.721039 -0.711571 0.000000 0.000000 0.000000 1.000000
-0.767286 0.014375 0.641144 0.075186 0.305697 0.887055 0.345952 14.233367 -0.563757 0.461440 -0.685019 -0.921157 0.000000 0.000000 0.000000 1.000000
-0.746457 -0.015112 0.665262 0.117248 0.277704 0.901447 0.332074 14.392481 -0.604717 0.432625 -0.668695 -0.924356 0.000000 0.000000 0.000000 1.000000
-0.773634 -0.059756 0.630809 0.128078 0.207501 0.916755 0.341326 14.755590 -0.598693 0.394955 -0.696833 -0.648772 0.000000 0.000000 0.000000 1.000000</float_array><technique_common><accessor source="#mixamorig_Hips-Matrix-animation-output-transform-array" count="19" stride="16"><param type="float4x4"/></accessor></technique_common></source><source id="mixamorig_Hips-Interpolations"><Name_array id="mixamorig_Hips-Interpolations-array" count="19">
 LINEAR LINEAR LINEAR LINEAR LINEAR LINEAR LINEAR LINEAR LINEAR LINEAR LINEAR
LINEAR LINEAR LINEAR LINEAR LINEAR LINEAR LINEAR LINEAR</Name_array><technique_common><accessor source="#mixamorig_Hips-Interpolations-array" count="19"><param type="name"/></accessor></technique_common></source><sampler id="mixamorig_Hips-Matrix-animation-transform"><input semantic="INPUT" source="#mixamorig_Hips-Matrix-animation-input"/><input semantic="OUTPUT" source="#mixamorig_Hips-Matrix-animation-output-transform"/><input semantic="INTERPOLATION" source="#mixamorig_Hips-Interpolations"/></sampler><channel source="#mixamorig_Hips-Matrix-animation-transform" target="mixamorig_Hips/matrix"/></animation>
    <animation id="mixamorig_Spine-anim" name="mixamorig_Spine"><source id="mixamorig_Spine-Matrix-animation-input"><float_array id="mixamorig_Spine-Matrix-animation-input-array" count="19">

0.000000 0.033333 0.066667 0.100000 0.133333 0.166667 0.200000 0.233333 0.266667 0.300000 0.333333 0.366667 0.400000 0.433333 0.466667 0.500000
0.533333 0.566667 0.600000</float_array><technique_common><accessor source="#mixamorig_Spine-Matrix-animation-input-array" count="19"><param name="TIME" type="float"/></accessor></technique_common></source><source id="mixamorig_Spine-Matrix-animation-output-transform"><float_array id="mixamorig_Spine-Matrix-animation-output-transform-array" count="304">

0.999065 0.043240 -0.000338 0.000000 -0.043226 0.998468 -0.034556 2.185200 -0.001157 0.034538 0.999403 0.680800 0.000000 0.000000 0.000000 1.000000
0.999176 -0.001472 0.040553 -0.000000 0.003038 0.999251 -0.038574 2.185200 -0.040466 0.038665 0.998433 0.680800 0.000000 0.000000 0.000000 1.000000
0.996677 -0.059519 0.055603 0.000000 0.062840 0.996218 -0.060004 2.185200 -0.051821 0.063299 0.996648 0.680800 0.000000 0.000000 0.000000 1.000000
0.994179 -0.100017 0.040047 0.000000 0.103514 0.989817 -0.097714 2.185200 -0.029866 0.101291 0.994408 0.680800 0.000000 0.000000 0.000000 1.000000
0.994228 -0.106871 -0.009430 0.000000 0.105048 0.987580 -0.116834 2.185200 0.021799 0.115169 0.993107 0.680800 0.000000 0.000000 0.000000 1.000000
0.991674 -0.103884 -0.076100 0.000000 0.097243 0.991511 -0.086309 2.185200 0.084420 0.078190 0.993358 0.680800 0.000000 0.000000 0.000000 1.000000
0.982794 -0.126232 -0.134839 0.000000 0.121203 0.991611 -0.044908 2.185200 0.139376 0.027792 0.989849 0.680800 0.000000 0.000000 0.000000 1.000000
0.968832 -0.174944 -0.175380 0.000000 0.172314 0.984578 -0.030236 2.185200 0.177965 -0.000927 0.984036 0.680800 0.000000 0.000000 0.000000 1.000000
0.956728 -0.200389 -0.210990 0.000000 0.197776 0.979670 -0.033637 2.185200 0.213441 -0.009548 0.976909 0.680800 0.000000 0.000000 0.000000 1.000000
0.949961 -0.152945 -0.272362 -0.000000 0.148729 0.988216 -0.036187 2.185200 0.274687 -0.006132 0.961514 0.680800 0.000000 0.000000 0.000000 1.000000
0.931430 -0.041835 -0.361507 0.000000 0.035620 0.999081 -0.023840 2.185200 0.362172 0.009329 0.932065 0.680800 0.000000 0.000000 0.000000 1.000000
0.897053 0.073756 -0.435725 0.000000 -0.083164 0.996533 -0.002529 2.185200 0.434028 0.038505 0.900076 0.680800 0.000000 0.000000 0.000000 1.000000
0.873527 0.127627 -0.469747 0.000000 -0.146780 0.989160 -0.004198 2.185200 0.464119 0.072616 0.882791 0.680800 0.000000 0.000000 0.000000 1.000000
0.881476 0.118488 -0.457123 -0.000000 -0.143973 0.989355 -0.021182 2.185200 0.449747 0.084485 0.889151 0.680800 0.000000 0.000000 0.000000 1.000000
0.910218 0.106000 -0.400333 0.000000 -0.128661 0.991233 -0.030071 2.185200 0.393635 0.078878 0.915876 0.680800 0.000000 0.000000 0.000000 1.000000
0.945180 0.120002 -0.303700 0.000000 -0.135362 0.990343 -0.029960 2.185200 0.297172 0.069427 0.952297 0.680800 0.000000 0.000000 0.000000 1.000000
0.973986 0.131905 -0.184259 -0.000000 -0.141942 0.988969 -0.042329 2.185200 0.176644 0.067382 0.981966 0.680800 0.000000 0.000000 0.000000 1.000000
0.992158 0.102147 -0.072036 0.000000 -0.105369 0.993527 -0.042435 2.185200 0.067235 0.049693 0.996499 0.680800 0.000000 0.000000 0.000000 1.000000
0.999065 0.043240 -0.000339 0.000000 -0.043226 0.998468 -0.034556 2.185200 -0.001156 0.034538 0.999403 0.680800 0.000000 0.000000 0.000000 1.000000</float_array><technique_common><accessor source="#mixamorig_Spine-Matrix-animation-output-transform-array" count="19" stride="16"><param type="float4x4"/></accessor></technique_common></source><source id="mixamorig_Spine-Interpolations"><Name_array id="mixamorig_Spine-Interpolations-array" count="19">
 LINEAR LINEAR LINEAR LINEAR LINEAR LINEAR LINEAR LINEAR LINEAR LINEAR LINEAR
LINEAR LINEAR LINEAR LINEAR LINEAR LINEAR LINEAR LINEAR</Name_array><technique_common><accessor source="#mixamorig_Spine-Interpolations-array" count="19"><param type="name"/></accessor></technique_common></source><sampler id="mixamorig_Spine-Matrix-animation-transform"><input semantic="INPUT" source="#mixamorig_Spine-Matrix-animation-input"/><input semantic="OUTPUT" source="#mixamorig_Spine-Matrix-animation-output-transform"/><input semantic="INTERPOLATION" source="#mixamorig_Spine-Interpolations"/></sampler><channel source="#mixamorig_Spine-Matrix-animation-transform" target="mixamorig_Spine/matrix"/></animation>
    <animation id="mixamorig_Spine1-anim" name="mixamorig_Spine1"><source id="mixamorig_Spine1-Matrix-animation-input"><float_array id="mixamorig_Spine1-Matrix-animation-input-array" count="19">

0.000000 0.033333 0.066667 0.100000 0.133333 0.166667 0.200000 0.233333 0.266667 0.300000 0.333333 0.366667 0.400000 0.433333 0.466667 0.500000
0.533333 0.566667 0.600000</float_array><technique_common><accessor source="#mixamorig_Spine1-Matrix-animation-input-array" count="19"><param name="TIME" type="float"/></accessor></technique_common></source><source id="mixamorig_Spine1-Matrix-animation-output-transform"><float_array id="mixamorig_Spine1-Matrix-animation-output-transform-array" count="304">

1.000000 0.000618 -0.000501 -0.000000 -0.000588 0.998250 0.059138 2.670200 0.000536 -0.059138 0.998250 -0.000000 0.000000 0.000000 0.000000 1.000000
0.999965 -0.005267 0.006507 0.000000 0.004872 0.998228 0.059299 2.670200 -0.006808 -0.059265 0.998219 -0.000000 0.000000 0.000000 0.000000 1.000000
0.999842 -0.014826 0.009796 0.000000 0.014251 0.998311 0.056313 2.670200 -0.010614 -0.056165 0.998365 0.000000 0.000000 0.000000 0.000000 1.000000
0.999733 -0.021747 0.007809 -0.000000 0.021347 0.998613 0.048136 2.670200 -0.008845 -0.047956 0.998810 -0.000000 0.000000 0.000000 0.000000 1.000000
0.999767 -0.021598 -0.000537 -0.000000 0.021602 0.998933 0.040814 2.670200 -0.000345 -0.040816 0.999167 -0.000000 0.000000 0.000000 0.000000 1.000000
0.999718 -0.020369 -0.012190 0.000000 0.020883 0.998829 0.043646 2.670200 0.011287 -0.043888 0.998973 0.000000 0.000000 0.000000 0.000000 1.000000
0.999442 -0.025529 -0.021548 0.000000 0.026600 0.998346 0.050972 2.670200 0.020211 -0.051517 0.998468 0.000000 0.000000 0.000000 0.000000 1.000000
0.999002 -0.036339 -0.025961 0.000000 0.037717 0.997787 0.054756 2.670200 0.023914 -0.055680 0.998162 0.000000 0.000000 0.000000 0.000000 1.000000
0.998668 -0.042186 -0.029724 -0.000000 0.043763 0.997552 0.054549 2.670200 0.027350 -0.055777 0.998069 -0.000000 0.000000 0.000000 0.000000 1.000000
0.998642 -0.033901 -0.039552 0.000000 0.035994 0.997920 0.053482 2.670200 0.037657 -0.054833 0.997785 -0.000000 0.000000 0.000000 0.000000 1.000000
0.998325 -0.015522 -0.055730 -0.000000 0.018547 0.998359 0.054175 2.670200 0.054797 -0.055118 0.996975 -0.000000 0.000000 0.000000 0.000000 1.000000
0.997457 0.001618 -0.071255 0.000000 0.002256 0.998524 0.054260 2.670200 0.071237 -0.054283 0.995981 0.000000 0.000000 0.000000 0.000000 1.000000
0.996846 0.008221 -0.078929 -0.000000 -0.004330 0.998773 0.049337 2.670200 0.079238 -0.048840 0.995659 0.000000 0.000000 0.000000 0.000000 1.000000
0.997101 0.004067 -0.075975 -0.000000 -0.000664 0.998998 0.044760 2.670200 0.076081 -0.044580 0.996105 0.000000 0.000000 0.000000 0.000000 1.000000
0.997901 0.000721 -0.064747 0.000000 0.002124 0.999036 0.043858 2.670200 0.064716 -0.043903 0.996937 0.000000 0.000000 0.000000 0.000000 1.000000
0.998816 0.004214 -0.048457 -0.000000 -0.001939 0.998898 0.046904 2.670200 0.048601 -0.046754 0.997723 0.000000 0.000000 0.000000 0.000000 1.000000
0.999489 0.010579 -0.030156 0.000000 -0.009095 0.998761 0.048929 2.670200 0.030636 -0.048630 0.998347 0.000000 0.000000 0.000000 0.000000 1.000000
0.999882 0.008659 -0.012683 0.000000 -0.007961 0.998505 0.054076 2.670200 0.013132 -0.053969 0.998456 0.000000 0.000000 0.000000 0.000000 1.000000
1.000000 0.000618 -0.000501 -0.000000 -0.000588 0.998250 0.059138 2.670200 0.000537 -0.059138 0.998250 0.000000 0.000000 0.000000 0.000000 1.000000</float_array><technique_common><accessor source="#mixamorig_Spine1-Matrix-animation-output-transform-array" count="19" stride="16"><param type="float4x4"/></accessor></technique_common></source><source id="mixamorig_Spine1-Interpolations"><Name_array id="mixamorig_Spine1-Interpolations-array" count="19">
 LINEAR LINEAR LINEAR LINEAR LINEAR LINEAR LINEAR LINEAR LINEAR LINEAR LINEAR
LINEAR LINEAR LINEAR LINEAR LINEAR LINEAR LINEAR LINEAR</Name_array><technique_common><accessor source="#mixamorig_Spine1-Interpolations-array" count="19"><param type="name"/></accessor></technique_common></source><sampler id="mixamorig_Spine1-Matrix-animation-transform"><input semantic="INPUT" source="#mixamorig_Spine1-Matrix-animation-input"/><input semantic="OUTPUT" source="#mixamorig_Spine1-Matrix-animation-output-transform"/><input semantic="INTERPOLATION" source="#mixamorig_Spine1-Interpolations"/></sampler><channel source="#mixamorig_Spine1-Matrix-animation-transform" target="mixamorig_Spine1/matrix"/></animation>
    <animation id="mixamorig_Spine2-anim" name="mixamorig_Spine2"><source id="mixamorig_Spine2-Matrix-animation-input"><float_array id="mixamorig_Spine2-Matrix-animation-input-array" count="19">

0.000000 0.033333 0.066667 0.100000 0.133333 0.166667 0.200000 0.233333 0.266667 0.300000 0.333333 0.366667 0.400000 0.433333 0.466667 0.500000
0.533333 0.566667 0.600000</float_array><technique_common><accessor source="#mixamorig_Spine2-Matrix-animation-input-array" count="19"><param name="TIME" type="float"/></accessor></technique_common></source><source id="mixamorig_Spine2-Matrix-animation-output-transform"><float_array id="mixamorig_Spine2-Matrix-animation-output-transform-array" count="304">

0.999999 0.000531 -0.000900 0.000000 -0.000477 0.998250 0.059134 3.051700 0.000930 -0.059134 0.998250 0.000000 0.000000 0.000000 0.000000 1.000000
0.999967 -0.005095 0.006370 -0.000000 0.004709 0.998227 0.059330 3.051700 -0.006661 -0.059298 0.998218 -0.000000 0.000000 0.000000 0.000000 1.000000
0.999845 -0.014553 0.009861 0.000000 0.013975 0.998312 0.056377 3.051700 -0.010665 -0.056230 0.998361 0.000000 0.000000 0.000000 0.000000 1.000000
0.999735 -0.021597 0.007948 0.000000 0.021189 0.998614 0.048187 3.051700 -0.008977 -0.048006 0.998807 -0.000000 0.000000 0.000000 0.000000 1.000000
0.999765 -0.021681 -0.000514 0.000000 0.021684 0.998934 0.040760 3.051700 -0.000370 -0.040762 0.999169 0.000000 0.000000 0.000000 0.000000 1.000000
0.999712 -0.020620 -0.012314 0.000000 0.021137 0.998832 0.043454 3.051700 0.011404 -0.043702 0.998980 -0.000000 0.000000 0.000000 0.000000 1.000000
0.999427 -0.025948 -0.021751 0.000000 0.027021 0.998353 0.050600 3.051700 0.020402 -0.051158 0.998482 0.000000 0.000000 0.000000 0.000000 1.000000
0.998976 -0.036906 -0.026185 0.000000 0.038282 0.997799 0.054138 3.051700 0.024129 -0.055085 0.998190 0.000000 0.000000 0.000000 0.000000 1.000000
0.998633 -0.042821 -0.029977 0.000000 0.044388 0.997569 0.053716 3.051700 0.027604 -0.054973 0.998106 0.000000 0.000000 0.000000 0.000000 1.000000
0.998607 -0.034606 -0.039829 -0.000000 0.036680 0.997943 0.052585 3.051700 0.037927 -0.053973 0.997822 0.000000 0.000000 0.000000 0.000000 1.000000
0.998294 -0.016443 -0.056026 0.000000 0.019439 0.998385 0.053372 3.051700 0.055057 -0.054370 0.997002 0.000000 0.000000 0.000000 0.000000 1.000000
0.997434 0.000508 -0.071596 -0.000000 0.003342 0.998555 0.053640 3.051700 0.071519 -0.053742 0.995990 -0.000000 0.000000 0.000000 0.000000 1.000000
0.996828 0.007307 -0.079247 0.000000 -0.003446 0.998805 0.048748 3.051700 0.079508 -0.048321 0.995662 0.000000 0.000000 0.000000 0.000000 1.000000
0.997077 0.003374 -0.076329 0.000000 -0.000028 0.999041 0.043787 3.051700 0.076404 -0.043656 0.996121 0.000000 0.000000 0.000000 0.000000 1.000000
0.997873 0.000200 -0.065193 0.000000 0.002584 0.999089 0.042605 3.051700 0.065142 -0.042682 0.996963 0.000000 0.000000 0.000000 0.000000 1.000000
0.998790 0.003705 -0.049037 0.000000 -0.001454 0.998947 0.045851 3.051700 0.049155 -0.045724 0.997744 0.000000 0.000000 0.000000 0.000000 1.000000
0.999476 0.010186 -0.030729 0.000000 -0.008690 0.998789 0.048427 3.051700 0.031185 -0.048134 0.998354 0.000000 0.000000 0.000000 0.000000 1.000000
0.999877 0.008380 -0.013249 0.000000 -0.007654 0.998516 0.053921 3.051700 0.013681 -0.053813 0.998457 0.000000 0.000000 0.000000 0.000000 1.000000
0.999999 0.000531 -0.000900 0.000000 -0.000477 0.998250 0.059134 3.051700 0.000930 -0.059134 0.998250 0.000000 0.000000 0.000000 0.000000 1.000000</float_array><technique_common><accessor source="#mixamorig_Spine2-Matrix-animation-output-transform-array" count="19" stride="16"><param type="float4x4"/></accessor></technique_common></source><source id="mixamorig_Spine2-Interpolations"><Name_array id="mixamorig_Spine2-Interpolations-array" count="19">
 LINEAR LINEAR LINEAR LINEAR LINEAR LINEAR LINEAR LINEAR LINEAR LINEAR LINEAR
LINEAR LINEAR LINEAR LINEAR LINEAR LINEAR LINEAR LINEAR</Name_array><technique_common><accessor source="#mixamorig_Spine2-Interpolations-array" count="19"><param type="name"/></accessor></technique_common></source><sampler id="mixamorig_Spine2-Matrix-animation-transform"><input semantic="INPUT" source="#mixamorig_Spine2-Matrix-animation-input"/><input semantic="OUTPUT" source="#mixamorig_Spine2-Matrix-animation-output-transform"/><input semantic="INTERPOLATION" source="#mixamorig_Spine2-Interpolations"/></sampler><channel source="#mixamorig_Spine2-Matrix-animation-transform" target="mixamorig_Spine2/matrix"/></animation>
    <animation id="mixamorig_Neck-anim" name="mixamorig_Neck"><source id="mixamorig_Neck-Matrix-animation-input"><float_array id="mixamorig_Neck-Matrix-animation-input-array" count="19">

0.000000 0.033333 0.066667 0.100000 0.133333 0.166667 0.200000 0.233333 0.266667 0.300000 0.333333 0.366667 0.400000 0.433333 0.466667 0.500000
0.533333 0.566667 0.600000</float_array><technique_common><accessor source="#mixamorig_Neck-Matrix-animation-input-array" count="19"><param name="TIME" type="float"/></accessor></technique_common></source><source id="mixamorig_Neck-Matrix-animation-output-transform"><float_array id="mixamorig_Neck-Matrix-animation-output-transform-array" count="304">

0.981372 0.110328 0.157276 0.000000 -0.060809 0.954955 -0.290454 3.433100 -0.182237 0.275480 0.943875 -0.000000 0.000000 0.000000 0.000000 1.000000
0.988328 0.088581 0.123938 0.000000 -0.042293 0.941131 -0.335386 3.433100 -0.146351 0.326230 0.933893 0.000000 0.000000 0.000000 0.000000 1.000000
0.992898 0.101596 0.061896 0.000000 -0.073226 0.931967 -0.355071 3.433100 -0.093759 0.348017 0.932788 0.000000 0.000000 0.000000 0.000000 1.000000
0.990234 0.139395 0.002445 0.000000 -0.130688 0.934205 -0.331937 3.433100 -0.048554 0.328376 0.943298 0.000000 0.000000 0.000000 0.000000 1.000000
0.985220 0.170152 -0.019743 0.000000 -0.167822 0.935735 -0.310220 3.433100 -0.034311 0.308948 0.950460 0.000000 0.000000 0.000000 0.000000 1.000000
0.980440 0.196427 -0.012390 -0.000000 -0.189672 0.926164 -0.325952 3.433100 -0.052551 0.321927 0.945305 0.000000 0.000000 0.000000 0.000000 1.000000
0.975000 0.221861 0.012352 0.000000 -0.205320 0.920776 -0.331685 3.433100 -0.084962 0.320857 0.943309 0.000000 0.000000 0.000000 0.000000 1.000000
0.966621 0.252877 0.041205 -0.000000 -0.227187 0.920312 -0.318451 3.433100 -0.118451 0.298460 0.947043 -0.000000 0.000000 0.000000 0.000000 1.000000
0.955330 0.285718 0.075561 0.000000 -0.249418 0.916595 -0.312482 3.433100 -0.158541 0.279677 0.946914 0.000000 0.000000 0.000000 0.000000 1.000000
0.941533 0.310845 0.129964 -0.000000 -0.254459 0.908887 -0.330416 3.433100 -0.220831 0.278027 0.934845 -0.000000 0.000000 0.000000 0.000000 1.000000
0.919899 0.340189 0.195084 -0.000000 -0.254745 0.896591 -0.362257 3.433100 -0.298146 0.283543 0.911434 -0.000000 0.000000 0.000000 0.000000 1.000000
0.898150 0.357237 0.256335 0.000000 -0.256475 0.899193 -0.354504 3.433100 -0.357136 0.252654 0.899233 0.000000 0.000000 0.000000 0.000000 1.000000
0.895639 0.326977 0.301526 0.000000 -0.243759 0.927885 -0.282155 3.433100 -0.372039 0.179209 0.910753 0.000000 0.000000 0.000000 0.000000 1.000000
0.910686 0.286428 0.297673 0.000000 -0.225475 0.948432 -0.222795 3.433100 -0.346138 0.135778 0.928307 0.000000 0.000000 0.000000 0.000000 1.000000
0.928685 0.254788 0.269496 0.000000 -0.203974 0.957780 -0.202613 3.433100 -0.309741 0.133193 0.941446 0.000000 0.000000 0.000000 0.000000 1.000000
0.941217 0.234840 0.242820 -0.000000 -0.185377 0.959991 -0.209888 3.433100 -0.282395 0.152537 0.947093 -0.000000 0.000000 0.000000 0.000000 1.000000
0.954044 0.193283 0.229003 0.000000 -0.143329 0.965429 -0.217723 3.433100 -0.263168 0.174895 0.948765 0.000000 0.000000 0.000000 0.000000 1.000000
0.967804 0.150371 0.201850 0.000000 -0.097089 0.962894 -0.251810 3.433100 -0.232225 0.224106 0.946493 0.000000 0.000000 0.000000 0.000000 1.000000
0.981372 0.110328 0.157276 -0.000000 -0.060809 0.954955 -0.290454 3.433100 -0.182237 0.275480 0.943875 0.000000 0.000000 0.000000 0.000000 1.000000</float_array><technique_common><accessor source="#mixamorig_Neck-Matrix-animation-output-transform-array" count="19" stride="16"><param type="float4x4"/></accessor></technique_common></source><source id="mixamorig_Neck-Interpolations"><Name_array id="mixamorig_Neck-Interpolations-array" count="19">
 LINEAR LINEAR LINEAR LINEAR LINEAR LINEAR LINEAR LINEAR LINEAR LINEAR LINEAR
LINEAR LINEAR LINEAR LINEAR LINEAR LINEAR LINEAR LINEAR</Name_array><technique_common><accessor source="#mixamorig_Neck-Interpolations-array" count="19"><param type="name"/></accessor></technique_common></source><sampler id="mixamorig_Neck-Matrix-animation-transform"><input semantic="INPUT" source="#mixamorig_Neck-Matrix-animation-input"/><input semantic="OUTPUT" source="#mixamorig_Neck-Matrix-animation-output-transform"/><input semantic="INTERPOLATION" source="#mixamorig_Neck-Interpolations"/></sampler><channel source="#mixamorig_Neck-Matrix-animation-transform" target="mixamorig_Neck/matrix"/></animation>
    <animation id="mixamorig_Head-anim" name="mixamorig_Head"><source id="mixamorig_Head-Matrix-animation-input"><float_array id="mixamorig_Head-Matrix-animation-input-array" count="19">

0.000000 0.033333 0.066667 0.100000 0.133333 0.166667 0.200000 0.233333 0.266667 0.300000 0.333333 0.366667 0.400000 0.433333 0.466667 0.500000
0.533333 0.566667 0.600000</float_array><technique_common><accessor source="#mixamorig_Head-Matrix-animation-input-array" count="19"><param name="TIME" type="float"/></accessor></technique_common></source><source id="mixamorig_Head-Matrix-animation-output-transform"><float_array id="mixamorig_Head-Matrix-animation-output-transform-array" count="304">

0.876912 -0.139061 0.460095 0.000000 0.134006 0.990011 0.043819 2.021800 -0.461593 0.023230 0.886788 -0.255600 0.000000 0.000000 0.000000 1.000000
0.902388 -0.093435 0.420672 0.000000 0.070704 0.995084 0.069349 2.021800 -0.425084 -0.032836 0.904558 -0.255600 0.000000 0.000000 0.000000 1.000000
0.924952 -0.062252 0.374951 0.000000 0.032820 0.995893 0.084382 2.021800 -0.378664 -0.065744 0.923196 -0.255600 0.000000 0.000000 0.000000 1.000000
0.937300 -0.064109 0.342578 -0.000000 0.035212 0.995326 0.089923 2.021800 -0.346741 -0.072222 0.935176 -0.255600 0.000000 0.000000 0.000000 1.000000
0.939601 -0.075632 0.333811 0.000000 0.042365 0.993480 0.105845 2.021800 -0.339640 -0.085310 0.936679 -0.255600 0.000000 0.000000 0.000000 1.000000
0.933401 -0.072571 0.351420 -0.000000 0.030343 0.991791 0.124217 2.021800 -0.357550 -0.105281 0.927941 -0.255600 0.000000 0.000000 0.000000 1.000000
0.921430 -0.049147 0.385423 -0.000000 0.009790 0.994590 0.103418 2.021800 -0.388420 -0.091519 0.916927 -0.255600 0.000000 0.000000 0.000000 1.000000
0.906205 -0.033277 0.421526 0.000000 0.008787 0.998165 0.059908 2.021800 -0.422746 -0.050585 0.904835 -0.255600 0.000000 0.000000 0.000000 1.000000
0.884005 -0.043865 0.465416 0.000000 0.032692 0.998951 0.032056 2.021800 -0.466334 -0.013123 0.884511 -0.255600 0.000000 0.000000 0.000000 1.000000
0.846159 -0.074573 0.527687 0.000000 0.065016 0.997210 0.036672 2.021800 -0.528950 0.003278 0.848647 -0.255600 0.000000 0.000000 0.000000 1.000000
0.789332 -0.118045 0.602511 0.000000 0.092834 0.993007 0.072933 2.021800 -0.606907 -0.001634 0.794771 -0.255600 0.000000 0.000000 0.000000 1.000000
0.733235 -0.163601 0.660001 0.000000 0.122581 0.986525 0.108358 2.021800 -0.668835 0.001452 0.743409 -0.255600 0.000000 0.000000 0.000000 1.000000
0.713517 -0.189836 0.674430 -0.000000 0.159041 0.981351 0.107968 2.021800 -0.682348 0.030225 0.730402 -0.255600 0.000000 0.000000 0.000000 1.000000
0.729634 -0.196942 0.654865 0.000000 0.176959 0.979389 0.097376 2.021800 -0.660545 0.044835 0.749446 -0.255600 0.000000 0.000000 0.000000 1.000000
0.762000 -0.187482 0.619844 -0.000000 0.167855 0.981643 0.090564 2.021800 -0.625445 0.035034 0.779481 -0.255600 0.000000 0.000000 0.000000 1.000000
0.788324 -0.177288 0.589164 0.000000 0.161587 0.983629 0.079779 2.021800 -0.593662 0.032309 0.804065 -0.255600 0.000000 0.000000 0.000000 1.000000
0.813093 -0.162189 0.559084 0.000000 0.159611 0.985711 0.053827 2.021800 -0.559826 0.045470 0.827362 -0.255600 0.000000 0.000000 0.000000 1.000000
0.843416 -0.148004 0.516473 0.000000 0.150565 0.987899 0.037222 2.021800 -0.515732 0.046370 0.855494 -0.255600 0.000000 0.000000 0.000000 1.000000
0.876912 -0.139061 0.460095 0.000000 0.134006 0.990011 0.043819 2.021800 -0.461593 0.023230 0.886788 -0.255600 0.000000 0.000000 0.000000 1.000000</float_array><technique_common><accessor source="#mixamorig_Head-Matrix-animation-output-transform-array" count="19" stride="16"><param type="float4x4"/></accessor></technique_common></source><source id="mixamorig_Head-Interpolations"><Name_array id="mixamorig_Head-Interpolations-array" count="19">
 LINEAR LINEAR LINEAR LINEAR LINEAR LINEAR LINEAR LINEAR LINEAR LINEAR LINEAR
LINEAR LINEAR LINEAR LINEAR LINEAR LINEAR LINEAR LINEAR</Name_array><technique_common><accessor source="#mixamorig_Head-Interpolations-array" count="19"><param type="name"/></accessor></technique_common></source><sampler id="mixamorig_Head-Matrix-animation-transform"><input semantic="INPUT" source="#mixamorig_Head-Matrix-animation-input"/><input semantic="OUTPUT" source="#mixamorig_Head-Matrix-animation-output-transform"/><input semantic="INTERPOLATION" source="#mixamorig_Head-Interpolations"/></sampler><channel source="#mixamorig_Head-Matrix-animation-transform" target="mixamorig_Head/matrix"/></animation>
    <animation id="mixamorig_LeftShoulder-anim" name="mixamorig_LeftShoulder"><source id="mixamorig_LeftShoulder-Matrix-animation-input"><float_array id="mixamorig_LeftShoulder-Matrix-animation-input-array" count="19">

0.000000 0.033333 0.066667 0.100000 0.133333 0.166667 0.200000 0.233333 0.266667 0.300000 0.333333 0.366667 0.400000 0.433333 0.466667 0.500000
0.533333 0.566667 0.600000</float_array><technique_common><accessor source="#mixamorig_LeftShoulder-Matrix-animation-input-array" count="19"><param name="TIME" type="float"/></accessor></technique_common></source><source id="mixamorig_LeftShoulder-Matrix-animation-output-transform"><float_array id="mixamorig_LeftShoulder-Matrix-animation-output-transform-array" count="304">

-0.426558 -0.904408 -0.009708 -2.620500 0.005084 0.008336 -0.999952 2.835800 0.904446 -0.426587 0.001042 0.151200 0.000000 0.000000 0.000000 1.000000
-0.424833 -0.904629 -0.034105 -2.620500 0.012301 0.031901 -0.999415 2.835800 0.905188 -0.425005 -0.002425 0.151200 0.000000 0.000000 0.000000 1.000000
-0.412950 -0.909696 -0.043879 -2.620500 0.015132 0.041319 -0.999031 2.835800 0.910628 -0.413214 -0.003298 0.151200 0.000000 0.000000 0.000000 1.000000
-0.421837 -0.906389 -0.022652 -2.620500 0.008944 0.020823 -0.999743 2.835800 0.906628 -0.421931 -0.000677 0.151200 0.000000 0.000000 0.000000 1.000000
-0.425210 -0.905060 -0.007907 -2.620500 0.004572 0.006588 -0.999968 2.835800 0.905083 -0.425233 0.001337 0.151200 0.000000 0.000000 0.000000 1.000000
-0.425746 -0.904802 -0.008609 -2.620500 0.004771 0.007270 -0.999962 2.835800 0.904830 -0.425771 0.001221 0.151200 0.000000 0.000000 0.000000 1.000000
-0.431049 -0.902188 -0.015902 -2.620500 0.006862 0.014345 -0.999874 2.835800 0.902302 -0.431104 0.000008 0.151200 0.000000 0.000000 0.000000 1.000000
-0.434322 -0.900520 -0.020690 -2.620500 0.008261 0.018986 -0.999786 2.835800 0.900720 -0.434400 -0.000806 0.151200 0.000000 0.000000 0.000000 1.000000
-0.435064 -0.900135 -0.021827 -2.620500 0.008597 0.020088 -0.999761 2.835800 0.900358 -0.435148 -0.001001 0.151200 0.000000 0.000000 0.000000 1.000000
-0.440310 -0.897341 -0.030106 -2.620500 0.011066 0.028105 -0.999544 2.835800 0.897778 -0.440442 -0.002445 0.151200 0.000000 0.000000 0.000000 1.000000
-0.418015 -0.906424 -0.060497 -2.620500 0.019946 0.057421 -0.998151 2.835800 0.908221 -0.418449 -0.005923 0.151200 0.000000 0.000000 0.000000 1.000000
-0.416485 -0.906804 -0.065172 -2.620500 0.021274 0.061945 -0.997853 2.835800 0.908894 -0.416977 -0.006508 0.151200 0.000000 0.000000 0.000000 1.000000
-0.438412 -0.898364 -0.027166 -2.620500 0.010183 0.025259 -0.999629 2.835800 0.898717 -0.438526 -0.001926 0.151200 0.000000 0.000000 0.000000 1.000000
-0.416392 -0.909179 0.003339 -2.620500 0.001450 -0.004337 -0.999990 2.835800 0.909184 -0.416382 0.003124 0.151200 0.000000 0.000000 0.000000 1.000000
-0.402683 -0.915148 0.018731 -2.620500 -0.002598 -0.019321 -0.999810 2.835800 0.915336 -0.402655 0.005403 0.151200 0.000000 0.000000 0.000000 1.000000
-0.402442 -0.915247 0.019034 -2.620500 -0.002676 -0.019616 -0.999804 2.835800 0.915441 -0.402414 0.005445 0.151200 0.000000 0.000000 0.000000 1.000000
-0.410198 -0.911934 0.010668 -2.620500 -0.000514 -0.011466 -0.999934 2.835800 0.911996 -0.410176 0.004234 0.151200 0.000000 0.000000 0.000000 1.000000
-0.420271 -0.907398 -0.001390 -2.620500 0.002747 0.000259 -0.999996 2.835800 0.907395 -0.420273 0.002384 0.151200 0.000000 0.000000 0.000000 1.000000
-0.426557 -0.904409 -0.009708 -2.620500 0.005084 0.008336 -0.999952 2.835800 0.904446 -0.426586 0.001042 0.151200 0.000000 0.000000 0.000000 1.000000</float_array><technique_common><accessor source="#mixamorig_LeftShoulder-Matrix-animation-output-transform-array" count="19" stride="16"><param type="float4x4"/></accessor></technique_common></source><source id="mixamorig_LeftShoulder-Interpolations"><Name_array id="mixamorig_LeftShoulder-Interpolations-array" count="19">
 LINEAR LINEAR LINEAR LINEAR LINEAR LINEAR LINEAR LINEAR LINEAR LINEAR LINEAR
LINEAR LINEAR LINEAR LINEAR LINEAR LINEAR LINEAR LINEAR</Name_array><technique_common><accessor source="#mixamorig_LeftShoulder-Interpolations-array" count="19"><param type="name"/></accessor></technique_common></source><sampler id="mixamorig_LeftShoulder-Matrix-animation-transform"><input semantic="INPUT" source="#mixamorig_LeftShoulder-Matrix-animation-input"/><input semantic="OUTPUT" source="#mixamorig_LeftShoulder-Matrix-animation-output-transform"/><input semantic="INTERPOLATION" source="#mixamorig_LeftShoulder-Interpolations"/></sampler><channel source="#mixamorig_LeftShoulder-Matrix-animation-transform" target="mixamorig_LeftShoulder/matrix"/></animation>
    <animation id="mixamorig_LeftArm-anim" name="mixamorig_LeftArm"><source id="mixamorig_LeftArm-Matrix-animation-input"><float_array id="mixamorig_LeftArm-Matrix-animation-input-array" count="19">

0.000000 0.033333 0.066667 0.100000 0.133333 0.166667 0.200000 0.233333 0.266667 0.300000 0.333333 0.366667 0.400000 0.433333 0.466667 0.500000
0.533333 0.566667 0.600000</float_array><technique_common><accessor source="#mixamorig_LeftArm-Matrix-animation-input-array" count="19"><param name="TIME" type="float"/></accessor></technique_common></source><source id="mixamorig_LeftArm-Matrix-animation-output-transform"><float_array id="mixamorig_LeftArm-Matrix-animation-output-transform-array" count="304">

-0.520662 -0.837608 -0.165300 0.000000 -0.603300 0.223960 0.765422 5.351900 -0.604103 0.498252 -0.621936 0.000000 0.000000 0.000000 0.000000 1.000000
-0.461740 -0.881398 -0.099665 0.000000 -0.636454 0.250949 0.729350 5.351900 -0.617837 0.400202 -0.676843 0.000000 0.000000 0.000000 0.000000 1.000000
-0.363557 -0.927900 -0.082626 0.000000 -0.653305 0.190727 0.732677 5.351900 -0.664092 0.320350 -0.675542 0.000000 0.000000 0.000000 0.000000 1.000000
-0.289690 -0.951285 -0.105530 0.000000 -0.644139 0.112220 0.756632 5.351900 -0.707930 0.287165 -0.645269 0.000000 0.000000 0.000000 0.000000 1.000000
-0.255102 -0.954009 -0.157446 -0.000000 -0.638010 0.043727 0.768786 5.351900 -0.726544 0.296571 -0.619822 0.000000 0.000000 0.000000 0.000000 1.000000
-0.255756 -0.943599 -0.210262 0.000000 -0.675884 0.019022 0.736762 5.351900 -0.691208 0.330544 -0.642629 0.000000 0.000000 0.000000 0.000000 1.000000
-0.277938 -0.929100 -0.243974 0.000000 -0.713953 0.029880 0.699556 5.351900 -0.642667 0.368619 -0.671639 -0.000000 0.000000 0.000000 0.000000 1.000000
-0.316327 -0.919755 -0.232353 -0.000000 -0.698889 0.060325 0.712681 5.351900 -0.641476 0.387829 -0.661889 -0.000000 0.000000 0.000000 0.000000 1.000000
-0.372893 -0.906726 -0.196972 -0.000000 -0.652009 0.105018 0.750903 5.351900 -0.660178 0.408434 -0.630354 0.000000 0.000000 0.000000 0.000000 1.000000
-0.434788 -0.883540 -0.174114 -0.000000 -0.633222 0.162485 0.756723 5.351900 -0.640304 0.439267 -0.630123 0.000000 0.000000 0.000000 0.000000 1.000000
-0.468829 -0.858987 -0.205769 0.000000 -0.656984 0.183406 0.731256 5.351900 -0.590400 0.478021 -0.650326 0.000000 0.000000 0.000000 0.000000 1.000000
-0.517947 -0.821968 -0.236853 0.000000 -0.680908 0.228568 0.695788 5.351900 -0.517779 0.521657 -0.678071 0.000000 0.000000 0.000000 0.000000 1.000000
-0.582691 -0.775475 -0.243126 0.000000 -0.655424 0.271528 0.704763 5.351900 -0.480511 0.570010 -0.666482 0.000000 0.000000 0.000000 0.000000 1.000000
-0.593466 -0.756607 -0.274488 -0.000000 -0.627720 0.221653 0.746215 5.351900 -0.503751 0.615155 -0.606481 -0.000000 0.000000 0.000000 0.000000 1.000000
-0.602550 -0.765674 -0.225117 0.000000 -0.559579 0.204205 0.803226 5.351900 -0.569039 0.609954 -0.551498 -0.000000 0.000000 0.000000 0.000000 1.000000
-0.604560 -0.770563 -0.201841 0.000000 -0.535353 0.205423 0.819267 5.351900 -0.589834 0.603353 -0.536713 0.000000 0.000000 0.000000 0.000000 1.000000
-0.611220 -0.769944 -0.183294 0.000000 -0.548642 0.245263 0.799273 5.351900 -0.570440 0.589095 -0.572333 0.000000 0.000000 0.000000 0.000000 1.000000
-0.593773 -0.787352 -0.165863 0.000000 -0.568400 0.264536 0.779065 5.351900 -0.569522 0.556864 -0.604605 0.000000 0.000000 0.000000 0.000000 1.000000
-0.520651 -0.837614 -0.165307 0.000000 -0.603306 0.223949 0.765420 5.351900 -0.604106 0.498247 -0.621937 -0.000000 0.000000 0.000000 0.000000 1.000000</float_array><technique_common><accessor source="#mixamorig_LeftArm-Matrix-animation-output-transform-array" count="19" stride="16"><param type="float4x4"/></accessor></technique_common></source><source id="mixamorig_LeftArm-Interpolations"><Name_array id="mixamorig_LeftArm-Interpolations-array" count="19">
 LINEAR LINEAR LINEAR LINEAR LINEAR LINEAR LINEAR LINEAR LINEAR LINEAR LINEAR
LINEAR LINEAR LINEAR LINEAR LINEAR LINEAR LINEAR LINEAR</Name_array><technique_common><accessor source="#mixamorig_LeftArm-Interpolations-array" count="19"><param type="name"/></accessor></technique_common></source><sampler id="mixamorig_LeftArm-Matrix-animation-transform"><input semantic="INPUT" source="#mixamorig_LeftArm-Matrix-animation-input"/><input semantic="OUTPUT" source="#mixamorig_LeftArm-Matrix-animation-output-transform"/><input semantic="INTERPOLATION" source="#mixamorig_LeftArm-Interpolations"/></sampler><channel source="#mixamorig_LeftArm-Matrix-animation-transform" target="mixamorig_LeftArm/matrix"/></animation>
    <animation id="mixamorig_LeftForeArm-anim" name="mixamorig_LeftForeArm"><source id="mixamorig_LeftForeArm-Matrix-animation-input"><float_array id="mixamorig_LeftForeArm-Matrix-animation-input-array" count="19">

0.000000 0.033333 0.066667 0.100000 0.133333 0.166667 0.200000 0.233333 0.266667 0.300000 0.333333 0.366667 0.400000 0.433333 0.466667 0.500000
0.533333 0.566667 0.600000</float_array><technique_common><accessor source="#mixamorig_LeftForeArm-Matrix-animation-input-array" count="19"><param name="TIME" type="float"/></accessor></technique_common></source><source id="mixamorig_LeftForeArm-Matrix-animation-output-transform"><float_array id="mixamorig_LeftForeArm-Matrix-animation-output-transform-array" count="304">

0.271340 0.954921 0.120421 0.000000 -0.771587 0.290605 -0.565864 6.616200 -0.575350 0.060626 0.815657 0.000000 0.000000 0.000000 0.000000 1.000000
0.312934 0.943945 0.105071 0.000000 -0.800039 0.321602 -0.506468 6.616200 -0.511869 0.074430 0.855833 0.000000 0.000000 0.000000 0.000000 1.000000
0.391619 0.897443 0.203055 0.000000 -0.770577 0.440482 -0.460638 6.616200 -0.502838 0.023925 0.864049 0.000000 0.000000 0.000000 0.000000 1.000000
0.477130 0.808699 0.344023 0.000000 -0.702546 0.586165 -0.403534 6.616200 -0.527992 -0.049154 0.847826 0.000000 0.000000 0.000000 0.000000 1.000000
0.552094 0.715860 0.427477 0.000000 -0.629097 0.694123 -0.349900 6.616200 -0.547201 -0.075747 0.833567 0.000000 0.000000 0.000000 0.000000 1.000000
0.577230 0.715964 0.392684 -0.000000 -0.622422 0.697050 -0.355966 6.616200 -0.528580 -0.038941 0.847990 -0.000000 0.000000 0.000000 0.000000 1.000000
0.545231 0.786703 0.289520 -0.000000 -0.694359 0.617331 -0.369821 6.616200 -0.469669 0.000607 0.882842 0.000000 0.000000 0.000000 0.000000 1.000000
0.466873 0.851183 0.239828 -0.000000 -0.810654 0.520309 -0.268550 6.616200 -0.353370 -0.069038 0.932933 -0.000000 0.000000 0.000000 0.000000 1.000000
0.368009 0.897152 0.244312 -0.000000 -0.904986 0.405917 -0.127403 6.616200 -0.213470 -0.174213 0.961291 0.000000 0.000000 0.000000 0.000000 1.000000
0.227554 0.948058 0.222271 0.000000 -0.954767 0.262093 -0.140454 6.616200 -0.191414 -0.180256 0.964815 0.000000 0.000000 0.000000 0.000000 1.000000
0.099986 0.987372 0.122880 0.000000 -0.924324 0.137885 -0.355828 6.616200 -0.368278 -0.078003 0.926438 0.000000 0.000000 0.000000 0.000000 1.000000
0.063645 0.997973 -0.000126 -0.000000 -0.815798 0.051955 -0.575998 6.616200 -0.574824 0.036762 0.817451 0.000000 0.000000 0.000000 0.000000 1.000000
0.071742 0.996701 -0.037946 0.000000 -0.742885 0.028009 -0.668833 6.616200 -0.665564 0.076172 0.742444 -0.000000 0.000000 0.000000 0.000000 1.000000
0.104103 0.994341 0.021196 -0.000000 -0.709495 0.089182 -0.699045 6.616200 -0.696979 0.057734 0.714764 0.000000 0.000000 0.000000 0.000000 1.000000
0.072634 0.982760 0.170018 0.000000 -0.771581 0.163385 -0.614791 6.616200 -0.631971 -0.086528 0.770147 0.000000 0.000000 0.000000 0.000000 1.000000
0.084969 0.970344 0.226303 0.000000 -0.793744 0.203210 -0.573303 6.616200 -0.602288 -0.130914 0.787471 0.000000 0.000000 0.000000 0.000000 1.000000
