<?xml version="1.0" encoding="utf-8"?>
<COLLADA xmlns="http://www.collada.org/2005/11/COLLADASchema" version="1.4.1">
  <asset><contributor><author>Mixamo</author><authoring_tool>COLLADA Mixamo exporter</authoring_tool><comments></comments></contributor><created>2020-03-04T17:49:15Z</created><modified>2020-03-04T17:49:15Z</modified><revision></revision><title></title><unit meter="0.010000"/><up_axis>Y_UP</up_axis></asset>
  <library_animations>
    <animation id="mixamorig_Hips-anim" name="mixamorig_Hips"><source id="mixamorig_Hips-Matrix-animation-input"><float_array id="mixamorig_Hips-Matrix-animation-input-array" count="72">

0.000000 0.033333 0.066667 0.100000 0.133333 0.166667 0.200000 0.233333 0.266667 0.300000 0.333333 0.366667 0.400000 0.433333 0.466667 0.500000
0.533333 0.566667 0.600000 0.633333 0.666667 0.700000 0.733333 0.766667 0.800000 0.833333 0.866667 0.900000 0.933333 0.966667 1.000000 1.033333
1.066667 1.100000 1.133333 1.166667 1.200000 1.233333 1.266667 1.300000 1.333333 1.366667 1.400000 1.433333 1.466667 1.500000 1.533333 1.566667
1.600000 1.633333 1.666667 1.700000 1.733333 1.766667 1.800000 1.833333 1.866667 1.900000 1.933333 1.966667 2.000000 2.033333 2.066667 2.100000
2.133333 2.166667 2.200000 2.233333 2.266667 2.300000 2.333333 2.366667</float_array><technique_common><accessor source="#mixamorig_Hips-Matrix-animation-input-array" count="72"><param name="TIME" type="float"/></accessor></technique_common></source><source id="mixamorig_Hips-Matrix-animation-output-transform"><float_array id="mixamorig_Hips-Matrix-animation-output-transform-array" count="1152">

0.727835 0.053350 -0.683673 0.032906 -0.000200 0.996986 0.077586 29.530151 0.685752 -0.056333 0.725652 0.022843 0.000000 0.000000 0.000000 1.000000
0.744925 0.033701 -0.666296 0.004494 -0.009920 0.999172 0.039447 29.279457 0.667074 -0.022776 0.744643 -1.417695 0.000000 0.000000 0.000000 1.000000
0.759282 0.013785 -0.650616 0.006678 -0.019555 0.999807 -0.001638 28.940935 0.650468 0.013967 0.759405 -2.714787 0.000000 0.000000 0.000000 1.000000
0.771234 -0.008730 -0.636492 0.007277 -0.025255 0.998699 -0.044299 28.587841 0.636051 0.050239 0.770010 -3.840334 0.000000 0.000000 0.000000 1.000000
0.785602 -0.033976 -0.617798 -0.040113 -0.025343 0.995886 -0.086995 28.294216 0.618213 0.084000 0.781510 -4.801126 0.000000 0.000000 0.000000 1.000000
0.808507 -0.050214 -0.586340 -0.137232 -0.029400 0.991662 -0.125466 28.106020 0.587751 0.118678 0.800290 -5.566803 0.000000 0.000000 0.000000 1.000000
0.835929 -0.057533 -0.545814 -0.198649 -0.043375 0.984455 -0.170198 28.037462 0.547121 0.165948 0.820439 -6.263714 0.000000 0.000000 0.000000 1.000000
0.856887 -0.063585 -0.511568 -0.138599 -0.061874 0.972504 -0.224517 28.075392 0.511778 0.224038 0.829392 -7.100059 0.000000 0.000000 0.000000 1.000000
0.870487 -0.073916 -0.486610 -0.053172 -0.076500 0.956326 -0.282115 27.952209 0.486210 0.282803 0.826814 -8.209092 0.000000 0.000000 0.000000 1.000000
0.894639 -0.072044 -0.440943 0.040752 -0.105808 0.924677 -0.365755 27.583567 0.434081 0.373874 0.819629 -9.340331 0.000000 0.000000 0.000000 1.000000
0.922165 -0.056046 -0.382714 0.098139 -0.141541 0.871924 -0.468738 26.887342 0.359969 0.486423 0.796125 -10.518162 0.000000 0.000000 0.000000 1.000000
0.932504 -0.038654 -0.359086 0.018180 -0.179778 0.812641 -0.554341 26.224026 0.313236 0.581481 0.750842 -11.387449 0.000000 0.000000 0.000000 1.000000
0.927341 -0.021204 -0.373615 -0.042697 -0.237546 0.738095 -0.631496 25.687084 0.289154 0.674363 0.679429 -12.131274 0.000000 0.000000 0.000000 1.000000
0.920324 -0.005417 -0.391120 -0.209333 -0.285055 0.675429 -0.680103 24.875319 0.267858 0.737405 0.620069 -12.829784 0.000000 0.000000 0.000000 1.000000
0.918943 0.017873 -0.393985 -0.495775 -0.311207 0.646514 -0.696541 23.795210 0.242268 0.762693 0.599672 -13.238804 0.000000 0.000000 0.000000 1.000000
0.923882 0.042628 -0.380295 -0.750230 -0.323167 0.619150 -0.715693 22.773281 0.204952 0.784115 0.585797 -13.456367 0.000000 0.000000 0.000000 1.000000
0.936531 0.045920 -0.347564 -0.954290 -0.309898 0.571994 -0.759465 22.064293 0.163930 0.818972 0.549921 -13.413990 0.000000 0.000000 0.000000 1.000000
0.942580 0.036779 -0.331948 -1.054820 -0.304533 0.502717 -0.809034 22.206757 0.137121 0.863668 0.485051 -13.033639 0.000000 0.000000 0.000000 1.000000
0.942406 0.030574 -0.333070 -1.172666 -0.312389 0.436286 -0.843841 23.133272 0.119515 0.899288 0.420710 -11.909864 0.000000 0.000000 0.000000 1.000000
0.945865 0.017720 -0.324076 -1.420809 -0.305993 0.381566 -0.872225 24.463545 0.108200 0.924172 0.366332 -9.705434 0.000000 0.000000 0.000000 1.000000
0.949082 0.007784 -0.314934 -1.693908 -0.301597 0.311258 -0.901198 25.671267 0.091011 0.950293 0.297757 -6.470810 0.000000 0.000000 0.000000 1.000000
0.947633 0.040311 -0.316806 -1.934566 -0.317538 0.224742 -0.921228 26.410820 0.034064 0.973584 0.225773 -3.818256 0.000000 0.000000 0.000000 1.000000
0.958058 0.036896 -0.284191 -2.256511 -0.286567 0.115813 -0.951034 27.283236 -0.002176 0.992586 0.121528 -1.350591 0.000000 0.000000 0.000000 1.000000
0.970374 0.005151 -0.241554 -2.574476 -0.241439 -0.016795 -0.970271 28.207293 -0.009055 0.999846 -0.015053 1.212684 0.000000 0.000000 0.000000 1.000000
0.978698 -0.035446 -0.202222 -2.896826 -0.205283 -0.154470 -0.966436 28.572302 0.003019 0.987361 -0.158456 3.668648 0.000000 0.000000 0.000000 1.000000
0.981950 -0.059289 -0.179608 -3.195615 -0.189059 -0.279800 -0.941259 28.424217 0.005552 0.958226 -0.285959 6.304248 0.000000 0.000000 0.000000 1.000000
0.979579 -0.074906 -0.186585 -3.362176 -0.200906 -0.400887 -0.893827 27.827251 -0.007846 0.913060 -0.407749 9.237384 0.000000 0.000000 0.000000 1.000000
0.966331 -0.101086 -0.236613 -3.266217 -0.253380 -0.533798 -0.806758 26.882977 -0.044752 0.839548 -0.541439 12.181203 0.000000 0.000000 0.000000 1.000000
0.938485 -0.164736 -0.303494 -3.029380 -0.335447 -0.643572 -0.687961 25.682487 -0.081988 0.747447 -0.659243 14.981558 0.000000 0.000000 0.000000 1.000000
0.891056 -0.229186 -0.391782 -2.630700 -0.427281 -0.714755 -0.553676 24.203711 -0.153133 0.660757 -0.734813 17.770773 0.000000 0.000000 0.000000 1.000000
0.825778 -0.292074 -0.482477 -2.074940 -0.503942 -0.766227 -0.398671 22.381613 -0.253245 0.572354 -0.779922 20.530758 0.000000 0.000000 0.000000 1.000000
0.750308 -0.358119 -0.555688 -1.559129 -0.545215 -0.810578 -0.213783 20.228197 -0.373869 0.463372 -0.803435 23.259821 0.000000 0.000000 0.000000 1.000000
0.669397 -0.421982 -0.611423 -1.168639 -0.542561 -0.839894 -0.014342 17.678099 -0.507479 0.341335 -0.791174 25.948238 0.000000 0.000000 0.000000 1.000000
0.584665 -0.477510 -0.655859 -0.865744 -0.495230 -0.850399 0.177676 14.727586 -0.642584 0.220920 -0.733676 28.502779 0.000000 0.000000 0.000000 1.000000
0.497658 -0.569486 -0.654234 -0.604549 -0.359243 -0.821864 0.442135 11.908911 -0.789481 0.014997 -0.613591 30.827997 0.000000 0.000000 0.000000 1.000000
0.445004 -0.677856 -0.585220 -0.086137 -0.131311 -0.695818 0.706112 9.827499 -0.885849 -0.237377 -0.398652 32.793201 0.000000 0.000000 0.000000 1.000000
0.436564 -0.764565 -0.474186 0.404280 0.094395 -0.485230 0.869277 8.777249 -0.894707 -0.424256 -0.139663 34.301052 0.000000 0.000000 0.000000 1.000000
0.453227 -0.767964 -0.452567 0.855049 0.308909 -0.340930 0.887886 8.512705 -0.836158 -0.542216 0.082713 36.081978 0.000000 0.000000 0.000000 1.000000
0.477420 -0.688387 -0.546071 0.588876 0.541426 -0.259000 0.799860 8.068598 -0.692046 -0.677526 0.249059 38.006886 0.000000 0.000000 0.000000 1.000000
0.490194 -0.551781 -0.674720 -0.442425 0.742292 -0.141463 0.654973 7.914348 -0.456849 -0.821904 0.340238 39.022392 0.000000 0.000000 0.000000 1.000000
0.522278 -0.473991 -0.708913 -0.873338 0.822861 0.061860 0.564866 7.429355 -0.223888 -0.878354 0.422336 39.320332 0.000000 0.000000 0.000000 1.000000
0.573378 -0.456848 -0.680094 -0.687380 0.819196 0.307069 0.484383 6.735989 -0.012454 -0.834865 0.550314 39.214088 0.000000 0.000000 0.000000 1.000000
0.566759 -0.463298 -0.681278 0.229516 0.803082 0.495305 0.331260 6.740136 0.183968 -0.734866 0.652785 38.948582 0.000000 0.000000 0.000000 1.000000
0.519345 -0.494151 -0.697205 1.197806 0.773422 0.618789 0.137545 7.417342 0.363455 -0.610667 0.703552 38.912544 0.000000 0.000000 0.000000 1.000000
0.508863 -0.496634 -0.703145 1.962988 0.692535 0.721337 -0.008299 8.077610 0.511326 -0.482730 0.710998 39.189037 0.000000 0.000000 0.000000 1.000000
0.532884 -0.434521 -0.726103 2.450822 0.571937 0.817358 -0.069388 8.883178 0.623636 -0.378310 0.684075 39.655533 0.000000 0.000000 0.000000 1.000000
0.538989 -0.380540 -0.751452 2.979646 0.475929 0.873658 -0.101060 9.869619 0.694969 -0.303168 0.652002 40.049931 0.000000 0.000000 0.000000 1.000000
0.521274 -0.361387 -0.773093 3.446837 0.413535 0.899410 -0.141600 11.003659 0.746500 -0.245889 0.618285 39.987926 0.000000 0.000000 0.000000 1.000000
0.533455 -0.326798 -0.780147 3.638222 0.348771 0.925271 -0.149104 12.426189 0.770574 -0.192552 0.607568 39.637360 0.000000 0.000000 0.000000 1.000000
0.568639 -0.288486 -0.770341 3.550618 0.287175 0.947185 -0.142729 13.997570 0.770831 -0.140061 0.621452 39.084984 0.000000 0.000000 0.000000 1.000000
0.593183 -0.265635 -0.759981 3.281710 0.233684 0.960166 -0.153209 15.550069 0.770406 -0.086715 0.631629 38.178009 0.000000 0.000000 0.000000 1.000000
0.599228 -0.243454 -0.762664 2.969857 0.184972 0.968967 -0.163976 17.241680 0.778917 -0.042813 0.625665 37.037075 0.000000 0.000000 0.000000 1.000000
0.590770 -0.217263 -0.777037 2.778311 0.148430 0.975891 -0.160014 18.934217 0.793069 -0.020804 0.608776 35.769798 0.000000 0.000000 0.000000 1.000000
0.584387 -0.185788 -0.789920 2.666131 0.115730 0.982569 -0.145481 20.593544 0.803180 -0.006400 0.595702 34.420918 0.000000 0.000000 0.000000 1.000000
0.583231 -0.154819 -0.797416 2.537737 0.085407 0.987916 -0.129338 22.193975 0.807804 0.007329 0.589406 33.001369 0.000000 0.000000 0.000000 1.000000
0.573951 -0.134813 -0.807716 2.365910 0.062076 0.990680 -0.121240 23.691738 0.816533 0.019446 0.576971 31.466642 0.000000 0.000000 0.000000 1.000000
0.561526 -0.117253 -0.819110 2.172956 0.040335 0.992611 -0.114438 25.099998 0.826476 0.031221 0.562106 29.793331 0.000000 0.000000 0.000000 1.000000
0.554614 -0.095857 -0.826568 1.952922 0.018879 0.994536 -0.102668 26.453957 0.831893 0.041336 0.553394 28.027983 0.000000 0.000000 0.000000 1.000000
0.552769 -0.078314 -0.829646 1.708585 0.003630 0.995791 -0.091579 27.697887 0.833326 0.047610 0.550727 26.217211 0.000000 0.000000 0.000000 1.000000
0.555568 -0.062415 -0.829125 1.431775 -0.003411 0.996999 -0.077338 28.700298 0.831464 0.045794 0.553688 24.299583 0.000000 0.000000 0.000000 1.000000
0.568615 -0.042321 -0.821514 1.092950 -0.004993 0.998480 -0.054894 29.365133 0.822588 0.035316 0.567540 22.233932 0.000000 0.000000 0.000000 1.000000
0.596584 -0.020365 -0.802292 0.739902 -0.007863 0.999482 -0.031218 29.769711 0.802512 0.024933 0.596114 20.126421 0.000000 0.000000 0.000000 1.000000
0.629680 -0.004654 -0.776840 0.438398 -0.010790 0.999833 -0.014737 30.044838 0.776779 0.017661 0.629525 18.080029 0.000000 0.000000 0.000000 1.000000
0.653824 0.005247 -0.756628 0.190536 -0.010254 0.999946 -0.001926 30.161810 0.756577 0.009018 0.653842 16.070663 0.000000 0.000000 0.000000 1.000000
0.668898 0.014013 -0.743222 0.019263 -0.007984 0.999900 0.011667 30.113457 0.743311 -0.001870 0.668943 14.069229 0.000000 0.000000 0.000000 1.000000
0.679572 0.020373 -0.733325 -0.061738 -0.005680 0.999730 0.022510 30.005041 0.733586 -0.011132 0.679505 12.063812 0.000000 0.000000 0.000000 1.000000
0.689502 0.025379 -0.723839 -0.077444 -0.005668 0.999544 0.029647 29.879772 0.724262 -0.016339 0.689331 10.053797 0.000000 0.000000 0.000000 1.000000
0.701272 0.032171 -0.712167 -0.056137 -0.007311 0.999253 0.037941 29.730530 0.712856 -0.021401 0.700984 8.046146 0.000000 0.000000 0.000000 1.000000
0.710488 0.040056 -0.702568 -0.028358 -0.006931 0.998729 0.049932 29.623293 0.703675 -0.030607 0.709862 6.046182 0.000000 0.000000 0.000000 1.000000
0.714196 0.045666 -0.698454 -0.009244 -0.003993 0.998119 0.061176 29.585403 0.699934 -0.040903 0.713035 4.048496 0.000000 0.000000 0.000000 1.000000
0.718362 0.049512 -0.693906 0.007535 -0.001368 0.997563 0.069763 29.564251 0.695669 -0.049166 0.716678 2.043327 0.000000 0.000000 0.000000 1.000000
0.727835 0.053349 -0.683674 0.032905 -0.000199 0.996986 0.077585 29.530128 0.685752 -0.056333 0.725652 0.022837 0.000000 0.000000 0.000000 1.000000</float_array><technique_common><accessor source="#mixamorig_Hips-Matrix-animation-output-transform-array" count="72" stride="16"><param type="float4x4"/></accessor></technique_common></source><source id="mixamorig_Hips-Interpolations"><Name_array id="mixamorig_Hips-Interpolations-array" count="72">
 LINEAR LINEAR LINEAR LINEAR LINEAR LINEAR LINEAR LINEAR LINEAR LINEAR LINEAR
LINEAR LINEAR LINEAR LINEAR LINEAR LINEAR LINEAR LINEAR LINEAR LINEAR LINEAR LINEAR
LINEAR LINEAR LINEAR LINEAR LINEAR LINEAR LINEAR LINEAR LINEAR LINEAR LINEAR LINEAR
LINEAR LINEAR LINEAR LINEAR LINEAR LINEAR LINEAR LINEAR LINEAR LINEAR LINEAR LINEAR
LINEAR LINEAR LINEAR LINEAR LINEAR LINEAR LINEAR LINEAR LINEAR LINEAR LINEAR LINEAR
LINEAR LINEAR LINEAR LINEAR LINEAR LINEAR LINEAR LINEAR LINEAR LINEAR LINEAR LINEAR
LINEAR</Name_array><technique_common><accessor source="#mixamorig_Hips-Interpolations-array" count="72"><param type="name"/></accessor></technique_common></source><sampler id="mixamorig_Hips-Matrix-animation-transform"><input semantic="INPUT" source="#mixamorig_Hips-Matrix-animation-input"/><input semantic="OUTPUT" source="#mixamorig_Hips-Matrix-animation-output-transform"/><input semantic="INTERPOLATION" source="#mixamorig_Hips-Interpolations"/></sampler><channel source="#mixamorig_Hips-Matrix-animation-transform" target="mixamorig_Hips/matrix"/></animation>
    <animation id="mixamorig_Spine-anim" name="mixamorig_Spine"><source id="mixamorig_Spine-Matrix-animation-input"><float_array id="mixamorig_Spine-Matrix-animation-input-array" count="72">

0.000000 0.033333 0.066667 0.100000 0.133333 0.166667 0.200000 0.233333 0.266667 0.300000 0.333333 0.366667 0.400000 0.433333 0.466667 0.500000
0.533333 0.566667 0.600000 0.633333 0.666667 0.700000 0.733333 0.766667 0.800000 0.833333 0.866667 0.900000 0.933333 0.966667 1.000000 1.033333
1.066667 1.100000 1.133333 1.166667 1.200000 1.233333 1.266667 1.300000 1.333333 1.366667 1.400000 1.433333 1.466667 1.500000 1.533333 1.566667
1.600000 1.633333 1.666667 1.700000 1.733333 1.766667 1.800000 1.833333 1.866667 1.900000 1.933333 1.966667 2.000000 2.033333 2.066667 2.100000
2.133333 2.166667 2.200000 2.233333 2.266667 2.300000 2.333333 2.366667</float_array><technique_common><accessor source="#mixamorig_Spine-Matrix-animation-input-array" count="72"><param name="TIME" type="float"/></accessor></technique_common></source><source id="mixamorig_Spine-Matrix-animation-output-transform"><float_array id="mixamorig_Spine-Matrix-animation-output-transform-array" count="1152">

0.996373 0.004121 0.084991 0.000000 -0.010499 0.997148 0.074731 3.649800 -0.084441 -0.075353 0.993575 -0.649600 0.000000 0.000000 0.000000 1.000000
0.997178 0.000653 0.075074 0.000000 -0.006970 0.996448 0.083921 3.649800 -0.074752 -0.084208 0.993640 -0.649600 0.000000 0.000000 0.000000 1.000000
0.997788 -0.004151 0.066348 -0.000000 -0.002020 0.995696 0.092662 3.649800 -0.066447 -0.092591 0.993485 -0.649600 0.000000 0.000000 0.000000 1.000000
0.998204 -0.007342 0.059460 0.000000 0.001278 0.994846 0.101388 3.649800 -0.059898 -0.101129 0.993068 -0.649600 0.000000 0.000000 0.000000 1.000000
0.998584 -0.006498 0.052807 -0.000000 0.000612 0.993851 0.110723 3.649800 -0.053202 -0.110533 0.992447 -0.649600 0.000000 0.000000 0.000000 1.000000
0.998954 -0.006944 0.045187 0.000000 0.001546 0.992961 0.118428 3.649800 -0.045692 -0.118235 0.991934 -0.649600 0.000000 0.000000 0.000000 1.000000
0.999197 -0.010970 0.038546 -0.000000 0.006133 0.992333 0.123439 3.649800 -0.039605 -0.123103 0.991603 -0.649600 0.000000 0.000000 0.000000 1.000000
0.999360 -0.013746 0.033028 0.000000 0.009664 0.992637 0.120740 3.649800 -0.034444 -0.120344 0.992135 -0.649600 0.000000 0.000000 0.000000 1.000000
0.999617 -0.005733 0.027056 0.000000 0.002714 0.993893 0.110315 3.649800 -0.027523 -0.110199 0.993528 -0.649600 0.000000 0.000000 0.000000 1.000000
0.999855 -0.000751 0.017014 0.000000 -0.001061 0.994338 0.106259 3.649800 -0.016998 -0.106262 0.994193 -0.649600 0.000000 0.000000 0.000000 1.000000
0.999974 -0.004668 0.005556 -0.000000 0.004056 0.994414 0.105472 3.649800 -0.006017 -0.105447 0.994407 -0.649600 0.000000 0.000000 0.000000 1.000000
0.999912 -0.012409 0.004666 0.000000 0.011879 0.994902 0.100147 3.649800 -0.005885 -0.100083 0.994962 -0.649600 0.000000 0.000000 0.000000 1.000000
0.999639 -0.021718 0.015828 -0.000000 0.019999 0.994618 0.101661 3.649800 -0.017951 -0.101308 0.994693 -0.649600 0.000000 0.000000 0.000000 1.000000
0.999261 -0.027873 0.026454 0.000000 0.025006 0.994353 0.103131 3.649800 -0.029180 -0.102393 0.994316 -0.649600 0.000000 0.000000 0.000000 1.000000
0.999042 -0.031987 0.029879 0.000000 0.028852 0.994567 0.100022 3.649800 -0.032916 -0.099064 0.994537 -0.649600 0.000000 0.000000 0.000000 1.000000
0.998811 -0.038669 0.029688 -0.000000 0.035453 0.994140 0.102120 3.649800 -0.033463 -0.100947 0.994329 -0.649600 0.000000 0.000000 0.000000 1.000000
0.998742 -0.042516 0.026586 0.000000 0.039289 0.992938 0.111940 3.649800 -0.031158 -0.110754 0.993359 -0.649600 0.000000 0.000000 0.000000 1.000000
0.998766 -0.042607 0.025515 0.000000 0.039279 0.992098 0.119155 3.649800 -0.030390 -0.118006 0.992548 -0.649600 0.000000 0.000000 0.000000 1.000000
0.998861 -0.040648 0.024988 0.000000 0.037523 0.992674 0.114852 3.649800 -0.029473 -0.113783 0.993068 -0.649600 0.000000 0.000000 0.000000 1.000000
0.999112 -0.037471 0.019255 -0.000000 0.035202 0.993631 0.107040 3.649800 -0.023143 -0.106267 0.994068 -0.649600 0.000000 0.000000 0.000000 1.000000
0.998502 -0.051174 0.019347 0.000000 0.048957 0.993630 0.101506 3.649800 -0.024418 -0.100407 0.994647 -0.649600 0.000000 0.000000 0.000000 1.000000
0.996098 -0.082507 0.031337 0.000000 0.079184 0.992269 0.095565 3.649800 -0.038980 -0.092711 0.994930 -0.649600 0.000000 0.000000 0.000000 1.000000
0.995651 -0.087617 0.031667 0.000000 0.084118 0.991557 0.098687 3.649800 -0.040046 -0.095594 0.994615 -0.649600 0.000000 0.000000 0.000000 1.000000
0.996094 -0.083646 0.028302 0.000000 0.080201 0.991083 0.106407 3.649800 -0.036950 -0.103721 0.993920 -0.649600 0.000000 0.000000 0.000000 1.000000
0.997398 -0.069091 0.020606 0.000000 0.066304 0.991238 0.114239 3.649800 -0.028319 -0.112575 0.993240 -0.649600 0.000000 0.000000 0.000000 1.000000
0.997752 -0.065168 0.015652 -0.000000 0.062857 0.990922 0.118839 3.649800 -0.023255 -0.117588 0.992790 -0.649600 0.000000 0.000000 0.000000 1.000000
0.997939 -0.064082 0.003237 0.000000 0.063221 0.990647 0.120920 3.649800 -0.010955 -0.120466 0.992657 -0.649600 0.000000 0.000000 0.000000 1.000000
0.997632 -0.068262 -0.008360 0.000000 0.068772 0.990011 0.123080 3.649800 -0.000125 -0.123363 0.992362 -0.649600 0.000000 0.000000 0.000000 1.000000
0.997782 -0.065807 -0.010013 -0.000000 0.066537 0.990294 0.122026 3.649800 0.001886 -0.122422 0.992476 -0.649600 0.000000 0.000000 0.000000 1.000000
0.997671 -0.068002 -0.005383 -0.000000 0.068179 0.991449 0.111269 3.649800 -0.002229 -0.111377 0.993776 -0.649600 0.000000 0.000000 0.000000 1.000000
0.997211 -0.074625 -0.001366 0.000000 0.074425 0.992827 0.093571 3.649800 -0.005626 -0.093411 0.995612 -0.649600 0.000000 0.000000 0.000000 1.000000
0.997139 -0.075529 -0.003143 0.000000 0.075558 0.994495 0.072594 3.649800 -0.002357 -0.072624 0.997357 -0.649600 0.000000 0.000000 0.000000 1.000000
0.997661 -0.068072 -0.006286 0.000000 0.068298 0.996481 0.048591 3.649800 0.002957 -0.048906 0.998799 -0.649600 0.000000 0.000000 0.000000 1.000000
0.998977 -0.044152 -0.009732 -0.000000 0.044365 0.998751 0.022967 3.649800 0.008706 -0.023375 0.999689 -0.649600 0.000000 0.000000 0.000000 1.000000
0.999781 -0.008499 -0.019109 -0.000000 0.008786 0.999849 0.014980 3.649800 0.018979 -0.015145 0.999705 -0.649600 0.000000 0.000000 0.000000 1.000000
0.999626 0.016725 -0.021648 0.000000 -0.016036 0.999371 0.031615 3.649800 0.022163 -0.031256 0.999266 -0.649600 0.000000 0.000000 0.000000 1.000000
0.999067 0.037639 -0.021199 0.000000 -0.036034 0.996783 0.071586 3.649800 0.023826 -0.070755 0.997209 -0.649600 0.000000 0.000000 0.000000 1.000000
0.998195 0.056007 -0.021681 0.000000 -0.053764 0.994214 0.092997 3.649800 0.026764 -0.091663 0.995430 -0.649600 0.000000 0.000000 0.000000 1.000000
0.997999 0.062975 -0.005751 0.000000 -0.062386 0.995354 0.073331 3.649800 0.010343 -0.072825 0.997291 -0.649600 0.000000 0.000000 0.000000 1.000000
0.998185 0.058636 0.013728 0.000000 -0.059099 0.997595 0.036225 3.649800 -0.011571 -0.036971 0.999249 -0.649600 0.000000 0.000000 0.000000 1.000000
0.998482 0.052846 0.015536 0.000000 -0.053159 0.998376 0.020467 3.649800 -0.014429 -0.021262 0.999670 -0.649600 0.000000 0.000000 0.000000 1.000000
0.998548 0.053583 0.005457 0.000000 -0.053697 0.998283 0.023417 3.649800 -0.004193 -0.023676 0.999711 -0.649600 0.000000 0.000000 0.000000 1.000000
0.997955 0.063725 -0.005018 0.000000 -0.063568 0.997616 0.026875 3.649800 0.006719 -0.026501 0.999626 -0.649600 0.000000 0.000000 0.000000 1.000000
0.996997 0.077270 -0.005049 0.000000 -0.077046 0.996405 0.035224 3.649800 0.007753 -0.034729 0.999367 -0.649600 0.000000 0.000000 0.000000 1.000000
0.996090 0.088338 -0.000649 0.000000 -0.088203 0.994918 0.048567 3.649800 0.004936 -0.048320 0.998820 -0.649600 0.000000 0.000000 0.000000 1.000000
0.995888 0.090349 0.006657 -0.000000 -0.090573 0.994564 0.051366 3.649800 -0.001980 -0.051757 0.998658 -0.649600 0.000000 0.000000 0.000000 1.000000
0.995934 0.088349 0.017618 -0.000000 -0.089132 0.994753 0.050224 3.649800 -0.013088 -0.051590 0.998583 -0.649600 0.000000 0.000000 0.000000 1.000000
0.995866 0.086212 0.028614 0.000000 -0.087705 0.994581 0.055823 3.649800 -0.023646 -0.058102 0.998031 -0.649600 0.000000 0.000000 0.000000 1.000000
0.996136 0.079199 0.037957 0.000000 -0.081486 0.994677 0.063061 3.649800 -0.032761 -0.065911 0.997288 -0.649600 0.000000 0.000000 0.000000 1.000000
0.996514 0.066888 0.049868 0.000000 -0.070435 0.994832 0.073136 3.649800 -0.044719 -0.076393 0.996074 -0.649600 0.000000 0.000000 0.000000 1.000000
0.996651 0.055775 0.059801 0.000000 -0.060709 0.994602 0.084145 3.649800 -0.054785 -0.087493 0.994657 -0.649600 0.000000 0.000000 0.000000 1.000000
0.996562 0.049109 0.066727 -0.000000 -0.055148 0.994240 0.091902 3.649800 -0.061829 -0.095266 0.993530 -0.649600 0.000000 0.000000 0.000000 1.000000
0.996039 0.048619 0.074445 0.000000 -0.055535 0.994038 0.093835 3.649800 -0.069439 -0.097597 0.992801 -0.649600 0.000000 0.000000 0.000000 1.000000
0.995435 0.047861 0.082569 0.000000 -0.055513 0.994116 0.093011 3.649800 -0.077631 -0.097170 0.992236 -0.649600 0.000000 0.000000 0.000000 1.000000
0.995064 0.044971 0.088457 0.000000 -0.053293 0.994137 0.094085 3.649800 -0.083707 -0.098335 0.991627 -0.649600 0.000000 0.000000 0.000000 1.000000
0.994829 0.043535 0.091759 0.000000 -0.052553 0.993770 0.098283 3.649800 -0.086908 -0.102597 0.990919 -0.649600 0.000000 0.000000 0.000000 1.000000
0.994859 0.039749 0.093143 0.000000 -0.049339 0.993454 0.103025 3.649800 -0.088439 -0.107091 0.990308 -0.649600 0.000000 0.000000 0.000000 1.000000
0.995155 0.033589 0.092401 0.000000 -0.043288 0.993524 0.105052 3.649800 -0.088274 -0.108543 0.990165 -0.649600 0.000000 0.000000 0.000000 1.000000
0.995439 0.028584 0.091020 -0.000000 -0.038164 0.993706 0.105315 3.649800 -0.087437 -0.108309 0.990265 -0.649600 0.000000 0.000000 0.000000 1.000000
0.995595 0.024303 0.090552 -0.000000 -0.033726 0.994003 0.104025 3.649800 -0.087481 -0.106620 0.990444 -0.649600 0.000000 0.000000 0.000000 1.000000
0.995657 0.021327 0.090618 0.000000 -0.030492 0.994420 0.100992 3.649800 -0.087959 -0.103317 0.990752 -0.649600 0.000000 0.000000 0.000000 1.000000
0.995730 0.019434 0.090245 0.000000 -0.028364 0.994708 0.098750 3.649800 -0.087849 -0.100888 0.991012 -0.649600 0.000000 0.000000 0.000000 1.000000
0.995800 0.017767 0.089814 0.000000 -0.026716 0.994685 0.099441 3.649800 -0.087570 -0.101423 0.990982 -0.649600 0.000000 0.000000 0.000000 1.000000
0.995853 0.016416 0.089484 0.000000 -0.025403 0.994639 0.100237 3.649800 -0.087359 -0.102094 0.990931 -0.649600 0.000000 0.000000 0.000000 1.000000
0.995887 0.016179 0.089142 0.000000 -0.024992 0.994808 0.098652 3.649800 -0.087084 -0.100474 0.991121 -0.649600 0.000000 0.000000 0.000000 1.000000
0.995883 0.016063 0.089211 0.000000 -0.024635 0.995092 0.095842 3.649800 -0.087234 -0.097645 0.991391 -0.649600 0.000000 0.000000 0.000000 1.000000
0.995893 0.014169 0.089423 -0.000000 -0.022527 0.995397 0.093154 3.649800 -0.087691 -0.094786 0.991628 -0.649600 0.000000 0.000000 0.000000 1.000000
0.996004 0.011067 0.088615 0.000000 -0.019049 0.995782 0.089748 3.649800 -0.087248 -0.091078 0.992014 -0.649600 0.000000 0.000000 0.000000 1.000000
0.996136 0.008667 0.087398 0.000000 -0.016135 0.996242 0.085101 3.649800 -0.086332 -0.086182 0.992532 -0.649600 0.000000 0.000000 0.000000 1.000000
0.996158 0.007431 0.087255 0.000000 -0.014523 0.996615 0.080923 3.649800 -0.086358 -0.081880 0.992894 -0.649600 0.000000 0.000000 0.000000 1.000000
0.996206 0.006074 0.086815 0.000000 -0.012865 0.996879 0.077884 3.649800 -0.086071 -0.078705 0.993175 -0.649600 0.000000 0.000000 0.000000 1.000000
0.996373 0.004121 0.084992 -0.000000 -0.010499 0.997148 0.074732 3.649800 -0.084441 -0.075353 0.993575 -0.649600 0.000000 0.000000 0.000000 1.000000</float_array><technique_common><accessor source="#mixamorig_Spine-Matrix-animation-output-transform-array" count="72" stride="16"><param type="float4x4"/></accessor></technique_common></source><source id="mixamorig_Spine-Interpolations"><Name_array id="mixamorig_Spine-Interpolations-array" count="72">
 LINEAR LINEAR LINEAR LINEAR LINEAR LINEAR LINEAR LINEAR LINEAR LINEAR LINEAR
LINEAR LINEAR LINEAR LINEAR LINEAR LINEAR LINEAR LINEAR LINEAR LINEAR LINEAR LINEAR
LINEAR LINEAR LINEAR LINEAR LINEAR LINEAR LINEAR LINEAR LINEAR LINEAR LINEAR LINEAR
LINEAR LINEAR LINEAR LINEAR LINEAR LINEAR LINEAR LINEAR LINEAR LINEAR LINEAR LINEAR
LINEAR LINEAR LINEAR LINEAR LINEAR LINEAR LINEAR LINEAR LINEAR LINEAR LINEAR LINEAR
LINEAR LINEAR LINEAR LINEAR LINEAR LINEAR LINEAR LINEAR LINEAR LINEAR LINEAR LINEAR
LINEAR</Name_array><technique_common><accessor source="#mixamorig_Spine-Interpolations-array" count="72"><param type="name"/></accessor></technique_common></source><sampler id="mixamorig_Spine-Matrix-animation-transform"><input semantic="INPUT" source="#mixamorig_Spine-Matrix-animation-input"/><input semantic="OUTPUT" source="#mixamorig_Spine-Matrix-animation-output-transform"/><input semantic="INTERPOLATION" source="#mixamorig_Spine-Interpolations"/></sampler><channel source="#mixamorig_Spine-Matrix-animation-transform" target="mixamorig_Spine/matrix"/></animation>
    <animation id="mixamorig_Spine1-anim" name="mixamorig_Spine1"><source id="mixamorig_Spine1-Matrix-animation-input"><float_array id="mixamorig_Spine1-Matrix-animation-input-array" count="72">

0.000000 0.033333 0.066667 0.100000 0.133333 0.166667 0.200000 0.233333 0.266667 0.300000 0.333333 0.366667 0.400000 0.433333 0.466667 0.500000
0.533333 0.566667 0.600000 0.633333 0.666667 0.700000 0.733333 0.766667 0.800000 0.833333 0.866667 0.900000 0.933333 0.966667 1.000000 1.033333
1.066667 1.100000 1.133333 1.166667 1.200000 1.233333 1.266667 1.300000 1.333333 1.366667 1.400000 1.433333 1.466667 1.500000 1.533333 1.566667
1.600000 1.633333 1.666667 1.700000 1.733333 1.766667 1.800000 1.833333 1.866667 1.900000 1.933333 1.966667 2.000000 2.033333 2.066667 2.100000
2.133333 2.166667 2.200000 2.233333 2.266667 2.300000 2.333333 2.366667</float_array><technique_common><accessor source="#mixamorig_Spine1-Matrix-animation-input-array" count="72"><param name="TIME" type="float"/></accessor></technique_common></source><source id="mixamorig_Spine1-Matrix-animation-output-transform"><float_array id="mixamorig_Spine1-Matrix-animation-output-transform-array" count="1152">

0.986155 0.024784 0.163963 -0.000000 0.008670 0.979709 -0.200238 4.325000 -0.165598 0.198888 0.965930 0.000000 0.000000 0.000000 0.000000 1.000000
0.989123 0.024647 0.145011 0.000000 0.002340 0.983100 -0.183056 4.325000 -0.147072 0.181404 0.972349 -0.000000 0.000000 0.000000 0.000000 1.000000
0.991487 0.023924 0.127988 0.000000 -0.002304 0.986044 -0.166467 4.325000 -0.130184 0.164755 0.977705 0.000000 0.000000 0.000000 0.000000 1.000000
0.993168 0.026559 0.113627 -0.000000 -0.009312 0.988688 -0.149698 4.325000 -0.116318 0.147618 0.982181 0.000000 0.000000 0.000000 0.000000 1.000000
0.994516 0.033836 0.098963 -0.000000 -0.020641 0.991109 -0.131444 4.325000 -0.102531 0.128681 0.986371 -0.000000 0.000000 0.000000 0.000000 1.000000
0.995871 0.037646 0.082609 0.000000 -0.027906 0.992853 -0.116039 4.325000 -0.086386 0.113255 0.989803 -0.000000 0.000000 0.000000 0.000000 1.000000
0.997197 0.031759 0.067746 0.000000 -0.024483 0.994102 -0.105646 4.325000 -0.070701 0.103691 0.992093 0.000000 0.000000 0.000000 0.000000 1.000000
0.998276 0.022416 0.054246 -0.000000 -0.016306 0.993734 -0.110577 4.325000 -0.056385 0.109502 0.992386 -0.000000 0.000000 0.000000 0.000000 1.000000
0.999006 0.018143 0.040722 0.000000 -0.012664 0.991302 -0.130994 4.325000 -0.042745 0.130348 0.990546 0.000000 0.000000 0.000000 0.000000 1.000000
0.999723 0.006626 0.022576 -0.000000 -0.003428 0.990305 -0.138868 4.325000 -0.023277 0.138752 0.990054 0.000000 0.000000 0.000000 0.000000 1.000000
0.999909 -0.012624 0.004737 0.000000 0.013164 0.989990 -0.140519 4.325000 -0.002916 0.140569 0.990067 -0.000000 0.000000 0.000000 0.000000 1.000000
0.999691 -0.024213 0.005678 -0.000000 0.024793 0.988219 -0.151028 4.325000 -0.001954 0.151122 0.988513 -0.000000 0.000000 0.000000 0.000000 1.000000
0.999274 -0.029985 0.023512 -0.000000 0.033138 0.988467 -0.147763 4.325000 -0.018810 0.148435 0.988743 -0.000000 0.000000 0.000000 0.000000 1.000000
0.998929 -0.029441 0.035684 0.000000 0.034317 0.988863 -0.144816 4.325000 -0.031023 0.145885 0.988815 0.000000 0.000000 0.000000 0.000000 1.000000
0.998817 -0.029929 0.038335 0.000000 0.035398 0.987894 -0.151039 4.325000 -0.033351 0.152217 0.987784 0.000000 0.000000 0.000000 0.000000 1.000000
0.998480 -0.039604 0.038317 -0.000000 0.044828 0.988152 -0.146787 4.325000 -0.032050 0.148282 0.988426 -0.000000 0.000000 0.000000 0.000000 1.000000
0.998170 -0.048694 0.035866 -0.000000 0.052886 0.990477 -0.127113 4.325000 -0.029334 0.128777 0.991240 0.000000 0.000000 0.000000 0.000000 1.000000
0.997969 -0.051786 0.037110 0.000000 0.055668 0.992076 -0.112632 4.325000 -0.030983 0.114469 0.992944 0.000000 0.000000 0.000000 0.000000 1.000000
0.997740 -0.053399 0.040791 0.000000 0.057988 0.990938 -0.121158 4.325000 -0.033951 0.123250 0.991795 0.000000 0.000000 0.000000 0.000000 1.000000
0.997664 -0.058198 0.035783 0.000000 0.062574 0.988633 -0.136708 4.325000 -0.027420 0.138628 0.989965 0.000000 0.000000 0.000000 0.000000 1.000000
0.997469 -0.066481 0.025197 0.000000 0.069488 0.986580 -0.147753 4.325000 -0.015037 0.149130 0.988703 0.000000 0.000000 0.000000 0.000000 1.000000
0.995903 -0.085828 0.028469 -0.000000 0.089291 0.983127 -0.159650 4.325000 -0.014287 0.161538 0.986763 0.000000 0.000000 0.000000 0.000000 1.000000
0.994589 -0.099078 0.031230 0.000000 0.102720 0.982822 -0.153328 4.325000 -0.015502 0.155706 0.987682 0.000000 0.000000 0.000000 0.000000 1.000000
0.994431 -0.101404 0.028706 -0.000000 0.104415 0.984931 -0.137869 4.325000 -0.014293 0.140098 0.990034 0.000000 0.000000 0.000000 0.000000 1.000000
0.994298 -0.103057 0.027399 0.000000 0.105653 0.986875 -0.122124 4.325000 -0.014453 0.124323 0.992137 0.000000 0.000000 0.000000 0.000000 1.000000
0.993419 -0.111750 0.025113 -0.000000 0.113889 0.987053 -0.112941 4.325000 -0.012167 0.115057 0.993284 0.000000 0.000000 0.000000 0.000000 1.000000
0.990801 -0.134631 0.013721 0.000000 0.135323 0.984760 -0.109250 4.325000 0.001197 0.110102 0.993920 0.000000 0.000000 0.000000 0.000000 1.000000
0.986545 -0.163433 0.004342 0.000000 0.162972 0.980950 -0.105721 4.325000 0.013019 0.105006 0.994386 -0.000000 0.000000 0.000000 0.000000 1.000000
0.985303 -0.170305 0.013168 0.000000 0.170727 0.979421 -0.107644 4.325000 0.005435 0.108310 0.994102 0.000000 0.000000 0.000000 0.000000 1.000000
0.984151 -0.174976 0.028829 -0.000000 0.177243 0.975781 -0.128203 4.325000 -0.005698 0.131281 0.991329 0.000000 0.000000 0.000000 0.000000 1.000000
0.982561 -0.181941 0.038371 0.000000 0.185788 0.969033 -0.162660 4.325000 -0.007588 0.166952 0.985936 0.000000 0.000000 0.000000 0.000000 1.000000
0.983519 -0.177399 0.034934 -0.000000 0.180787 0.962084 -0.204232 4.325000 0.002621 0.207181 0.978299 -0.000000 0.000000 0.000000 0.000000 1.000000
0.986919 -0.158743 0.028127 0.000000 0.160684 0.954414 -0.251543 4.325000 0.013086 0.252772 0.967437 0.000000 0.000000 0.000000 0.000000 1.000000
0.993670 -0.110768 0.018707 0.000000 0.111236 0.946950 -0.301516 4.325000 0.015684 0.301688 0.953278 0.000000 0.000000 0.000000 0.000000 1.000000
0.999222 -0.038859 -0.006767 -0.000000 0.034703 0.947643 -0.317439 4.325000 0.018748 0.316957 0.948255 0.000000 0.000000 0.000000 0.000000 1.000000
0.999773 0.012279 -0.017384 0.000000 -0.016734 0.958215 -0.285561 4.325000 0.013151 0.285787 0.958203 0.000000 0.000000 0.000000 0.000000 1.000000
0.998847 0.045438 -0.015489 0.000000 -0.047669 0.976939 -0.208129 4.325000 0.005675 0.208627 0.977979 0.000000 0.000000 0.000000 0.000000 1.000000
0.997976 0.058601 -0.024697 0.000000 -0.061908 0.984079 -0.166600 4.325000 0.014541 0.167791 0.985715 0.000000 0.000000 0.000000 0.000000 1.000000
0.997877 0.061375 -0.021780 0.000000 -0.064546 0.976561 -0.205333 4.325000 0.008667 0.206303 0.978450 0.000000 0.000000 0.000000 0.000000 1.000000
0.997375 0.072411 0.000586 0.000000 -0.069423 0.958458 -0.276657 4.325000 -0.020595 0.275890 0.960968 -0.000000 0.000000 0.000000 0.000000 1.000000
0.997078 0.075875 0.008886 0.000000 -0.069503 0.949262 -0.306711 4.325000 -0.031707 0.305197 0.951761 0.000000 0.000000 0.000000 0.000000 1.000000
0.997748 0.067003 0.003127 0.000000 -0.062949 0.951444 -0.301315 4.325000 -0.023165 0.300440 0.953519 0.000000 0.000000 0.000000 0.000000 1.000000
0.997208 0.074614 0.002867 0.000000 -0.070447 0.952851 -0.295148 4.325000 -0.024755 0.294122 0.955447 -0.000000 0.000000 0.000000 0.000000 1.000000
0.994649 0.102438 0.013394 0.000000 -0.094650 0.955543 -0.279246 4.325000 -0.041404 0.276484 0.960126 0.000000 0.000000 0.000000 0.000000 1.000000
0.991754 0.126230 0.022139 0.000000 -0.116562 0.960271 -0.253560 4.325000 -0.053266 0.248889 0.967066 0.000000 0.000000 0.000000 0.000000 1.000000
0.991322 0.127839 0.030620 0.000000 -0.116359 0.961723 -0.248093 4.325000 -0.061164 0.242378 0.968252 0.000000 0.000000 0.000000 0.000000 1.000000
0.991883 0.119168 0.044359 0.000000 -0.104464 0.962581 -0.250051 4.325000 -0.072498 0.243388 0.967216 0.000000 0.000000 0.000000 0.000000 1.000000
0.991847 0.113287 0.058350 0.000000 -0.096317 0.966278 -0.238809 4.325000 -0.083436 0.231242 0.969312 0.000000 0.000000 0.000000 0.000000 1.000000
0.992414 0.104956 0.064013 0.000000 -0.088164 0.970501 -0.224400 4.325000 -0.085677 0.217054 0.972392 0.000000 0.000000 0.000000 0.000000 1.000000
0.992647 0.097760 0.071377 0.000000 -0.081351 0.975451 -0.204638 4.325000 -0.089630 0.197327 0.976232 0.000000 0.000000 0.000000 0.000000 1.000000
0.992217 0.094166 0.081473 0.000000 -0.077952 0.979963 -0.183292 4.325000 -0.097101 0.175515 0.979676 0.000000 0.000000 0.000000 0.000000 1.000000
0.990986 0.095594 0.093857 0.000000 -0.078820 0.982543 -0.168511 4.325000 -0.108327 0.159594 0.981221 0.000000 0.000000 0.000000 0.000000 1.000000
0.988915 0.096681 0.112696 0.000000 -0.077346 0.983284 -0.164834 4.325000 -0.126749 0.154290 0.979862 0.000000 0.000000 0.000000 0.000000 1.000000
0.987361 0.086339 0.132902 0.000000 -0.063767 0.984131 -0.165592 4.325000 -0.145090 0.155024 0.977198 0.000000 0.000000 0.000000 0.000000 1.000000
0.986471 0.070343 0.148075 -0.000000 -0.045958 0.985706 -0.162086 4.325000 -0.157360 0.153088 0.975603 -0.000000 0.000000 0.000000 0.000000 1.000000
0.985395 0.060028 0.159356 0.000000 -0.035469 0.987634 -0.152711 4.325000 -0.166552 0.144829 0.975338 -0.000000 0.000000 0.000000 0.000000 1.000000
0.984757 0.048644 0.166994 -0.000000 -0.024717 0.989490 -0.142476 4.325000 -0.172170 0.136177 0.975609 0.000000 0.000000 0.000000 0.000000 1.000000
0.984810 0.036594 0.169737 -0.000000 -0.013021 0.990352 -0.137963 4.325000 -0.173148 0.133657 0.975785 0.000000 0.000000 0.000000 0.000000 1.000000
0.984762 0.031062 0.171113 0.000000 -0.007345 0.990470 -0.137531 4.325000 -0.173754 0.134178 0.975605 -0.000000 0.000000 0.000000 0.000000 1.000000
0.984489 0.029872 0.172887 -0.000000 -0.005367 0.990066 -0.140502 4.325000 -0.175366 0.137394 0.974869 -0.000000 0.000000 0.000000 0.000000 1.000000
0.984199 0.031830 0.174180 0.000000 -0.005961 0.989108 -0.147069 4.325000 -0.176964 0.143707 0.973669 -0.000000 0.000000 0.000000 0.000000 1.000000
0.984318 0.031542 0.173559 0.000000 -0.004921 0.988411 -0.151724 4.325000 -0.176334 0.148491 0.973066 0.000000 0.000000 0.000000 0.000000 1.000000
0.984459 0.031540 0.172757 0.000000 -0.005241 0.988578 -0.150616 4.325000 -0.175534 0.147370 0.973381 0.000000 0.000000 0.000000 0.000000 1.000000
0.984317 0.036260 0.172642 0.000000 -0.010153 0.988669 -0.149766 4.325000 -0.176116 0.145664 0.973532 0.000000 0.000000 0.000000 0.000000 1.000000
0.984248 0.040179 0.172167 0.000000 -0.013509 0.988078 -0.153359 4.325000 -0.176277 0.148617 0.973057 -0.000000 0.000000 0.000000 0.000000 1.000000
0.984242 0.040859 0.172041 0.000000 -0.013194 0.987195 -0.158969 4.325000 -0.176333 0.154194 0.972178 0.000000 0.000000 0.000000 0.000000 1.000000
0.984285 0.038415 0.172361 0.000000 -0.009740 0.986376 -0.164218 4.325000 -0.176321 0.159958 0.971249 0.000000 0.000000 0.000000 0.000000 1.000000
0.984729 0.033946 0.170753 -0.000000 -0.004340 0.985288 -0.170848 4.325000 -0.174040 0.167498 0.970389 0.000000 0.000000 0.000000 0.000000 1.000000
0.985246 0.030718 0.168363 -0.000000 0.000082 0.983674 -0.179958 4.325000 -0.171142 0.177316 0.969159 -0.000000 0.000000 0.000000 0.000000 1.000000
0.985316 0.029483 0.168174 -0.000000 0.002725 0.982137 -0.188147 4.325000 -0.170717 0.185843 0.967635 0.000000 0.000000 0.000000 0.000000 1.000000
0.985488 0.027804 0.167451 -0.000000 0.005302 0.980970 -0.194086 4.325000 -0.169661 0.192157 0.966587 0.000000 0.000000 0.000000 0.000000 1.000000
0.986155 0.024784 0.163963 -0.000000 0.008670 0.979709 -0.200238 4.325000 -0.165598 0.198888 0.965930 -0.000000 0.000000 0.000000 0.000000 1.000000</float_array><technique_common><accessor source="#mixamorig_Spine1-Matrix-animation-output-transform-array" count="72" stride="16"><param type="float4x4"/></accessor></technique_common></source><source id="mixamorig_Spine1-Interpolations"><Name_array id="mixamorig_Spine1-Interpolations-array" count="72">
 LINEAR LINEAR LINEAR LINEAR LINEAR LINEAR LINEAR LINEAR LINEAR LINEAR LINEAR
LINEAR LINEAR LINEAR LINEAR LINEAR LINEAR LINEAR LINEAR LINEAR LINEAR LINEAR LINEAR
LINEAR LINEAR LINEAR LINEAR LINEAR LINEAR LINEAR LINEAR LINEAR LINEAR LINEAR LINEAR
LINEAR LINEAR LINEAR LINEAR LINEAR LINEAR LINEAR LINEAR LINEAR LINEAR LINEAR LINEAR
LINEAR LINEAR LINEAR LINEAR LINEAR LINEAR LINEAR LINEAR LINEAR LINEAR LINEAR LINEAR
LINEAR LINEAR LINEAR LINEAR LINEAR LINEAR LINEAR LINEAR LINEAR LINEAR LINEAR LINEAR
