<?xml version="1.0" encoding="utf-8"?>
<COLLADA xmlns="http://www.collada.org/2005/11/COLLADASchema" version="1.4.1">
  <asset><contributor><author>Mixamo</author><authoring_tool>COLLADA Mixamo exporter</authoring_tool><comments></comments></contributor><created>2020-03-05T10:45:56Z</created><modified>2020-03-05T10:45:56Z</modified><revision></revision><title></title><unit meter="0.010000"/><up_axis>Y_UP</up_axis></asset>
  <library_animations>
    <animation id="mixamorig_Hips-anim" name="mixamorig_Hips"><source id="mixamorig_Hips-Matrix-animation-input"><float_array id="mixamorig_Hips-Matrix-animation-input-array" count="248">

0.000000 0.033333 0.066667 0.100000 0.133333 0.166667 0.200000 0.233333 0.266667 0.300000 0.333333 0.366667 0.400000 0.433333 0.466667 0.500000
0.533333 0.566667 0.600000 0.633333 0.666667 0.700000 0.733333 0.766667 0.800000 0.833333 0.866667 0.900000 0.933333 0.966667 1.000000 1.033333
1.066667 1.100000 1.133333 1.166667 1.200000 1.233333 1.266667 1.300000 1.333333 1.366667 1.400000 1.433333 1.466667 1.500000 1.533333 1.566667
1.600000 1.633333 1.666667 1.700000 1.733333 1.766667 1.800000 1.833333 1.866667 1.900000 1.933333 1.966667 2.000000 2.033333 2.066667 2.100000
2.133333 2.166667 2.200000 2.233333 2.266667 2.300000 2.333333 2.366667 2.400000 2.433333 2.466667 2.500000 2.533333 2.566667 2.600000 2.633333
2.666667 2.700000 2.733333 2.766667 2.800000 2.833333 2.866667 2.900000 2.933333 2.966667 3.000000 3.033333 3.066667 3.100000 3.133333 3.166667
3.200000 3.233333 3.266667 3.300000 3.333333 3.366667 3.400000 3.433333 3.466667 3.500000 3.533333 3.566667 3.600000 3.633333 3.666667 3.700000
3.733333 3.766667 3.800000 3.833333 3.866667 3.900000 3.933333 3.966667 4.000000 4.033333 4.066667 4.100000 4.133333 4.166667 4.200000 4.233333
4.266667 4.300000 4.333333 4.366667 4.400000 4.433333 4.466667 4.500000 4.533333 4.566667 4.600000 4.633333 4.666667 4.700000 4.733333 4.766667
4.800000 4.833333 4.866667 4.900000 4.933333 4.966667 5.000000 5.033333 5.066667 5.100000 5.133333 5.166667 5.200000 5.233333 5.266667 5.300000
5.333333 5.366667 5.400000 5.433333 5.466667 5.500000 5.533333 5.566667 5.600000 5.633333 5.666667 5.700000 5.733333 5.766667 5.800000 5.833333
5.866667 5.900000 5.933333 5.966667 6.000000 6.033333 6.066667 6.100000 6.133333 6.166667 6.200000 6.233333 6.266667 6.300000 6.333333 6.366667
6.400000 6.433333 6.466667 6.500000 6.533333 6.566667 6.600000 6.633333 6.666667 6.700000 6.733333 6.766667 6.800000 6.833333 6.866667 6.900000
6.933333 6.966667 7.000000 7.033333 7.066667 7.100000 7.133333 7.166667 7.200000 7.233333 7.266667 7.300000 7.333333 7.366667 7.400000 7.433333
7.466667 7.500000 7.533333 7.566667 7.600000 7.633333 7.666667 7.700000 7.733333 7.766667 7.800000 7.833333 7.866667 7.900000 7.933333 7.966667
8.000000 8.033333 8.066667 8.100000 8.133333 8.166667 8.200000 8.233333</float_array><technique_common><accessor source="#mixamorig_Hips-Matrix-animation-input-array" count="248"><param name="TIME" type="float"/></accessor></technique_common></source><source id="mixamorig_Hips-Matrix-animation-output-transform"><float_array id="mixamorig_Hips-Matrix-animation-output-transform-array" count="3968">

0.974210 -0.017175 -0.224987 0.064280 0.051041 0.988028 0.145586 27.733685 0.219793 -0.153315 0.963424 0.181905 0.000000 0.000000 0.000000 1.000000
0.975443 0.006332 -0.220161 0.133759 0.035335 0.982140 0.184804 27.257639 0.217399 -0.188045 0.957798 0.034410 0.000000 0.000000 0.000000 1.000000
0.974373 0.034000 -0.222353 0.247204 0.020199 0.971291 0.237035 26.891787 0.224028 -0.235452 0.945713 -0.144544 0.000000 0.000000 0.000000 1.000000
0.968382 0.063746 -0.241191 0.380218 0.010786 0.955201 0.295762 26.546631 0.249240 -0.289012 0.924311 -0.376640 0.000000 0.000000 0.000000 1.000000
0.956121 0.087188 -0.279697 0.480146 0.014509 0.939428 0.342439 26.172518 0.292612 -0.331471 0.896942 -0.640493 0.000000 0.000000 0.000000 1.000000
0.939533 0.102973 -0.326609 0.565453 0.024000 0.931578 0.362748 25.870152 0.341615 -0.348653 0.872777 -0.872687 0.000000 0.000000 0.000000 1.000000
0.922929 0.116044 -0.367064 0.730465 0.023602 0.934636 0.354821 25.788700 0.384246 -0.336138 0.859864 -1.026122 0.000000 0.000000 0.000000 1.000000
0.910335 0.128289 -0.393488 0.963577 0.007239 0.945665 0.325063 26.020462 0.413809 -0.298765 0.859943 -1.117132 0.000000 0.000000 0.000000 1.000000
0.899079 0.139076 -0.415108 1.194070 -0.016707 0.958407 0.284915 26.498726 0.437468 -0.249226 0.864007 -1.207475 0.000000 0.000000 0.000000 1.000000
0.889248 0.142341 -0.434715 1.339001 -0.037122 0.969674 0.241568 27.020218 0.455917 -0.198676 0.867564 -1.278265 0.000000 0.000000 0.000000 1.000000
0.884191 0.134438 -0.447361 1.348685 -0.047813 0.978707 0.199614 27.386196 0.464671 -0.155108 0.871793 -1.282804 0.000000 0.000000 0.000000 1.000000
0.884874 0.125019 -0.448740 1.274509 -0.056295 0.984953 0.163398 27.625259 0.462416 -0.119325 0.878597 -1.253795 0.000000 0.000000 0.000000 1.000000
0.888520 0.125535 -0.441330 1.144047 -0.071053 0.987887 0.137954 27.800920 0.453303 -0.091217 0.886677 -1.221363 0.000000 0.000000 0.000000 1.000000
0.891667 0.135949 -0.431796 0.947422 -0.089183 0.987902 0.126872 27.869904 0.443820 -0.074619 0.893004 -1.162867 0.000000 0.000000 0.000000 1.000000
0.894282 0.141294 -0.424612 0.688508 -0.094462 0.987068 0.129511 27.898106 0.437421 -0.075710 0.896064 -1.041059 0.000000 0.000000 0.000000 1.000000
0.899487 0.127332 -0.417984 0.397326 -0.073659 0.987095 0.142191 27.898548 0.430695 -0.097110 0.897258 -0.841509 0.000000 0.000000 0.000000 1.000000
0.908751 0.097002 -0.405908 0.111719 -0.032723 0.986180 0.162412 27.765396 0.416053 -0.134309 0.899367 -0.588041 0.000000 0.000000 0.000000 1.000000
0.921186 0.071423 -0.382511 -0.108577 0.003903 0.981265 0.192622 27.551090 0.389102 -0.178934 0.903649 -0.335281 0.000000 0.000000 0.000000 1.000000
0.935426 0.059906 -0.348409 -0.385912 0.026820 0.970672 0.238907 27.204611 0.352503 -0.232824 0.906386 -0.107638 0.000000 0.000000 0.000000 1.000000
0.948563 0.066733 -0.309476 -0.705808 0.030965 0.953288 0.300471 26.850498 0.315071 -0.294598 0.902187 0.061403 0.000000 0.000000 0.000000 1.000000
0.958537 0.082724 -0.272697 -1.035794 0.021612 0.933080 0.359018 26.616447 0.284148 -0.350026 0.892604 0.140461 0.000000 0.000000 0.000000 1.000000
0.965823 0.091820 -0.242394 -1.356115 0.010053 0.921181 0.389004 26.523140 0.259007 -0.378146 0.888775 0.127267 0.000000 0.000000 0.000000 1.000000
0.972246 0.087709 -0.216899 -1.608278 0.001200 0.925189 0.379505 26.510422 0.233958 -0.369233 0.899406 0.030594 0.000000 0.000000 0.000000 1.000000
0.978262 0.075326 -0.193209 -1.741588 -0.005510 0.940808 0.338894 26.589931 0.207300 -0.330463 0.920772 -0.131974 0.000000 0.000000 0.000000 1.000000
0.983018 0.059412 -0.173625 -1.745946 -0.008216 0.959441 0.281789 26.710501 0.183324 -0.275577 0.943636 -0.330562 0.000000 0.000000 0.000000 1.000000
0.986009 0.041172 -0.161525 -1.680877 -0.004984 0.975865 0.218316 26.879770 0.166615 -0.214456 0.962418 -0.527541 0.000000 0.000000 0.000000 1.000000
0.987414 0.021273 -0.156721 -1.625332 0.003364 0.987865 0.155279 27.113672 0.158123 -0.153852 0.975360 -0.701137 0.000000 0.000000 0.000000 1.000000
0.987694 0.002021 -0.156383 -1.604429 0.013856 0.994854 0.100370 27.412756 0.155781 -0.101302 0.982583 -0.846297 0.000000 0.000000 0.000000 1.000000
0.987360 -0.014831 -0.157799 -1.600128 0.024734 0.997833 0.060978 27.724052 0.156553 -0.064110 0.985587 -0.949639 0.000000 0.000000 0.000000 1.000000
0.986728 -0.027657 -0.160009 -1.579650 0.034439 0.998615 0.039769 27.994104 0.158688 -0.044751 0.986314 -0.984866 0.000000 0.000000 0.000000 1.000000
0.985699 -0.034966 -0.164846 -1.521520 0.041055 0.998589 0.033678 28.201183 0.163436 -0.039964 0.985744 -0.920425 0.000000 0.000000 0.000000 1.000000
0.983865 -0.035435 -0.175367 -1.425782 0.042963 0.998303 0.039313 28.358057 0.173676 -0.046213 0.983718 -0.735961 0.000000 0.000000 0.000000 1.000000
0.980905 -0.028070 -0.192450 -1.306479 0.040211 0.997420 0.059472 28.506794 0.190284 -0.066075 0.979503 -0.430187 0.000000 0.000000 0.000000 1.000000
0.977091 -0.013150 -0.212417 -1.177719 0.035387 0.994234 0.101228 28.656199 0.209861 -0.106426 0.971922 -0.020588 0.000000 0.000000 0.000000 1.000000
0.973645 0.010726 -0.227816 -1.030511 0.027896 0.985793 0.165633 28.748465 0.226356 -0.167622 0.959513 0.450473 0.000000 0.000000 0.000000 1.000000
0.971761 0.041603 -0.232270 -0.857706 0.015804 0.970649 0.239980 28.660408 0.235437 -0.236874 0.942582 0.906490 0.000000 0.000000 0.000000 1.000000
0.971476 0.067372 -0.227364 -0.683058 0.004867 0.952927 0.303161 28.491444 0.237086 -0.295620 0.925418 1.244303 0.000000 0.000000 0.000000 1.000000
0.972523 0.074323 -0.220626 -0.499842 0.004972 0.940825 0.338857 28.345585 0.232756 -0.330643 0.914604 1.397400 0.000000 0.000000 0.000000 1.000000
0.974587 0.060761 -0.215613 -0.285659 0.016750 0.940051 0.340623 28.275047 0.223384 -0.335578 0.915143 1.346802 0.000000 0.000000 0.000000 1.000000
0.976310 0.032906 -0.213860 -0.114492 0.035637 0.950418 0.308927 28.283976 0.213422 -0.309230 0.926730 1.131903 0.000000 0.000000 0.000000 1.000000
0.976617 0.006517 -0.214886 0.006797 0.048492 0.967103 0.249720 28.422125 0.209445 -0.254301 0.944174 0.828820 0.000000 0.000000 0.000000 1.000000
0.975263 -0.013172 -0.220656 0.081319 0.052457 0.983499 0.173139 28.632004 0.214735 -0.180431 0.959861 0.502213 0.000000 0.000000 0.000000 1.000000
0.972781 -0.026592 -0.230194 0.147818 0.049330 0.994387 0.093596 28.858768 0.226413 -0.102404 0.968633 0.186969 0.000000 0.000000 0.000000 1.000000
0.970105 -0.034330 -0.240245 0.228471 0.042336 0.998704 0.028240 28.986057 0.238964 -0.037566 0.970301 -0.101582 0.000000 0.000000 0.000000 1.000000
0.967827 -0.036085 -0.249014 0.299613 0.034480 0.999347 -0.010806 29.037506 0.249241 0.001872 0.968440 -0.343482 0.000000 0.000000 0.000000 1.000000
0.965628 -0.033088 -0.257813 0.326891 0.027917 0.999329 -0.023692 29.072926 0.258424 0.015680 0.965904 -0.515494 0.000000 0.000000 0.000000 1.000000
0.962747 -0.029123 -0.268832 0.291629 0.024770 0.999502 -0.019570 29.104227 0.269268 0.012182 0.962988 -0.596485 0.000000 0.000000 0.000000 1.000000
0.959111 -0.026918 -0.281746 0.214846 0.026036 0.999637 -0.006872 29.176928 0.281829 -0.000745 0.959464 -0.575406 0.000000 0.000000 0.000000 1.000000
0.956070 -0.029106 -0.291691 0.111613 0.034395 0.999323 0.013021 29.280998 0.291114 -0.022482 0.956424 -0.449977 0.000000 0.000000 0.000000 1.000000
0.955270 -0.038334 -0.293241 -0.039857 0.054209 0.997460 0.046198 29.287102 0.290725 -0.060028 0.954922 -0.243236 0.000000 0.000000 0.000000 1.000000
0.957187 -0.046353 -0.285737 -0.224632 0.078267 0.991773 0.101299 29.002632 0.278690 -0.119326 0.952939 -0.002420 0.000000 0.000000 0.000000 1.000000
0.961565 -0.040486 -0.271575 -0.435609 0.091861 0.979509 0.179228 28.641968 0.258754 -0.197287 0.945581 0.222360 0.000000 0.000000 0.000000 1.000000
0.967504 -0.019519 -0.252099 -0.657847 0.088099 0.960564 0.263734 28.367725 0.237010 -0.277374 0.931069 0.390327 0.000000 0.000000 0.000000 1.000000
0.973040 0.001067 -0.230632 -0.895228 0.076585 0.941753 0.327470 28.204521 0.217548 -0.336304 0.916282 0.480488 0.000000 0.000000 0.000000 1.000000
0.976970 0.008247 -0.213216 -1.141847 0.068714 0.933862 0.350970 28.161800 0.202009 -0.357538 0.911789 0.482149 0.000000 0.000000 0.000000 1.000000
0.979309 0.003315 -0.202342 -1.363347 0.065420 0.940993 0.332042 28.231291 0.191503 -0.338409 0.921307 0.384413 0.000000 0.000000 0.000000 1.000000
0.980507 -0.007617 -0.196335 -1.513421 0.063837 0.957388 0.281662 28.395672 0.185824 -0.288705 0.939212 0.190251 0.000000 0.000000 0.000000 1.000000
0.981227 -0.021498 -0.191656 -1.585351 0.063225 0.974706 0.214364 28.609745 0.182200 -0.222457 0.957766 -0.074532 0.000000 0.000000 0.000000 1.000000
0.982018 -0.037423 -0.185043 -1.615723 0.064153 0.987979 0.140646 28.809546 0.177555 -0.149988 0.972614 -0.379424 0.000000 0.000000 0.000000 1.000000
0.982781 -0.053579 -0.176838 -1.640136 0.066504 0.995467 0.067989 28.947697 0.172394 -0.078579 0.981889 -0.699667 0.000000 0.000000 0.000000 1.000000
0.982836 -0.067223 -0.171796 -1.662828 0.069187 0.997589 0.005461 29.009552 0.171014 -0.017253 0.985117 -1.004912 0.000000 0.000000 0.000000 1.000000
0.981664 -0.077631 -0.174096 -1.675409 0.072199 0.996691 -0.037332 29.030018 0.176418 0.024078 0.984021 -1.255301 0.000000 0.000000 0.000000 1.000000
0.979651 -0.082735 -0.182865 -1.658354 0.073795 0.995746 -0.055175 29.031635 0.186652 0.040558 0.981589 -1.404571 0.000000 0.000000 0.000000 1.000000
0.977811 -0.078698 -0.194146 -1.600286 0.070797 0.996368 -0.047318 29.025784 0.197165 0.032523 0.979831 -1.412006 0.000000 0.000000 0.000000 1.000000
0.977032 -0.062091 -0.203845 -1.504904 0.060644 0.998070 -0.013342 29.020298 0.204280 0.000674 0.978912 -1.257837 0.000000 0.000000 0.000000 1.000000
0.977337 -0.032801 -0.209132 -1.386768 0.043556 0.997944 0.047026 28.999550 0.207159 -0.055069 0.976756 -0.964717 0.000000 0.000000 0.000000 1.000000
0.977441 0.004412 -0.211162 -1.253924 0.023443 0.991338 0.129230 28.892981 0.209903 -0.131265 0.968871 -0.596977 0.000000 0.000000 0.000000 1.000000
0.975346 0.039428 -0.217129 -1.123595 0.009508 0.975488 0.219846 28.673767 0.220475 -0.216490 0.951064 -0.225417 0.000000 0.000000 0.000000 1.000000
0.969734 0.063102 -0.235868 -1.008726 0.010318 0.954572 0.297802 28.416029 0.243945 -0.291222 0.925030 0.101839 0.000000 0.000000 0.000000 1.000000
0.961304 0.072713 -0.265722 -0.859929 0.023797 0.939017 0.343046 28.299513 0.274461 -0.336094 0.900950 0.347301 0.000000 0.000000 0.000000 1.000000
0.953069 0.065800 -0.295517 -0.633377 0.042185 0.937712 0.344843 28.415976 0.299800 -0.341125 0.890928 0.452662 0.000000 0.000000 0.000000 1.000000
0.947175 0.045121 -0.317526 -0.346684 0.056386 0.951204 0.303366 28.673046 0.315720 -0.305245 0.898413 0.362580 0.000000 0.000000 0.000000 1.000000
0.942162 0.018705 -0.334637 -0.053113 0.061891 0.971561 0.228559 29.007410 0.329395 -0.236051 0.914210 0.091762 0.000000 0.000000 0.000000 1.000000
0.935606 -0.008948 -0.352933 0.206486 0.060805 0.988824 0.136121 29.305672 0.347771 -0.148816 0.925694 -0.280184 0.000000 0.000000 0.000000 1.000000
0.927691 -0.036705 -0.371541 0.416380 0.056483 0.997499 0.042488 29.477186 0.369053 -0.060401 0.927444 -0.661415 0.000000 0.000000 0.000000 1.000000
0.921108 -0.059817 -0.384685 0.579754 0.049879 0.998115 -0.035770 29.442295 0.386100 0.013761 0.922354 -0.977398 0.000000 0.000000 0.000000 1.000000
0.918350 -0.071918 -0.389180 0.694438 0.042196 0.995538 -0.084400 29.314047 0.393513 0.061087 0.917287 -1.179391 0.000000 0.000000 0.000000 1.000000
0.919772 -0.071999 -0.385791 0.754570 0.036427 0.994446 -0.098745 29.231041 0.390758 0.076770 0.917287 -1.250617 0.000000 0.000000 0.000000 1.000000
0.923984 -0.065319 -0.376812 0.757771 0.035457 0.995694 -0.085656 29.209454 0.380785 0.065784 0.922321 -1.194508 0.000000 0.000000 0.000000 1.000000
0.929464 -0.058269 -0.364281 0.708988 0.040329 0.997578 -0.056670 29.240450 0.366701 0.037982 0.929563 -1.026875 0.000000 0.000000 0.000000 1.000000
0.935672 -0.053323 -0.348818 0.623986 0.050591 0.998576 -0.016943 29.280773 0.349225 -0.001794 0.937037 -0.772155 0.000000 0.000000 0.000000 1.000000
0.942492 -0.048463 -0.330697 0.539283 0.065208 0.997081 0.039724 29.073040 0.327807 -0.059004 0.942900 -0.466528 0.000000 0.000000 0.000000 1.000000
0.948914 -0.042480 -0.312661 0.468274 0.083526 0.989365 0.119078 28.643295 0.304278 -0.139110 0.942371 -0.164394 0.000000 0.000000 0.000000 1.000000
0.953939 -0.037029 -0.297708 0.397278 0.103146 0.972338 0.209568 28.172619 0.281713 -0.230623 0.931371 0.086888 0.000000 0.000000 0.000000 1.000000
0.958661 -0.034576 -0.282443 0.304192 0.118391 0.951064 0.285414 27.819632 0.258753 -0.307054 0.915841 0.259937 0.000000 0.000000 0.000000 1.000000
0.965389 -0.038809 -0.257910 0.172664 0.124619 0.937321 0.325420 27.709747 0.229115 -0.346298 0.909716 0.343335 0.000000 0.000000 0.000000 1.000000
0.974190 -0.052474 -0.219544 0.000547 0.122962 0.938999 0.321187 27.901890 0.189298 -0.339893 0.921216 0.326839 0.000000 0.000000 0.000000 1.000000
0.982492 -0.072214 -0.171738 -0.198669 0.118314 0.953922 0.275745 28.362009 0.143912 -0.291237 0.945765 0.200910 0.000000 0.000000 0.000000 1.000000
0.988416 -0.089680 -0.122437 -0.407047 0.113393 0.972584 0.203031 28.935621 0.100872 -0.214562 0.971487 -0.025309 0.000000 0.000000 0.000000 1.000000
0.992011 -0.098661 -0.078620 -0.620527 0.107785 0.986685 0.121797 29.392080 0.065557 -0.129298 0.989436 -0.317206 0.000000 0.000000 0.000000 1.000000
0.994347 -0.095758 -0.045869 -0.815570 0.097910 0.994075 0.047213 29.628483 0.041077 -0.051438 0.997831 -0.619881 0.000000 0.000000 0.000000 1.000000
0.995777 -0.087169 -0.028790 -0.983870 0.086905 0.996164 -0.010275 29.679232 0.029575 0.007730 0.999533 -0.877716 0.000000 0.000000 0.000000 1.000000
0.996487 -0.079190 -0.027245 -1.096627 0.077961 0.996006 -0.043531 29.539801 0.030583 0.041254 0.998681 -1.038251 0.000000 0.000000 0.000000 1.000000
0.996593 -0.074316 -0.035768 -1.170156 0.072436 0.996054 -0.051278 29.437435 0.039437 0.048513 0.998044 -1.082825 0.000000 0.000000 0.000000 1.000000
0.996376 -0.070737 -0.047241 -1.210490 0.068970 0.996893 -0.038037 29.419785 0.049785 0.034641 0.998159 -1.014569 0.000000 0.000000 0.000000 1.000000
0.995984 -0.067743 -0.058542 -1.223547 0.067359 0.997693 -0.008512 29.480076 0.058983 0.004535 0.998249 -0.854623 0.000000 0.000000 0.000000 1.000000
0.995243 -0.064774 -0.072765 -1.173983 0.067660 0.996988 0.037918 29.355350 0.070090 -0.042661 0.996628 -0.629209 0.000000 0.000000 0.000000 1.000000
0.993746 -0.061093 -0.093470 -1.073397 0.070734 0.992104 0.103567 28.987616 0.086404 -0.109531 0.990221 -0.383050 0.000000 0.000000 0.000000 1.000000
0.991376 -0.055595 -0.118669 -0.967825 0.076624 0.980539 0.180752 28.508844 0.106310 -0.188287 0.976343 -0.155688 0.000000 0.000000 0.000000 1.000000
0.988447 -0.047657 -0.143878 -0.870973 0.082914 0.964665 0.250092 28.027998 0.126876 -0.259132 0.957472 0.032553 0.000000 0.000000 0.000000 1.000000
0.984796 -0.039318 -0.169208 -0.768584 0.088556 0.951608 0.294280 27.671364 0.149450 -0.304790 0.940621 0.177844 0.000000 0.000000 0.000000 1.000000
0.979681 -0.031569 -0.198061 -0.635849 0.092551 0.947262 0.306805 27.563364 0.177930 -0.318901 0.930937 0.284797 0.000000 0.000000 0.000000 1.000000
0.972529 -0.024296 -0.231510 -0.474443 0.092261 0.953319 0.287524 27.771000 0.213717 -0.300985 0.929372 0.349342 0.000000 0.000000 0.000000 1.000000
0.963661 -0.017660 -0.266543 -0.306086 0.083681 0.967546 0.238435 28.270985 0.253682 -0.252075 0.933865 0.362694 0.000000 0.000000 0.000000 1.000000
0.953851 -0.014532 -0.299928 -0.146169 0.067257 0.983790 0.166231 28.892525 0.292650 -0.178732 0.939367 0.331499 0.000000 0.000000 0.000000 1.000000
0.943557 -0.017905 -0.330725 0.008858 0.048550 0.995229 0.084634 29.396324 0.327632 -0.095913 0.939925 0.279205 0.000000 0.000000 0.000000 1.000000
0.932609 -0.027216 -0.359860 0.157239 0.033485 0.999376 0.011199 29.654106 0.359331 -0.022494 0.932939 0.232545 0.000000 0.000000 0.000000 1.000000
0.920611 -0.038772 -0.388551 0.285998 0.025673 0.998915 -0.038849 29.610870 0.389636 0.025789 0.920608 0.213327 0.000000 0.000000 0.000000 1.000000
0.907766 -0.047860 -0.416737 0.375170 0.024988 0.997875 -0.060171 29.450096 0.418731 0.044208 0.907034 0.239069 0.000000 0.000000 0.000000 1.000000
0.895044 -0.050768 -0.443078 0.425198 0.026914 0.997838 -0.059964 29.361897 0.445164 0.041746 0.894475 0.311284 0.000000 0.000000 0.000000 1.000000
0.883575 -0.046664 -0.465958 0.446919 0.026777 0.998429 -0.049213 29.366451 0.467523 0.031007 0.883437 0.416901 0.000000 0.000000 0.000000 1.000000
0.874470 -0.036529 -0.483702 0.440566 0.024128 0.999202 -0.031838 29.423855 0.484479 0.016170 0.874653 0.538971 0.000000 0.000000 0.000000 1.000000
0.868760 -0.020271 -0.494818 0.402115 0.021551 0.999763 -0.003118 29.472153 0.494764 -0.007955 0.868991 0.657351 0.000000 0.000000 0.000000 1.000000
0.866281 0.004320 -0.499539 0.355394 0.019991 0.998862 0.043306 29.249233 0.499158 -0.047502 0.865208 0.743570 0.000000 0.000000 0.000000 1.000000
0.865071 0.037438 -0.500251 0.314985 0.018314 0.994190 0.106073 28.775604 0.501316 -0.100922 0.859359 0.802230 0.000000 0.000000 0.000000 1.000000
0.863294 0.072831 -0.499420 0.274511 0.016145 0.985042 0.171558 28.284801 0.504444 -0.156168 0.849204 0.860008 0.000000 0.000000 0.000000 1.000000
0.861162 0.099913 -0.498416 0.225947 0.014438 0.975291 0.220453 27.947969 0.508126 -0.197042 0.838440 0.923874 0.000000 0.000000 0.000000 1.000000
0.860860 0.110632 -0.496670 0.163656 0.013449 0.970791 0.239551 27.872910 0.508664 -0.212899 0.834227 0.984453 0.000000 0.000000 0.000000 1.000000
0.865126 0.101937 -0.491087 0.092627 0.013049 0.974222 0.225212 28.093254 0.501385 -0.201245 0.841495 1.028517 0.000000 0.000000 0.000000 1.000000
0.875230 0.074550 -0.477927 0.025038 0.015045 0.983378 0.180946 28.538216 0.483473 -0.165560 0.859560 1.044086 0.000000 0.000000 0.000000 1.000000
0.889338 0.034357 -0.455958 -0.031025 0.022144 0.992767 0.117998 29.026600 0.456714 -0.115037 0.882144 1.026092 0.000000 0.000000 0.000000 1.000000
0.903156 -0.007752 -0.429243 -0.081294 0.033936 0.997998 0.053379 29.373468 0.427969 -0.062776 0.901610 0.984029 0.000000 0.000000 0.000000 1.000000
0.913235 -0.040909 -0.405374 -0.136378 0.045723 0.998952 0.002195 29.525394 0.404859 -0.020539 0.914148 0.940154 0.000000 0.000000 0.000000 1.000000
0.919202 -0.058607 -0.389400 -0.196839 0.051667 0.998264 -0.028282 29.540195 0.390381 0.005878 0.920635 0.914685 0.000000 0.000000 0.000000 1.000000
0.922535 -0.060350 -0.381166 -0.258780 0.049244 0.998032 -0.038833 29.466505 0.382759 0.017055 0.923691 0.911565 0.000000 0.000000 0.000000 1.000000
0.923931 -0.050913 -0.379157 -0.340030 0.040847 0.998568 -0.034551 29.446541 0.380373 0.016435 0.924687 0.926815 0.000000 0.000000 0.000000 1.000000
0.922475 -0.034671 -0.384498 -0.439653 0.029359 0.999375 -0.019681 29.464024 0.384940 0.006867 0.922916 0.941978 0.000000 0.000000 0.000000 1.000000
0.916818 -0.010707 -0.399162 -0.518365 0.014608 0.999871 0.006733 29.287395 0.399038 -0.012004 0.916856 0.932096 0.000000 0.000000 0.000000 1.000000
0.906826 0.023966 -0.420823 -0.562466 -0.003436 0.998769 0.049475 28.908791 0.421491 -0.043419 0.905793 0.902711 0.000000 0.000000 0.000000 1.000000
0.895019 0.067143 -0.440946 -0.580744 -0.021628 0.993975 0.107452 28.413828 0.445504 -0.086634 0.891078 0.875037 0.000000 0.000000 0.000000 1.000000
0.886447 0.106861 -0.450324 -0.588288 -0.034600 0.985559 0.165763 27.927481 0.461534 -0.131359 0.877343 0.863626 0.000000 0.000000 0.000000 1.000000
0.886430 0.128026 -0.444805 -0.576252 -0.038966 0.978215 0.203903 27.644335 0.461220 -0.163413 0.872108 0.872320 0.000000 0.000000 0.000000 1.000000
0.897704 0.123282 -0.423001 -0.525233 -0.034574 0.976807 0.211314 27.668886 0.439241 -0.175073 0.881145 0.897141 0.000000 0.000000 0.000000 1.000000
0.918153 0.094922 -0.384687 -0.436082 -0.021916 0.981560 0.189893 27.966772 0.395619 -0.165920 0.903303 0.925501 0.000000 0.000000 0.000000 1.000000
0.941362 0.050067 -0.333663 -0.326967 -0.000570 0.989164 0.146817 28.476974 0.337397 -0.138018 0.931190 0.941002 0.000000 0.000000 0.000000 1.000000
0.961235 -0.000937 -0.275727 -0.214906 0.027417 0.995363 0.092198 29.029280 0.274362 -0.096184 0.956804 0.930697 0.000000 0.000000 0.000000 1.000000
0.975498 -0.044626 -0.215435 -0.103424 0.054412 0.997729 0.039706 29.447144 0.213174 -0.050455 0.975711 0.899728 0.000000 0.000000 0.000000 1.000000
0.984971 -0.070948 -0.157472 0.008441 0.072348 0.997374 0.003169 29.673981 0.156834 -0.014514 0.987518 0.869306 0.000000 0.000000 0.000000 1.000000
0.991067 -0.080847 -0.106064 0.120352 0.080154 0.996724 -0.010784 29.742218 0.106589 0.002186 0.994301 0.860235 0.000000 0.000000 0.000000 1.000000
0.994592 -0.083259 -0.062092 0.234161 0.083021 0.996527 -0.006414 29.669571 0.062410 0.001224 0.998050 0.882408 0.000000 0.000000 0.000000 1.000000
0.995723 -0.088921 -0.025070 0.332139 0.089104 0.996003 0.006258 29.646858 0.024413 -0.008465 0.999666 0.937282 0.000000 0.000000 0.000000 1.000000
0.994462 -0.105031 0.003780 0.418494 0.104935 0.994276 0.020103 29.617523 -0.005870 -0.019595 0.999791 1.003623 0.000000 0.000000 0.000000 1.000000
0.990773 -0.133628 0.022633 0.492656 0.132786 0.990515 0.035329 29.496712 -0.027139 -0.031998 0.999119 1.057811 0.000000 0.000000 0.000000 1.000000
0.985026 -0.169519 0.031428 0.546274 0.167610 0.984274 0.055773 29.172661 -0.040389 -0.049670 0.997949 1.089965 0.000000 0.000000 0.000000 1.000000
0.978621 -0.203235 0.031563 0.551666 0.200197 0.976461 0.080277 28.804028 -0.047135 -0.072242 0.996273 1.107579 0.000000 0.000000 0.000000 1.000000
0.974426 -0.223460 0.023663 0.495929 0.220032 0.970213 0.101354 28.574114 -0.045606 -0.093555 0.994569 1.121262 0.000000 0.000000 0.000000 1.000000
0.975064 -0.221790 0.007670 0.373784 0.219564 0.969151 0.111975 28.586622 -0.032268 -0.107499 0.993681 1.145120 0.000000 0.000000 0.000000 1.000000
0.980347 -0.196843 -0.013108 0.187842 0.197086 0.974286 0.109199 28.814802 -0.008725 -0.109636 0.993933 1.184216 0.000000 0.000000 0.000000 1.000000
0.987054 -0.157103 -0.032312 -0.046880 0.159487 0.982726 0.093878 29.141403 0.017006 -0.097816 0.995059 1.225342 0.000000 0.000000 0.000000 1.000000
0.992075 -0.116673 -0.046638 -0.300021 0.119858 0.990131 0.072628 29.423384 0.037704 -0.077643 0.996268 1.251565 0.000000 0.000000 0.000000 1.000000
0.994466 -0.087397 -0.058310 -0.540581 0.090690 0.994278 0.056448 29.586720 0.053043 -0.061423 0.996701 1.259025 0.000000 0.000000 0.000000 1.000000
0.995051 -0.070294 -0.070228 -0.742988 0.073939 0.995972 0.050730 29.647427 0.066379 -0.055671 0.996240 1.251140 0.000000 0.000000 0.000000 1.000000
0.995059 -0.056070 -0.081934 -0.893089 0.060241 0.996962 0.049364 29.647552 0.078917 -0.054056 0.995415 1.231588 0.000000 0.000000 0.000000 1.000000
0.995087 -0.035868 -0.092273 -0.991001 0.040211 0.998148 0.045643 29.611700 0.090465 -0.049129 0.994687 1.211850 0.000000 0.000000 0.000000 1.000000
0.994628 -0.009863 -0.103039 -1.029668 0.014563 0.998883 0.044962 29.426641 0.102480 -0.046221 0.993661 1.200259 0.000000 0.000000 0.000000 1.000000
0.993161 0.013836 -0.115930 -1.018488 -0.007000 0.998224 0.059164 29.080900 0.116542 -0.057948 0.991494 1.197257 0.000000 0.000000 0.000000 1.000000
0.991236 0.028599 -0.128967 -0.957349 -0.017104 0.995852 0.089368 28.635744 0.130988 -0.086379 0.987614 1.191450 0.000000 0.000000 0.000000 1.000000
0.989392 0.031804 -0.141744 -0.851267 -0.014565 0.992541 0.121035 28.217726 0.144536 -0.117686 0.982476 1.178502 0.000000 0.000000 0.000000 1.000000
0.986588 0.026627 -0.161043 -0.711637 -0.004248 0.990460 0.137738 27.953033 0.163174 -0.135206 0.977289 1.177991 0.000000 0.000000 0.000000 1.000000
0.980522 0.018438 -0.195540 -0.552363 0.008055 0.990971 0.133834 27.913906 0.196243 -0.132802 0.971521 1.217401 0.000000 0.000000 0.000000 1.000000
0.969465 0.009131 -0.245060 -0.393521 0.019762 0.993148 0.115183 28.116917 0.244433 -0.116509 0.962641 1.299003 0.000000 0.000000 0.000000 1.000000
0.954345 -0.000064 -0.298708 -0.264486 0.028971 0.995306 0.092344 28.513872 0.297300 -0.096782 0.949866 1.396891 0.000000 0.000000 0.000000 1.000000
0.939003 -0.005279 -0.343869 -0.184162 0.032090 0.996865 0.072325 28.982248 0.342409 -0.078949 0.936228 1.480373 0.000000 0.000000 0.000000 1.000000
0.927469 -0.002944 -0.373889 -0.143339 0.026021 0.998053 0.056690 29.378658 0.372994 -0.062307 0.925739 1.531178 0.000000 0.000000 0.000000 1.000000
0.921154 0.006092 -0.389151 -0.120161 0.012160 0.998939 0.044422 29.622871 0.389009 -0.045652 0.920102 1.547978 0.000000 0.000000 0.000000 1.000000
0.918343 0.016307 -0.395450 -0.091710 -0.003367 0.999437 0.033395 29.665871 0.395772 -0.029337 0.917880 1.532793 0.000000 0.000000 0.000000 1.000000
0.915808 0.021211 -0.401055 -0.049924 -0.013582 0.999669 0.021856 29.595989 0.401386 -0.014568 0.915793 1.497836 0.000000 0.000000 0.000000 1.000000
0.911216 0.018764 -0.411501 -0.000979 -0.015381 0.999815 0.011531 29.553047 0.411641 -0.004178 0.911337 1.464166 0.000000 0.000000 0.000000 1.000000
0.904747 0.012932 -0.425754 0.044479 -0.010507 0.999912 0.008045 29.519903 0.425821 -0.002805 0.904803 1.442166 0.000000 0.000000 0.000000 1.000000
0.899013 0.009551 -0.437818 0.070049 -0.002476 0.999857 0.016726 29.471912 0.437915 -0.013953 0.898908 1.434919 0.000000 0.000000 0.000000 1.000000
0.896673 0.011279 -0.442550 0.070765 0.005945 0.999278 0.037514 29.404856 0.442654 -0.036268 0.895959 1.436877 0.000000 0.000000 0.000000 1.000000
0.897495 0.017428 -0.440680 0.053731 0.012025 0.997880 0.063955 29.289864 0.440860 -0.062698 0.895383 1.437557 0.000000 0.000000 0.000000 1.000000
0.898226 0.026554 -0.438732 0.027291 0.013280 0.996078 0.087476 29.113403 0.439334 -0.084399 0.894350 1.431618 0.000000 0.000000 0.000000 1.000000
0.895543 0.036652 -0.443464 -0.009338 0.009957 0.994702 0.102319 29.006702 0.444864 -0.096047 0.890433 1.427680 0.000000 0.000000 0.000000 1.000000
0.889098 0.044037 -0.455593 -0.040809 0.005251 0.994314 0.106355 29.011608 0.457686 -0.096952 0.883812 1.426579 0.000000 0.000000 0.000000 1.000000
0.882164 0.044572 -0.468829 -0.050840 0.002712 0.995014 0.099699 29.117199 0.470935 -0.089222 0.877645 1.428154 0.000000 0.000000 0.000000 1.000000
0.879823 0.036766 -0.473877 -0.034370 0.003862 0.996418 0.084478 29.262142 0.475285 -0.076156 0.876530 1.428490 0.000000 0.000000 0.000000 1.000000
0.886197 0.022933 -0.462741 0.013278 0.007998 0.997868 0.064770 29.377390 0.463240 -0.061100 0.884124 1.421636 0.000000 0.000000 0.000000 1.000000
0.901625 0.006412 -0.432472 0.103273 0.014464 0.998884 0.044965 29.430790 0.432277 -0.046797 0.900526 1.411992 0.000000 0.000000 0.000000 1.000000
0.921870 -0.011193 -0.387338 0.238538 0.023732 0.999337 0.027605 29.438631 0.386773 -0.034641 0.921524 1.419321 0.000000 0.000000 0.000000 1.000000
0.942114 -0.031516 -0.333807 0.408818 0.037822 0.999207 0.012406 29.426773 0.333152 -0.024313 0.942560 1.460702 0.000000 0.000000 0.000000 1.000000
0.960109 -0.059905 -0.273134 0.615660 0.061139 0.998121 -0.004001 29.386772 0.272861 -0.012858 0.961968 1.525611 0.000000 0.000000 0.000000 1.000000
0.973521 -0.102994 -0.204081 0.870647 0.099669 0.994667 -0.026535 29.243637 0.205725 0.005492 0.978594 1.574797 0.000000 0.000000 0.000000 1.000000
0.977924 -0.162117 -0.131841 1.152264 0.156062 0.986209 -0.055099 28.875513 0.138955 0.033307 0.989738 1.576822 0.000000 0.000000 0.000000 1.000000
0.970636 -0.230587 -0.068523 1.379645 0.225167 0.971152 -0.078508 28.198442 0.084649 0.060774 0.994556 1.542115 0.000000 0.000000 0.000000 1.000000
0.954727 -0.296822 -0.019816 1.440364 0.294461 0.952400 -0.078907 27.222870 0.042294 0.069499 0.996685 1.491657 0.000000 0.000000 0.000000 1.000000
0.938214 -0.344864 0.028713 1.350109 0.345846 0.937305 -0.043016 26.529591 -0.012078 0.050288 0.998662 1.450102 0.000000 0.000000 0.000000 1.000000
0.926339 -0.363385 0.099234 1.121182 0.362137 0.931611 0.030961 25.877079 -0.103698 0.007256 0.994582 1.410063 0.000000 0.000000 0.000000 1.000000
0.916940 -0.348574 0.194210 0.745102 0.328630 0.935754 0.127931 25.256119 -0.226327 -0.053482 0.972582 1.381357 0.000000 0.000000 0.000000 1.000000
0.907670 -0.296190 0.297332 0.257993 0.239163 0.947220 0.213483 24.808191 -0.344871 -0.122661 0.930601 1.384698 0.000000 0.000000 0.000000 1.000000
0.898248 -0.202630 0.389989 -0.300171 0.109057 0.962383 0.248846 24.477531 -0.425743 -0.180995 0.886557 1.396395 0.000000 0.000000 0.000000 1.000000
0.889746 -0.077909 0.449758 -0.840928 -0.026073 0.975043 0.220480 24.151846 -0.455711 -0.207897 0.865509 1.393129 0.000000 0.000000 0.000000 1.000000
0.889709 0.044327 0.454372 -1.281785 -0.128451 0.979373 0.155975 23.859673 -0.438086 -0.197136 0.877051 1.378250 0.000000 0.000000 0.000000 1.000000
0.906492 0.132061 0.401038 -1.615031 -0.185353 0.977877 0.096953 23.626209 -0.379362 -0.162221 0.910916 1.337009 0.000000 0.000000 0.000000 1.000000
0.934126 0.183510 0.306158 -1.839835 -0.211413 0.975534 0.060317 23.428507 -0.287598 -0.121070 0.950068 1.257424 0.000000 0.000000 0.000000 1.000000
0.958120 0.213035 0.191370 -1.941852 -0.223873 0.973929 0.036659 23.206596 -0.178571 -0.077966 0.980833 1.135501 0.000000 0.000000 0.000000 1.000000
0.970769 0.228491 0.073481 -1.879794 -0.230086 0.973071 0.013903 22.861490 -0.068326 -0.030404 0.997200 0.971627 0.000000 0.000000 0.000000 1.000000
0.973551 0.224390 -0.042991 -1.664515 -0.225064 0.974276 -0.011481 22.352909 0.039309 0.020853 0.999010 0.788967 0.000000 0.000000 0.000000 1.000000
0.967425 0.196187 -0.160001 -1.342495 -0.205047 0.977905 -0.040721 21.782110 0.148477 0.072202 0.986277 0.640216 0.000000 0.000000 0.000000 1.000000
0.951007 0.145269 -0.272915 -0.955308 -0.171739 0.982236 -0.075613 21.169399 0.257083 0.118779 0.959062 0.548635 0.000000 0.000000 0.000000 1.000000
0.926454 0.078930 -0.368038 -0.559258 -0.129287 0.985008 -0.114206 20.563595 0.353507 0.153390 0.922770 0.509992 0.000000 0.000000 0.000000 1.000000
0.901704 0.006865 -0.432298 -0.198581 -0.079315 0.985532 -0.149787 20.051479 0.425016 0.169351 0.889203 0.508737 0.000000 0.000000 0.000000 1.000000
0.885125 -0.064151 -0.460911 0.106825 -0.020573 0.984090 -0.176476 19.684282 0.464898 0.165686 0.869723 0.538868 0.000000 0.000000 0.000000 1.000000
0.879246 -0.130592 -0.458119 0.388530 0.044664 0.980053 -0.193653 19.410973 0.474270 0.149807 0.867540 0.594374 0.000000 0.000000 0.000000 1.000000
0.880117 -0.192331 -0.434054 0.658121 0.111860 0.972534 -0.204120 19.148598 0.461391 0.131096 0.877458 0.672231 0.000000 0.000000 0.000000 1.000000
0.883150 -0.246482 -0.399116 0.847000 0.174462 0.962381 -0.208293 18.847307 0.435442 0.114323 0.892928 0.773426 0.000000 0.000000 0.000000 1.000000
0.889841 -0.282630 -0.358195 0.976713 0.222900 0.954268 -0.199218 18.535233 0.398120 0.097431 0.912145 0.918644 0.000000 0.000000 0.000000 1.000000
0.903392 -0.298564 -0.307802 0.879411 0.257964 0.951772 -0.166087 18.125771 0.342544 0.070640 0.936842 1.114676 0.000000 0.000000 0.000000 1.000000
0.924397 -0.291958 -0.245461 0.613705 0.272906 0.955830 -0.109135 17.611946 0.266482 0.033897 0.963244 1.327593 0.000000 0.000000 0.000000 1.000000
0.948316 -0.267989 -0.169938 0.240694 0.264133 0.963420 -0.045340 17.082758 0.175872 -0.001890 0.984411 1.521434 0.000000 0.000000 0.000000 1.000000
0.969880 -0.228829 -0.083486 -0.195868 0.229974 0.973187 0.004238 16.566652 0.080278 -0.023310 0.996500 1.670299 0.000000 0.000000 0.000000 1.000000
0.984477 -0.175399 0.006362 -0.673685 0.175137 0.984091 0.029869 16.045662 -0.011500 -0.028291 0.999534 1.788862 0.000000 0.000000 0.000000 1.000000
0.990291 -0.108673 0.086678 -1.096203 0.106049 0.993768 0.034343 15.618280 -0.089870 -0.024817 0.995644 1.867267 0.000000 0.000000 0.000000 1.000000
0.989089 -0.037724 0.142407 -1.429458 0.034390 0.999075 0.025806 15.336432 -0.143249 -0.020627 0.989472 1.880832 0.000000 0.000000 0.000000 1.000000
0.986228 0.027518 0.163087 -1.684650 -0.029884 0.999481 0.012066 15.211073 -0.162670 -0.016773 0.986538 1.824835 0.000000 0.000000 0.000000 1.000000
0.985460 0.082419 0.148582 -1.888065 -0.082947 0.996550 -0.002650 15.230365 -0.148288 -0.009713 0.988897 1.714640 0.000000 0.000000 0.000000 1.000000
0.986008 0.126207 0.108907 -2.056594 -0.125003 0.991996 -0.017834 15.361831 -0.110286 0.003971 0.993892 1.551118 0.000000 0.000000 0.000000 1.000000
0.985447 0.159604 0.058482 -2.159691 -0.157869 0.986902 -0.033209 15.573677 -0.063016 0.023493 0.997736 1.327235 0.000000 0.000000 0.000000 1.000000
0.982639 0.185385 0.007287 -2.093894 -0.184851 0.981651 -0.046813 15.793336 -0.015832 0.044653 0.998877 1.055907 0.000000 0.000000 0.000000 1.000000
0.979491 0.196822 -0.043107 -1.939002 -0.199164 0.978174 -0.059235 16.081083 0.030507 0.066605 0.997313 0.776270 0.000000 0.000000 0.000000 1.000000
0.976503 0.192861 -0.096154 -1.735211 -0.200230 0.976956 -0.073930 16.407110 0.079680 0.091446 0.992617 0.526204 0.000000 0.000000 0.000000 1.000000
0.971701 0.179144 -0.153965 -1.461737 -0.194661 0.976515 -0.092330 16.805984 0.133809 0.119689 0.983753 0.330737 0.000000 0.000000 0.000000 1.000000
0.963536 0.159005 -0.215213 -1.097143 -0.186444 0.975859 -0.113747 17.277950 0.191931 0.149724 0.969920 0.199584 0.000000 0.000000 0.000000 1.000000
0.952100 0.130634 -0.276478 -0.642966 -0.174269 0.974758 -0.139561 17.808804 0.251268 0.181058 0.950833 0.131379 0.000000 0.000000 0.000000 1.000000
0.938939 0.085373 -0.333323 -0.163646 -0.150051 0.973358 -0.173375 18.356827 0.309641 0.212804 0.926734 0.119996 0.000000 0.000000 0.000000 1.000000
0.924270 0.015084 -0.381442 0.314087 -0.104439 0.971088 -0.214663 18.899284 0.367176 0.238244 0.899123 0.148093 0.000000 0.000000 0.000000 1.000000
0.905753 -0.079682 -0.416247 0.760738 -0.032294 0.966334 -0.255258 19.394053 0.422573 0.244643 0.872687 0.245992 0.000000 0.000000 0.000000 1.000000
0.882254 -0.179891 -0.435049 1.073387 0.055403 0.957367 -0.283514 19.789936 0.467502 0.226028 0.854607 0.438317 0.000000 0.000000 0.000000 1.000000
0.862638 -0.249822 -0.439823 1.322936 0.125298 0.947960 -0.292697 20.169352 0.490057 0.197382 0.849049 0.686528 0.000000 0.000000 0.000000 1.000000
0.861036 -0.273071 -0.429010 1.507458 0.157272 0.945234 -0.286004 20.578033 0.483614 0.178788 0.856827 0.945505 0.000000 0.000000 0.000000 1.000000
0.878509 -0.261693 -0.399674 1.588086 0.159777 0.949389 -0.270428 21.041180 0.450215 0.173715 0.875859 1.173854 0.000000 0.000000 0.000000 1.000000
0.904917 -0.235766 -0.354314 1.558463 0.153727 0.957399 -0.244450 21.617224 0.396853 0.166739 0.902610 1.357255 0.000000 0.000000 0.000000 1.000000
0.931638 -0.203409 -0.301125 1.444625 0.146792 0.968696 -0.200198 22.373264 0.332421 0.142309 0.932333 1.516993 0.000000 0.000000 0.000000 1.000000
0.952957 -0.162251 -0.256023 1.287827 0.129568 0.981660 -0.139843 23.354286 0.274017 0.100092 0.956502 1.679010 0.000000 0.000000 0.000000 1.000000
0.965284 -0.113888 -0.235065 1.118003 0.097648 0.992029 -0.079645 24.563128 0.242262 0.053926 0.968711 1.855663 0.000000 0.000000 0.000000 1.000000
0.968163 -0.070632 -0.240150 0.926676 0.064197 0.997340 -0.034523 25.891008 0.241950 0.018007 0.970122 2.019247 0.000000 0.000000 0.000000 1.000000
0.965136 -0.046887 -0.257517 0.686699 0.046151 0.998895 -0.008906 27.145008 0.257650 -0.003289 0.966233 2.101391 0.000000 0.000000 0.000000 1.000000
0.962144 -0.039917 -0.269602 0.522223 0.041345 0.999145 -0.000382 28.925138 0.269387 -0.010779 0.962972 2.051634 0.000000 0.000000 0.000000 1.000000
0.961800 -0.043642 -0.270253 0.415439 0.044761 0.998996 -0.002024 30.219471 0.270070 -0.010150 0.962787 1.845209 0.000000 0.000000 0.000000 1.000000
0.963039 -0.046765 -0.265270 0.373341 0.047575 0.998862 -0.003373 31.060806 0.265126 -0.009372 0.964168 1.565076 0.000000 0.000000 0.000000 1.000000
0.964165 -0.047217 -0.261067 0.343002 0.050092 0.998735 0.004366 31.476398 0.260531 -0.017287 0.965311 1.290916 0.000000 0.000000 0.000000 1.000000
0.964911 -0.047594 -0.258226 0.286705 0.055166 0.998231 0.022152 31.558081 0.256715 -0.035620 0.965830 1.076289 0.000000 0.000000 0.000000 1.000000
0.965758 -0.050911 -0.254399 0.212549 0.063550 0.997107 0.041705 31.361614 0.251539 -0.056444 0.966200 0.917790 0.000000 0.000000 0.000000 1.000000
0.966939 -0.059052 -0.248076 0.139922 0.074997 0.995648 0.055319 30.891117 0.243730 -0.072095 0.967160 0.787504 0.000000 0.000000 0.000000 1.000000
0.968365 -0.066050 -0.240638 0.070071 0.084548 0.994140 0.067361 30.087830 0.234778 -0.085576 0.968275 0.651953 0.000000 0.000000 0.000000 1.000000
0.970041 -0.059459 -0.235554 0.017242 0.082226 0.992718 0.088030 29.280102 0.228605 -0.104761 0.967866 0.502660 0.000000 0.000000 0.000000 1.000000
0.972369 -0.038686 -0.230223 0.037953 0.066568 0.991178 0.114604 28.419935 0.223759 -0.126763 0.966366 0.332761 0.000000 0.000000 0.000000 1.000000
