<?xml version="1.0" encoding="utf-8"?>
<COLLADA xmlns="http://www.collada.org/2005/11/COLLADASchema" version="1.4.1">
  <asset><contributor><author>Mixamo</author><authoring_tool>COLLADA Mixamo exporter</authoring_tool><comments></comments></contributor><created>2020-03-17T13:18:27Z</created><modified>2020-03-17T13:18:27Z</modified><revision></revision><title></title><unit meter="0.010000"/><up_axis>Y_UP</up_axis></asset>
  <library_animations>
    <animation id="mixamorig_Hips-anim" name="mixamorig_Hips"><source id="mixamorig_Hips-Matrix-animation-input"><float_array id="mixamorig_Hips-Matrix-animation-input-array" count="35">

0.000000 0.033333 0.066667 0.100000 0.133333 0.166667 0.200000 0.233333 0.266667 0.300000 0.333333 0.366667 0.400000 0.433333 0.466667 0.500000
0.533333 0.566667 0.600000 0.633333 0.666667 0.700000 0.733333 0.766667 0.800000 0.833333 0.866667 0.900000 0.933333 0.966667 1.000000 1.033333
1.066667 1.100000 1.133333</float_array><technique_common><accessor source="#mixamorig_Hips-Matrix-animation-input-array" count="35"><param name="TIME" type="float"/></accessor></technique_common></source><source id="mixamorig_Hips-Matrix-animation-output-transform"><float_array id="mixamorig_Hips-Matrix-animation-output-transform-array" count="560">

-0.962654 -0.010403 0.270536 -1.111552 0.013029 0.996324 0.084673 16.167341 -0.270422 0.085035 -0.958979 0.852905 0.000000 0.000000 0.000000 1.000000
-0.958553 -0.018364 0.284322 -1.148764 0.001701 0.997534 0.070165 16.167404 -0.284909 0.067740 -0.956158 0.900193 0.000000 0.000000 0.000000 1.000000
-0.925017 -0.036135 0.378203 -1.183797 -0.013611 0.997979 0.062062 16.181000 -0.379681 0.052261 -0.923640 1.074433 0.000000 0.000000 0.000000 1.000000
-0.840674 -0.060332 0.538171 -1.231177 -0.029021 0.997366 0.066476 16.231121 -0.540764 0.040266 -0.840210 1.349961 0.000000 0.000000 0.000000 1.000000
-0.707278 -0.080625 0.702323 -1.272505 -0.037304 0.996348 0.076812 16.297548 -0.705951 0.028128 -0.707702 1.661415 0.000000 0.000000 0.000000 1.000000
-0.518979 -0.084990 0.850551 -1.285685 -0.025577 0.996143 0.083931 16.390013 -0.854404 0.021804 -0.519151 2.009256 0.000000 0.000000 0.000000 1.000000
-0.284704 -0.073930 0.955761 -1.262271 0.006053 0.996863 0.078912 16.517666 -0.958596 0.028252 -0.283363 2.400083 0.000000 0.000000 0.000000 1.000000
-0.150249 -0.051558 0.987303 -1.238947 0.032208 0.997854 0.057010 16.536390 -0.988123 0.040365 -0.148266 2.639719 0.000000 0.000000 0.000000 1.000000
-0.102106 -0.035171 0.994152 -1.211443 0.047878 0.998043 0.040226 16.494505 -0.993621 0.051706 -0.100222 2.802682 0.000000 0.000000 0.000000 1.000000
-0.086949 -0.023096 0.995945 -1.175239 0.059456 0.997829 0.028331 16.442995 -0.994437 0.061679 -0.085387 2.941590 0.000000 0.000000 0.000000 1.000000
-0.078938 -0.012187 0.996805 -1.129788 0.070121 0.997381 0.017747 16.400364 -0.994410 0.071298 -0.077876 3.075277 0.000000 0.000000 0.000000 1.000000
-0.072480 -0.001792 0.997368 -1.072513 0.080510 0.996725 0.007641 16.373236 -0.994115 0.080852 -0.072098 3.207492 0.000000 0.000000 0.000000 1.000000
-0.066490 0.007876 0.997756 -0.999970 0.091294 0.995822 -0.001777 16.353298 -0.993602 0.090971 -0.066931 3.345520 0.000000 0.000000 0.000000 1.000000
-0.061706 0.014340 0.997991 -0.910783 0.101230 0.994831 -0.008035 16.344242 -0.992948 0.100531 -0.062839 3.487984 0.000000 0.000000 0.000000 1.000000
-0.063270 0.007156 0.997971 -0.817542 0.104258 0.994550 -0.000521 16.345882 -0.992536 0.104013 -0.063672 3.623935 0.000000 0.000000 0.000000 1.000000
-0.068753 0.001191 0.997633 -0.733845 0.106273 0.994318 0.006137 16.350990 -0.991957 0.106443 -0.068489 3.711606 0.000000 0.000000 0.000000 1.000000
-0.079153 -0.002445 0.996859 -0.661442 0.107509 0.994144 0.010974 16.344389 -0.991048 0.108040 -0.078427 3.746258 0.000000 0.000000 0.000000 1.000000
-0.091466 -0.005830 0.995791 -0.587137 0.108473 0.993974 0.015782 16.339470 -0.989883 0.109460 -0.090282 3.771320 0.000000 0.000000 0.000000 1.000000
-0.108125 -0.009653 0.994090 -0.511504 0.108682 0.993845 0.021472 16.331776 -0.988179 0.110361 -0.106410 3.783975 0.000000 0.000000 0.000000 1.000000
-0.146228 -0.016289 0.989117 -0.445551 0.104712 0.993992 0.031850 16.285385 -0.983693 0.108229 -0.143644 3.731470 0.000000 0.000000 0.000000 1.000000
-0.212901 -0.027165 0.976696 -0.390422 0.094945 0.994308 0.048351 16.193821 -0.972450 0.103027 -0.209110 3.594600 0.000000 0.000000 0.000000 1.000000
-0.283142 -0.038986 0.958285 -0.330311 0.083872 0.994339 0.065235 16.114494 -0.955404 0.098844 -0.278269 3.458828 0.000000 0.000000 0.000000 1.000000
-0.361212 -0.051812 0.931043 -0.264985 0.070881 0.994041 0.082817 16.050711 -0.929786 0.095908 -0.355387 3.322877 0.000000 0.000000 0.000000 1.000000
-0.486251 -0.068787 0.871108 -0.198498 0.048086 0.993280 0.105275 16.024858 -0.872495 0.093078 -0.479676 3.163337 0.000000 0.000000 0.000000 1.000000
-0.636990 -0.085936 0.766067 -0.138867 0.014726 0.992229 0.123551 16.012091 -0.770731 0.089982 -0.630775 2.947574 0.000000 0.000000 0.000000 1.000000
-0.757444 -0.092699 0.646286 -0.104639 -0.012601 0.991761 0.127484 16.000450 -0.652779 0.088418 -0.752371 2.697592 0.000000 0.000000 0.000000 1.000000
-0.840843 -0.091297 0.533524 -0.105344 -0.029442 0.991928 0.123338 15.963136 -0.540477 0.088000 -0.836744 2.404979 0.000000 0.000000 0.000000 1.000000
-0.890435 -0.086656 0.446785 -0.144594 -0.036813 0.992203 0.119075 15.914006 -0.453620 0.089581 -0.886682 2.102139 0.000000 0.000000 0.000000 1.000000
-0.922657 -0.079036 0.377434 -0.201918 -0.037713 0.992573 0.115656 15.852524 -0.383772 0.092476 -0.918786 1.808776 0.000000 0.000000 0.000000 1.000000
-0.943596 -0.065627 0.324529 -0.276191 -0.030758 0.993296 0.111436 15.771915 -0.329666 0.095169 -0.939289 1.574382 0.000000 0.000000 0.000000 1.000000
-0.953026 -0.046773 0.299256 -0.396209 -0.016237 0.994473 0.103727 15.756599 -0.302454 0.093996 -0.948518 1.395410 0.000000 0.000000 0.000000 1.000000
-0.958803 -0.034512 0.281968 -0.550827 -0.007720 0.995392 0.095582 15.850969 -0.283967 0.089467 -0.954651 1.187363 0.000000 0.000000 0.000000 1.000000
-0.959539 -0.026061 0.280369 -0.741140 -0.000388 0.995829 0.091238 15.973314 -0.281577 0.087437 -0.955547 1.041070 0.000000 0.000000 0.000000 1.000000
-0.960060 -0.017996 0.279215 -0.936331 0.006933 0.996093 0.088039 16.081039 -0.279708 0.086458 -0.956184 0.944691 0.000000 0.000000 0.000000 1.000000
-0.962654 -0.010403 0.270536 -1.111552 0.013029 0.996324 0.084673 16.167341 -0.270422 0.085035 -0.958979 0.852905 0.000000 0.000000 0.000000 1.000000</float_array><technique_common><accessor source="#mixamorig_Hips-Matrix-animation-output-transform-array" count="35" stride="16"><param type="float4x4"/></accessor></technique_common></source><source id="mixamorig_Hips-Interpolations"><Name_array id="mixamorig_Hips-Interpolations-array" count="35">
 LINEAR LINEAR LINEAR LINEAR LINEAR LINEAR LINEAR LINEAR LINEAR LINEAR LINEAR
LINEAR LINEAR LINEAR LINEAR LINEAR LINEAR LINEAR LINEAR LINEAR LINEAR LINEAR LINEAR
LINEAR LINEAR LINEAR LINEAR LINEAR LINEAR LINEAR LINEAR LINEAR LINEAR LINEAR LINEAR</Name_array><technique_common><accessor source="#mixamorig_Hips-Interpolations-array" count="35"><param type="name"/></accessor></technique_common></source><sampler id="mixamorig_Hips-Matrix-animation-transform"><input semantic="INPUT" source="#mixamorig_Hips-Matrix-animation-input"/><input semantic="OUTPUT" source="#mixamorig_Hips-Matrix-animation-output-transform"/><input semantic="INTERPOLATION" source="#mixamorig_Hips-Interpolations"/></sampler><channel source="#mixamorig_Hips-Matrix-animation-transform" target="mixamorig_Hips/matrix"/></animation>
    <animation id="mixamorig_Spine-anim" name="mixamorig_Spine"><source id="mixamorig_Spine-Matrix-animation-input"><float_array id="mixamorig_Spine-Matrix-animation-input-array" count="35">

0.000000 0.033333 0.066667 0.100000 0.133333 0.166667 0.200000 0.233333 0.266667 0.300000 0.333333 0.366667 0.400000 0.433333 0.466667 0.500000
0.533333 0.566667 0.600000 0.633333 0.666667 0.700000 0.733333 0.766667 0.800000 0.833333 0.866667 0.900000 0.933333 0.966667 1.000000 1.033333
1.066667 1.100000 1.133333</float_array><technique_common><accessor source="#mixamorig_Spine-Matrix-animation-input-array" count="35"><param name="TIME" type="float"/></accessor></technique_common></source><source id="mixamorig_Spine-Matrix-animation-output-transform"><float_array id="mixamorig_Spine-Matrix-animation-output-transform-array" count="560">

0.997180 0.009632 0.074422 -0.000000 -0.017099 0.994804 0.100360 2.185200 -0.073069 -0.101350 0.992164 0.680800 0.000000 0.000000 0.000000 1.000000
0.996303 0.007862 0.085552 0.000000 -0.013591 0.997688 0.066593 2.185200 -0.084831 -0.067510 0.994106 0.680800 0.000000 0.000000 0.000000 1.000000
0.992836 0.010203 0.119052 0.000000 -0.012313 0.999780 0.017005 2.185200 -0.118852 -0.018349 0.992742 0.680800 0.000000 0.000000 0.000000 1.000000
0.982620 0.025472 0.183875 0.000000 -0.016825 0.998685 -0.048434 2.185200 -0.184866 0.044498 0.981756 0.680800 0.000000 0.000000 0.000000 1.000000
0.963278 0.045356 0.264649 0.000000 -0.014997 0.993179 -0.115628 2.185200 -0.268089 0.107413 0.957388 0.680800 0.000000 0.000000 0.000000 1.000000
0.933821 0.071593 0.350504 0.000000 -0.007920 0.983667 -0.179821 2.185200 -0.357654 0.165145 0.919136 0.680800 0.000000 0.000000 0.000000 1.000000
0.906473 0.115200 0.406246 0.000000 -0.019746 0.972579 -0.231735 2.185200 -0.421802 0.202039 0.883891 0.680800 0.000000 0.000000 0.000000 1.000000
0.899135 0.138180 0.415285 0.000000 -0.030213 0.966186 -0.256069 2.185200 -0.436626 0.217694 0.872907 0.680800 0.000000 0.000000 0.000000 1.000000
0.920659 0.109976 0.374556 0.000000 -0.013942 0.968146 -0.249996 2.185200 -0.390119 0.224939 0.892866 0.680800 0.000000 0.000000 0.000000 1.000000
0.958096 0.031043 0.284761 0.000000 0.035912 0.973250 -0.226925 2.185200 -0.284188 0.227642 0.931352 0.680800 0.000000 0.000000 0.000000 1.000000
0.980094 -0.041992 0.194041 0.000000 0.083376 0.974068 -0.210331 2.185200 -0.180177 0.222323 0.958180 0.680800 0.000000 0.000000 0.000000 1.000000
0.987134 -0.064004 0.146525 -0.000000 0.091730 0.977275 -0.191098 2.185200 -0.130964 0.202080 0.970573 0.680800 0.000000 0.000000 0.000000 1.000000
0.987949 -0.068012 0.139036 0.000000 0.092592 0.979522 -0.178785 2.185200 -0.124029 0.189504 0.974015 0.680800 0.000000 0.000000 0.000000 1.000000
0.986783 -0.066349 0.147845 0.000000 0.091652 0.980909 -0.171516 2.185200 -0.133642 0.182800 0.974025 0.680800 0.000000 0.000000 0.000000 1.000000
0.986361 -0.062546 0.152251 -0.000000 0.088189 0.981838 -0.167982 2.185200 -0.138979 0.179117 0.973962 0.680800 0.000000 0.000000 0.000000 1.000000
0.987368 -0.060088 0.146607 0.000000 0.084479 0.982453 -0.166283 2.185200 -0.134043 0.176568 0.975119 0.680800 0.000000 0.000000 0.000000 1.000000
0.987301 -0.059496 0.147297 -0.000000 0.083397 0.983288 -0.161829 2.185200 -0.135207 0.172058 0.975764 0.680800 0.000000 0.000000 0.000000 1.000000
0.987014 -0.058960 0.149421 -0.000000 0.082526 0.984179 -0.156785 2.185200 -0.137813 0.167080 0.976264 0.680800 0.000000 0.000000 0.000000 1.000000
0.986708 -0.057674 0.151925 0.000000 0.080901 0.985149 -0.151445 2.185200 -0.140934 0.161723 0.976721 0.680800 0.000000 0.000000 0.000000 1.000000
0.986513 -0.052733 0.154954 0.000000 0.075520 0.986536 -0.145063 2.185200 -0.145218 0.154809 0.977213 0.680800 0.000000 0.000000 0.000000 1.000000
0.986451 -0.042375 0.158486 -0.000000 0.064542 0.988404 -0.137449 2.185200 -0.150824 0.145816 0.977747 0.680800 0.000000 0.000000 0.000000 1.000000
0.986246 -0.030508 0.162443 -0.000000 0.052052 0.990138 -0.130070 2.185200 -0.156873 0.136736 0.978107 0.680800 0.000000 0.000000 0.000000 1.000000
0.985530 -0.015300 0.168808 0.000000 0.036628 0.991610 -0.123966 2.185200 -0.165495 0.128355 0.977822 0.680800 0.000000 0.000000 0.000000 1.000000
0.982585 0.012827 0.185373 0.000000 0.010298 0.992322 -0.123248 2.185200 -0.185531 0.123011 0.974909 0.680800 0.000000 0.000000 0.000000 1.000000
0.982803 0.037640 0.180778 -0.000000 -0.016627 0.993067 -0.116372 2.185200 -0.183905 0.111365 0.976615 0.680800 0.000000 0.000000 0.000000 1.000000
0.986241 0.059630 0.154187 0.000000 -0.044365 0.993936 -0.100616 2.185200 -0.159252 0.092391 0.982905 0.680800 0.000000 0.000000 0.000000 1.000000
0.990007 0.083986 0.113281 0.000000 -0.075479 0.994138 -0.077409 2.185200 -0.119118 0.068085 0.990543 0.680800 0.000000 0.000000 0.000000 1.000000
0.994389 0.083323 0.065179 0.000000 -0.080091 0.995496 -0.050727 2.185200 -0.069112 0.045222 0.996583 0.680800 0.000000 0.000000 0.000000 1.000000
0.996718 0.075476 0.029264 0.000000 -0.074743 0.996879 -0.025397 2.185200 -0.031090 0.023126 0.999249 0.680800 0.000000 0.000000 0.000000 1.000000
0.997322 0.072085 0.012333 -0.000000 -0.072080 0.997398 -0.000836 2.185200 -0.012361 -0.000055 0.999924 0.680800 0.000000 0.000000 0.000000 1.000000
0.997417 0.071650 0.005078 -0.000000 -0.071754 0.997123 0.024450 2.185200 -0.003312 -0.024751 0.999688 0.680800 0.000000 0.000000 0.000000 1.000000
0.997918 0.061847 0.018313 0.000000 -0.062682 0.996819 0.049213 2.185200 -0.015211 -0.050258 0.998620 0.680800 0.000000 0.000000 0.000000 1.000000
0.998044 0.043703 0.044710 0.000000 -0.046490 0.996911 0.063301 2.185200 -0.041806 -0.065255 0.996992 0.680800 0.000000 0.000000 0.000000 1.000000
0.997685 0.026409 0.062660 -0.000000 -0.031438 0.996244 0.080684 2.185200 -0.060294 -0.082467 0.994768 0.680800 0.000000 0.000000 0.000000 1.000000
0.997180 0.009632 0.074423 0.000000 -0.017099 0.994804 0.100360 2.185200 -0.073069 -0.101350 0.992164 0.680800 0.000000 0.000000 0.000000 1.000000</float_array><technique_common><accessor source="#mixamorig_Spine-Matrix-animation-output-transform-array" count="35" stride="16"><param type="float4x4"/></accessor></technique_common></source><source id="mixamorig_Spine-Interpolations"><Name_array id="mixamorig_Spine-Interpolations-array" count="35">
 LINEAR LINEAR LINEAR LINEAR LINEAR LINEAR LINEAR LINEAR LINEAR LINEAR LINEAR
LINEAR LINEAR LINEAR LINEAR LINEAR LINEAR LINEAR LINEAR LINEAR LINEAR LINEAR LINEAR
LINEAR LINEAR LINEAR LINEAR LINEAR LINEAR LINEAR LINEAR LINEAR LINEAR LINEAR LINEAR</Name_array><technique_common><accessor source="#mixamorig_Spine-Interpolations-array" count="35"><param type="name"/></accessor></technique_common></source><sampler id="mixamorig_Spine-Matrix-animation-transform"><input semantic="INPUT" source="#mixamorig_Spine-Matrix-animation-input"/><input semantic="OUTPUT" source="#mixamorig_Spine-Matrix-animation-output-transform"/><input semantic="INTERPOLATION" source="#mixamorig_Spine-Interpolations"/></sampler><channel source="#mixamorig_Spine-Matrix-animation-transform" target="mixamorig_Spine/matrix"/></animation>
    <animation id="mixamorig_Spine1-anim" name="mixamorig_Spine1"><source id="mixamorig_Spine1-Matrix-animation-input"><float_array id="mixamorig_Spine1-Matrix-animation-input-array" count="35">

0.000000 0.033333 0.066667 0.100000 0.133333 0.166667 0.200000 0.233333 0.266667 0.300000 0.333333 0.366667 0.400000 0.433333 0.466667 0.500000
0.533333 0.566667 0.600000 0.633333 0.666667 0.700000 0.733333 0.766667 0.800000 0.833333 0.866667 0.900000 0.933333 0.966667 1.000000 1.033333
1.066667 1.100000 1.133333</float_array><technique_common><accessor source="#mixamorig_Spine1-Matrix-animation-input-array" count="35"><param name="TIME" type="float"/></accessor></technique_common></source><source id="mixamorig_Spine1-Matrix-animation-output-transform"><float_array id="mixamorig_Spine1-Matrix-animation-output-transform-array" count="560">

0.999658 -0.007570 0.025030 0.000000 0.005944 0.997904 0.064432 2.670200 -0.025465 -0.064261 0.997608 0.000000 0.000000 0.000000 0.000000 1.000000
0.999536 -0.010538 0.028582 0.000000 0.008956 0.998451 0.054912 2.670200 -0.029116 -0.054630 0.998082 0.000000 0.000000 0.000000 0.000000 1.000000
0.999140 -0.014371 0.038890 -0.000000 0.012655 0.998951 0.044008 2.670200 -0.039481 -0.043478 0.998274 0.000000 0.000000 0.000000 0.000000 1.000000
0.998173 -0.016696 0.058069 -0.000000 0.014916 0.999410 0.030951 2.670200 -0.058552 -0.030029 0.997833 0.000000 0.000000 0.000000 0.000000 1.000000
0.996635 -0.013261 0.080883 0.000000 0.012041 0.999807 0.015555 2.670200 -0.081074 -0.014528 0.996602 0.000000 0.000000 0.000000 0.000000 1.000000
0.994304 -0.010114 0.106098 -0.000000 0.009744 0.999945 0.004005 2.670200 -0.106133 -0.002948 0.994348 0.000000 0.000000 0.000000 0.000000 1.000000
0.992463 -0.001463 0.122538 0.000000 0.001929 0.999991 -0.003685 2.670200 -0.122531 0.003893 0.992457 0.000000 0.000000 0.000000 0.000000 1.000000
0.992270 0.013821 0.123326 0.000000 -0.012942 0.999885 -0.007929 2.670200 -0.123422 0.006271 0.992334 0.000000 0.000000 0.000000 0.000000 1.000000
0.993910 0.023823 0.107591 0.000000 -0.023053 0.999699 -0.008394 2.670200 -0.107758 0.005863 0.994160 0.000000 0.000000 0.000000 0.000000 1.000000
0.996680 0.025438 0.077344 0.000000 -0.025088 0.999670 -0.005498 2.670200 -0.077458 0.003539 0.996989 0.000000 0.000000 0.000000 0.000000 1.000000
0.998513 0.024578 0.048660 -0.000000 -0.024462 0.999696 -0.002980 2.670200 -0.048718 0.001785 0.998811 -0.000000 0.000000 0.000000 0.000000 1.000000
0.999151 0.021840 0.034919 0.000000 -0.021742 0.999758 -0.003204 2.670200 -0.034980 0.002442 0.999385 -0.000000 0.000000 0.000000 0.000000 1.000000
0.999245 0.020373 0.033082 0.000000 -0.020252 0.999787 -0.003966 2.670200 -0.033156 0.003293 0.999445 0.000000 0.000000 0.000000 0.000000 1.000000
0.999160 0.019637 0.035970 0.000000 -0.019480 0.999799 -0.004731 2.670200 -0.036055 0.004026 0.999342 0.000000 0.000000 0.000000 0.000000 1.000000
0.999116 0.018654 0.037662 -0.000000 -0.018459 0.999814 -0.005512 2.670200 -0.037758 0.004811 0.999275 0.000000 0.000000 0.000000 0.000000 1.000000
0.999184 0.017436 0.036442 -0.000000 -0.017221 0.999832 -0.006218 2.670200 -0.036545 0.005585 0.999316 0.000000 0.000000 0.000000 0.000000 1.000000
0.999178 0.017274 0.036684 -0.000000 -0.017043 0.999833 -0.006604 2.670200 -0.036792 0.005974 0.999305 0.000000 0.000000 0.000000 0.000000 1.000000
0.999155 0.017352 0.037260 -0.000000 -0.017105 0.999830 -0.006928 2.670200 -0.037374 0.006284 0.999282 0.000000 0.000000 0.000000 0.000000 1.000000
0.999128 0.017494 0.037923 0.000000 -0.017232 0.999825 -0.007236 2.670200 -0.038043 0.006576 0.999254 0.000000 0.000000 0.000000 0.000000 1.000000
0.999093 0.017670 0.038733 0.000000 -0.017391 0.999820 -0.007524 2.670200 -0.038859 0.006844 0.999221 0.000000 0.000000 0.000000 0.000000 1.000000
0.999050 0.017846 0.039746 0.000000 -0.017550 0.999816 -0.007788 2.670200 -0.039878 0.007083 0.999179 0.000000 0.000000 0.000000 0.000000 1.000000
0.998999 0.017932 0.040987 -0.000000 -0.017618 0.999813 -0.007996 2.670200 -0.041122 0.007266 0.999128 0.000000 0.000000 0.000000 0.000000 1.000000
0.998915 0.017383 0.043212 0.000000 -0.017056 0.999823 -0.007925 2.670200 -0.043342 0.007180 0.999035 0.000000 0.000000 0.000000 0.000000 1.000000
0.998672 0.013156 0.049802 0.000000 -0.012859 0.999898 -0.006292 2.670200 -0.049879 0.005643 0.998739 0.000000 0.000000 0.000000 0.000000 1.000000
0.998674 0.006391 0.051078 0.000000 -0.006205 0.999973 -0.003813 2.670200 -0.051101 0.003491 0.998687 0.000000 0.000000 0.000000 0.000000 1.000000
0.998960 0.000846 0.045587 0.000000 -0.000776 0.999998 -0.001549 2.670200 -0.045588 0.001512 0.998959 0.000000 0.000000 0.000000 0.000000 1.000000
0.999374 -0.002892 0.035263 0.000000 0.002883 0.999996 0.000325 2.670200 -0.035264 -0.000223 0.999378 0.000000 0.000000 0.000000 0.000000 1.000000
0.999735 -0.005842 0.022257 0.000000 0.005748 0.999974 0.004263 2.670200 -0.022281 -0.004134 0.999743 0.000000 0.000000 0.000000 0.000000 1.000000
0.999892 -0.007915 0.012390 0.000000 0.007788 0.999918 0.010196 2.670200 -0.012469 -0.010098 0.999871 0.000000 0.000000 0.000000 0.000000 1.000000
0.999937 -0.008542 0.007305 0.000000 0.008409 0.999801 0.018088 2.670200 -0.007459 -0.018026 0.999810 0.000000 0.000000 0.000000 0.000000 1.000000
0.999953 -0.008416 0.004711 -0.000000 0.008287 0.999603 0.026928 2.670200 -0.004936 -0.026888 0.999626 -0.000000 0.000000 0.000000 0.000000 1.000000
0.999940 -0.007192 0.008203 -0.000000 0.006883 0.999288 0.037099 2.670200 -0.008464 -0.037040 0.999278 0.000000 0.000000 0.000000 0.000000 1.000000
0.999859 -0.006102 0.015646 0.000000 0.005369 0.998907 0.046434 2.670200 -0.015912 -0.046343 0.998799 0.000000 0.000000 0.000000 0.000000 1.000000
0.999757 -0.006442 0.021098 0.000000 0.005253 0.998420 0.055942 2.670200 -0.021425 -0.055818 0.998211 0.000000 0.000000 0.000000 0.000000 1.000000
0.999658 -0.007570 0.025030 0.000000 0.005944 0.997904 0.064432 2.670200 -0.025465 -0.064261 0.997608 0.000000 0.000000 0.000000 0.000000 1.000000</float_array><technique_common><accessor source="#mixamorig_Spine1-Matrix-animation-output-transform-array" count="35" stride="16"><param type="float4x4"/></accessor></technique_common></source><source id="mixamorig_Spine1-Interpolations"><Name_array id="mixamorig_Spine1-Interpolations-array" count="35">
 LINEAR LINEAR LINEAR LINEAR LINEAR LINEAR LINEAR LINEAR LINEAR LINEAR LINEAR
LINEAR LINEAR LINEAR LINEAR LINEAR LINEAR LINEAR LINEAR LINEAR LINEAR LINEAR LINEAR
LINEAR LINEAR LINEAR LINEAR LINEAR LINEAR LINEAR LINEAR LINEAR LINEAR LINEAR LINEAR</Name_array><technique_common><accessor source="#mixamorig_Spine1-Interpolations-array" count="35"><param type="name"/></accessor></technique_common></source><sampler id="mixamorig_Spine1-Matrix-animation-transform"><input semantic="INPUT" source="#mixamorig_Spine1-Matrix-animation-input"/><input semantic="OUTPUT" source="#mixamorig_Spine1-Matrix-animation-output-transform"/><input semantic="INTERPOLATION" source="#mixamorig_Spine1-Interpolations"/></sampler><channel source="#mixamorig_Spine1-Matrix-animation-transform" target="mixamorig_Spine1/matrix"/></animation>
    <animation id="mixamorig_Spine2-anim" name="mixamorig_Spine2"><source id="mixamorig_Spine2-Matrix-animation-input"><float_array id="mixamorig_Spine2-Matrix-animation-input-array" count="35">

0.000000 0.033333 0.066667 0.100000 0.133333 0.166667 0.200000 0.233333 0.266667 0.300000 0.333333 0.366667 0.400000 0.433333 0.466667 0.500000
0.533333 0.566667 0.600000 0.633333 0.666667 0.700000 0.733333 0.766667 0.800000 0.833333 0.866667 0.900000 0.933333 0.966667 1.000000 1.033333
1.066667 1.100000 1.133333</float_array><technique_common><accessor source="#mixamorig_Spine2-Matrix-animation-input-array" count="35"><param name="TIME" type="float"/></accessor></technique_common></source><source id="mixamorig_Spine2-Matrix-animation-output-transform"><float_array id="mixamorig_Spine2-Matrix-animation-output-transform-array" count="560">

0.999628 -0.007272 0.026281 -0.000000 0.005569 0.997915 0.064301 3.051700 -0.026694 -0.064130 0.997584 0.000000 0.000000 0.000000 0.000000 1.000000
0.999501 -0.010391 0.029827 0.000000 0.008748 0.998465 0.054694 3.051700 -0.030350 -0.054406 0.998058 0.000000 0.000000 0.000000 0.000000 1.000000
0.999089 -0.014476 0.040157 -0.000000 0.012723 0.998969 0.043574 3.051700 -0.040746 -0.043023 0.998243 0.000000 0.000000 0.000000 0.000000 1.000000
0.998094 -0.017143 0.059277 -0.000000 0.015377 0.999428 0.030116 3.051700 -0.059760 -0.029147 0.997787 0.000000 0.000000 0.000000 0.000000 1.000000
0.996550 -0.013937 0.081812 0.000000 0.012806 0.999815 0.014338 3.051700 -0.081997 -0.013241 0.996545 0.000000 0.000000 0.000000 0.000000 1.000000
0.994229 -0.010959 0.106718 0.000000 0.010765 0.999939 0.002392 3.051700 -0.106738 -0.001229 0.994286 0.000000 0.000000 0.000000 0.000000 1.000000
0.992420 -0.002192 0.122870 0.000000 0.002825 0.999984 -0.004974 3.051700 -0.122857 0.005283 0.992410 0.000000 0.000000 0.000000 0.000000 1.000000
0.992261 0.013503 0.123433 0.000000 -0.012591 0.999887 -0.008161 3.051700 -0.123530 0.006544 0.992319 0.000000 0.000000 0.000000 0.000000 1.000000
0.993914 0.023776 0.107558 0.000000 -0.023052 0.999703 -0.007966 3.051700 -0.107716 0.005438 0.994167 0.000000 0.000000 0.000000 0.000000 1.000000
0.996688 0.025433 0.077244 0.000000 -0.025116 0.999672 -0.005074 3.051700 -0.077348 0.003118 0.996999 -0.000000 0.000000 0.000000 0.000000 1.000000
0.998520 0.024570 0.048516 0.000000 -0.024469 0.999697 -0.002666 3.051700 -0.048567 0.001475 0.998819 0.000000 0.000000 0.000000 0.000000 1.000000
0.999158 0.021798 0.034762 0.000000 -0.021707 0.999760 -0.002973 3.051700 -0.034818 0.002216 0.999391 0.000000 0.000000 0.000000 0.000000 1.000000
0.999251 0.020324 0.032937 0.000000 -0.020209 0.999789 -0.003812 3.051700 -0.033007 0.003143 0.999450 0.000000 0.000000 0.000000 0.000000 1.000000
0.999165 0.019598 0.035849 -0.000000 -0.019446 0.999800 -0.004606 3.051700 -0.035932 0.003905 0.999347 0.000000 0.000000 0.000000 0.000000 1.000000
0.999120 0.018630 0.037568 -0.000000 -0.018439 0.999815 -0.005412 3.051700 -0.037662 0.004715 0.999279 0.000000 0.000000 0.000000 0.000000 1.000000
0.999186 0.017426 0.036371 0.000000 -0.017213 0.999833 -0.006144 3.051700 -0.036472 0.005513 0.999319 0.000000 0.000000 0.000000 0.000000 1.000000
0.999180 0.017266 0.036619 0.000000 -0.017037 0.999833 -0.006539 3.051700 -0.036726 0.005910 0.999308 0.000000 0.000000 0.000000 0.000000 1.000000
0.999157 0.017342 0.037198 0.000000 -0.017098 0.999830 -0.006866 3.051700 -0.037310 0.006224 0.999284 0.000000 0.000000 0.000000 0.000000 1.000000
0.999130 0.017481 0.037861 0.000000 -0.017221 0.999826 -0.007176 3.051700 -0.037980 0.006518 0.999257 0.000000 0.000000 0.000000 0.000000 1.000000
0.999097 0.017650 0.038660 -0.000000 -0.017374 0.999821 -0.007456 3.051700 -0.038785 0.006778 0.999225 0.000000 0.000000 0.000000 0.000000 1.000000
0.999055 0.017814 0.039652 0.000000 -0.017522 0.999817 -0.007700 3.051700 -0.039781 0.006997 0.999184 0.000000 0.000000 0.000000 0.000000 1.000000
0.999004 0.017882 0.040875 0.000000 -0.017573 0.999814 -0.007891 3.051700 -0.041009 0.007165 0.999133 0.000000 0.000000 0.000000 0.000000 1.000000
0.998921 0.017304 0.043109 0.000000 -0.016982 0.999825 -0.007822 3.051700 -0.043237 0.007082 0.999040 0.000000 0.000000 0.000000 0.000000 1.000000
0.998672 0.012999 0.049850 0.000000 -0.012701 0.999900 -0.006292 3.051700 -0.049927 0.005651 0.998737 0.000000 0.000000 0.000000 0.000000 1.000000
0.998662 0.006149 0.051354 0.000000 -0.005955 0.999975 -0.003937 3.051700 -0.051377 0.003626 0.998673 0.000000 0.000000 0.000000 0.000000 1.000000
0.998940 0.000547 0.046033 -0.000000 -0.000468 0.999998 -0.001714 3.051700 -0.046033 0.001691 0.998938 0.000000 0.000000 0.000000 0.000000 1.000000
0.999354 -0.003169 0.035792 -0.000000 0.003163 0.999995 0.000203 3.051700 -0.035793 -0.000090 0.999359 0.000000 0.000000 0.000000 0.000000 1.000000
0.999722 -0.005988 0.022815 0.000000 0.005894 0.999974 0.004194 3.051700 -0.022839 -0.004058 0.999731 0.000000 0.000000 0.000000 0.000000 1.000000
0.999884 -0.007930 0.012984 0.000000 0.007798 0.999918 0.010151 3.051700 -0.013063 -0.010049 0.999864 0.000000 0.000000 0.000000 0.000000 1.000000
0.999933 -0.008455 0.007949 -0.000000 0.008310 0.999803 0.018041 3.051700 -0.008100 -0.017974 0.999806 0.000000 0.000000 0.000000 0.000000 1.000000
0.999951 -0.008242 0.005412 0.000000 0.008094 0.999606 0.026865 3.051700 -0.005632 -0.026820 0.999624 0.000000 0.000000 0.000000 0.000000 1.000000
0.999935 -0.006980 0.008999 -0.000000 0.006643 0.999293 0.037006 3.051700 -0.009251 -0.036944 0.999275 0.000000 0.000000 0.000000 0.000000 1.000000
0.999845 -0.005886 0.016570 0.000000 0.005112 0.998913 0.046331 3.051700 -0.016825 -0.046239 0.998789 0.000000 0.000000 0.000000 0.000000 1.000000
0.999735 -0.006190 0.022184 0.000000 0.004943 0.998428 0.055828 3.051700 -0.022495 -0.055703 0.998194 -0.000000 0.000000 0.000000 0.000000 1.000000
0.999628 -0.007272 0.026281 0.000000 0.005569 0.997915 0.064300 3.051700 -0.026694 -0.064130 0.997584 0.000000 0.000000 0.000000 0.000000 1.000000</float_array><technique_common><accessor source="#mixamorig_Spine2-Matrix-animation-output-transform-array" count="35" stride="16"><param type="float4x4"/></accessor></technique_common></source><source id="mixamorig_Spine2-Interpolations"><Name_array id="mixamorig_Spine2-Interpolations-array" count="35">
 LINEAR LINEAR LINEAR LINEAR LINEAR LINEAR LINEAR LINEAR LINEAR LINEAR LINEAR
LINEAR LINEAR LINEAR LINEAR LINEAR LINEAR LINEAR LINEAR LINEAR LINEAR LINEAR LINEAR
LINEAR LINEAR LINEAR LINEAR LINEAR LINEAR LINEAR LINEAR LINEAR LINEAR LINEAR LINEAR</Name_array><technique_common><accessor source="#mixamorig_Spine2-Interpolations-array" count="35"><param type="name"/></accessor></technique_common></source><sampler id="mixamorig_Spine2-Matrix-animation-transform"><input semantic="INPUT" source="#mixamorig_Spine2-Matrix-animation-input"/><input semantic="OUTPUT" source="#mixamorig_Spine2-Matrix-animation-output-transform"/><input semantic="INTERPOLATION" source="#mixamorig_Spine2-Interpolations"/></sampler><channel source="#mixamorig_Spine2-Matrix-animation-transform" target="mixamorig_Spine2/matrix"/></animation>
    <animation id="mixamorig_Neck-anim" name="mixamorig_Neck"><source id="mixamorig_Neck-Matrix-animation-input"><float_array id="mixamorig_Neck-Matrix-animation-input-array" count="35">

0.000000 0.033333 0.066667 0.100000 0.133333 0.166667 0.200000 0.233333 0.266667 0.300000 0.333333 0.366667 0.400000 0.433333 0.466667 0.500000
0.533333 0.566667 0.600000 0.633333 0.666667 0.700000 0.733333 0.766667 0.800000 0.833333 0.866667 0.900000 0.933333 0.966667 1.000000 1.033333
1.066667 1.100000 1.133333</float_array><technique_common><accessor source="#mixamorig_Neck-Matrix-animation-input-array" count="35"><param name="TIME" type="float"/></accessor></technique_common></source><source id="mixamorig_Neck-Matrix-animation-output-transform"><float_array id="mixamorig_Neck-Matrix-animation-output-transform-array" count="560">

0.999013 0.039858 0.019593 0.000000 -0.041309 0.995915 0.080293 3.433100 -0.016312 -0.081023 0.996579 0.000000 0.000000 0.000000 0.000000 1.000000
0.999721 0.008876 0.021910 0.000000 -0.011703 0.991113 0.132506 3.433100 -0.020539 -0.132725 0.990940 0.000000 0.000000 0.000000 0.000000 1.000000
0.999474 -0.021697 0.024096 0.000000 0.016743 0.981735 0.189516 3.433100 -0.027768 -0.189013 0.981582 0.000000 0.000000 0.000000 0.000000 1.000000
0.998083 -0.053377 0.031327 0.000000 0.044073 0.968335 0.245733 3.433100 -0.043452 -0.243881 0.968831 0.000000 0.000000 0.000000 0.000000 1.000000
0.995385 -0.080382 0.052409 0.000000 0.062328 0.956856 0.283798 3.433100 -0.072960 -0.279222 0.957451 0.000000 0.000000 0.000000 0.000000 1.000000
0.994038 -0.078225 0.075951 -0.000000 0.051991 0.952381 0.300445 3.433100 -0.095837 -0.294705 0.950770 0.000000 0.000000 0.000000 0.000000 1.000000
0.991759 -0.070862 0.106737 -0.000000 0.036486 0.954834 0.294890 3.433100 -0.122813 -0.288565 0.949551 0.000000 0.000000 0.000000 0.000000 1.000000
0.987193 -0.054451 0.149952 0.000000 0.008985 0.957435 0.288510 3.433100 -0.159278 -0.283468 0.945662 0.000000 0.000000 0.000000 0.000000 1.000000
0.981136 -0.037048 0.189737 0.000000 -0.018997 0.958239 0.285337 3.433100 -0.192384 -0.283558 0.939459 0.000000 0.000000 0.000000 0.000000 1.000000
0.975270 -0.026129 0.219465 0.000000 -0.038574 0.957623 0.285429 3.433100 -0.217622 -0.286836 0.932934 0.000000 0.000000 0.000000 0.000000 1.000000
0.970151 -0.029102 0.240751 0.000000 -0.042843 0.956588 0.288279 3.433100 -0.238689 -0.289988 0.926787 0.000000 0.000000 0.000000 0.000000 1.000000
0.967304 -0.060839 0.246215 0.000000 -0.015490 0.954818 0.296788 3.433100 -0.253147 -0.290898 0.922656 -0.000000 0.000000 0.000000 0.000000 1.000000
0.964372 -0.094914 0.246935 0.000000 0.015977 0.952615 0.303759 3.433100 -0.264065 -0.288991 0.920192 0.000000 0.000000 0.000000 0.000000 1.000000
0.961429 -0.114511 0.250083 0.000000 0.035204 0.952969 0.301015 3.433100 -0.272791 -0.280601 0.920244 0.000000 0.000000 0.000000 0.000000 1.000000
0.959964 -0.117409 0.254329 0.000000 0.038507 0.954614 0.295347 3.433100 -0.277463 -0.273729 0.920916 0.000000 0.000000 0.000000 0.000000 1.000000
0.959696 -0.116530 0.255744 0.000000 0.039087 0.956486 0.289149 3.433100 -0.278310 -0.267499 0.922490 -0.000000 0.000000 0.000000 0.000000 1.000000
0.960647 -0.116573 0.252126 0.000000 0.041688 0.957900 0.284058 3.433100 -0.274625 -0.262369 0.925064 0.000000 0.000000 0.000000 0.000000 1.000000
0.961781 -0.117248 0.247446 0.000000 0.045024 0.959103 0.279455 3.433100 -0.270092 -0.257634 0.927726 0.000000 0.000000 0.000000 0.000000 1.000000
0.962849 -0.119791 0.242017 0.000000 0.050089 0.959896 0.275845 3.433100 -0.265355 -0.253474 0.930235 -0.000000 0.000000 0.000000 0.000000 1.000000
0.963359 -0.131698 0.233654 0.000000 0.063870 0.958731 0.277047 3.433100 -0.260498 -0.251972 0.932014 0.000000 0.000000 0.000000 0.000000 1.000000
0.962711 -0.155895 0.221100 -0.000000 0.089268 0.954555 0.284352 3.433100 -0.255381 -0.254012 0.932877 0.000000 0.000000 0.000000 0.000000 1.000000
0.961648 -0.180252 0.206744 0.000000 0.115150 0.949416 0.292148 3.433100 -0.248946 -0.257137 0.933759 0.000000 0.000000 0.000000 0.000000 1.000000
0.961765 -0.200927 0.186107 0.000000 0.138530 0.943093 0.302299 3.433100 -0.236256 -0.264959 0.934869 0.000000 0.000000 0.000000 0.000000 1.000000
0.970143 -0.202039 0.134176 0.000000 0.149081 0.933130 0.327174 3.433100 -0.191305 -0.297402 0.935390 0.000000 0.000000 0.000000 0.000000 1.000000
0.977809 -0.191207 0.085616 0.000000 0.150616 0.925652 0.347108 3.433100 -0.145620 -0.326510 0.933909 0.000000 0.000000 0.000000 0.000000 1.000000
0.984837 -0.165148 0.053128 -0.000000 0.136610 0.927013 0.349262 3.433100 -0.106930 -0.336708 0.935518 0.000000 0.000000 0.000000 0.000000 1.000000
0.989029 -0.143152 0.036466 0.000000 0.121757 0.929736 0.347515 3.433100 -0.083651 -0.339263 0.936965 0.000000 0.000000 0.000000 0.000000 1.000000
0.990758 -0.130672 0.036372 -0.000000 0.111707 0.938168 0.327661 3.433100 -0.076939 -0.320570 0.944095 0.000000 0.000000 0.000000 0.000000 1.000000
0.992503 -0.115909 0.038770 0.000000 0.099130 0.948968 0.299387 3.433100 -0.071493 -0.293299 0.953344 0.000000 0.000000 0.000000 0.000000 1.000000
0.994531 -0.096459 0.040060 0.000000 0.082381 0.960211 0.266848 3.433100 -0.064206 -0.262088 0.962906 0.000000 0.000000 0.000000 0.000000 1.000000
0.996444 -0.074175 0.039979 -0.000000 0.062870 0.970351 0.233379 3.433100 -0.056104 -0.230035 0.971564 0.000000 0.000000 0.000000 0.000000 1.000000
0.998259 -0.046975 0.035672 -0.000000 0.038860 0.978743 0.201377 3.433100 -0.044374 -0.199640 0.978864 0.000000 0.000000 0.000000 0.000000 1.000000
0.999396 -0.017408 0.030084 0.000000 0.012171 0.986013 0.166223 3.433100 -0.032557 -0.165757 0.985629 0.000000 0.000000 0.000000 0.000000 1.000000
0.999601 0.012157 0.025502 -0.000000 -0.015184 0.992405 0.122075 3.433100 -0.023824 -0.122413 0.992193 -0.000000 0.000000 0.000000 0.000000 1.000000
0.999013 0.039858 0.019593 0.000000 -0.041309 0.995915 0.080293 3.433100 -0.016312 -0.081023 0.996579 -0.000000 0.000000 0.000000 0.000000 1.000000</float_array><technique_common><accessor source="#mixamorig_Neck-Matrix-animation-output-transform-array" count="35" stride="16"><param type="float4x4"/></accessor></technique_common></source><source id="mixamorig_Neck-Interpolations"><Name_array id="mixamorig_Neck-Interpolations-array" count="35">
 LINEAR LINEAR LINEAR LINEAR LINEAR LINEAR LINEAR LINEAR LINEAR LINEAR LINEAR
LINEAR LINEAR LINEAR LINEAR LINEAR LINEAR LINEAR LINEAR LINEAR LINEAR LINEAR LINEAR
LINEAR LINEAR LINEAR LINEAR LINEAR LINEAR LINEAR LINEAR LINEAR LINEAR LINEAR LINEAR</Name_array><technique_common><accessor source="#mixamorig_Neck-Interpolations-array" count="35"><param type="name"/></accessor></technique_common></source><sampler id="mixamorig_Neck-Matrix-animation-transform"><input semantic="INPUT" source="#mixamorig_Neck-Matrix-animation-input"/><input semantic="OUTPUT" source="#mixamorig_Neck-Matrix-animation-output-transform"/><input semantic="INTERPOLATION" source="#mixamorig_Neck-Interpolations"/></sampler><channel source="#mixamorig_Neck-Matrix-animation-transform" target="mixamorig_Neck/matrix"/></animation>
    <animation id="mixamorig_Head-anim" name="mixamorig_Head"><source id="mixamorig_Head-Matrix-animation-input"><float_array id="mixamorig_Head-Matrix-animation-input-array" count="35">

0.000000 0.033333 0.066667 0.100000 0.133333 0.166667 0.200000 0.233333 0.266667 0.300000 0.333333 0.366667 0.400000 0.433333 0.466667 0.500000
0.533333 0.566667 0.600000 0.633333 0.666667 0.700000 0.733333 0.766667 0.800000 0.833333 0.866667 0.900000 0.933333 0.966667 1.000000 1.033333
1.066667 1.100000 1.133333</float_array><technique_common><accessor source="#mixamorig_Head-Matrix-animation-input-array" count="35"><param name="TIME" type="float"/></accessor></technique_common></source><source id="mixamorig_Head-Matrix-animation-output-transform"><float_array id="mixamorig_Head-Matrix-animation-output-transform-array" count="560">

0.989033 -0.057017 0.136242 -0.000000 0.088931 0.966406 -0.241146 2.021800 -0.117916 0.250617 0.960878 -0.255600 0.000000 0.000000 0.000000 1.000000
0.993669 -0.024739 0.109593 0.000000 0.051552 0.967102 -0.249112 2.021800 -0.099825 0.253185 0.962254 -0.255600 0.000000 0.000000 0.000000 1.000000
0.995809 0.003494 0.091386 0.000000 0.019770 0.967416 -0.252418 2.021800 -0.089290 0.253167 0.963293 -0.255600 0.000000 0.000000 0.000000 1.000000
0.994928 0.015164 0.099436 -0.000000 0.010853 0.966615 -0.256003 2.021800 -0.099999 0.255784 0.961548 -0.255600 0.000000 0.000000 0.000000 1.000000
0.987983 0.025350 0.152469 0.000000 0.014842 0.966340 -0.256840 2.021800 -0.153848 0.256017 0.954351 -0.255600 0.000000 0.000000 0.000000 1.000000
0.972984 0.056237 0.223919 -0.000000 -0.002029 0.971925 -0.235282 2.021800 -0.230864 0.228472 0.945782 -0.255600 0.000000 0.000000 0.000000 1.000000
0.946058 0.085902 0.312401 0.000000 -0.026301 0.981392 -0.190207 2.021800 -0.322927 0.171731 0.930713 -0.255600 0.000000 0.000000 0.000000 1.000000
0.894189 0.097403 0.436966 0.000000 -0.031549 0.987328 -0.155524 2.021800 -0.446578 0.125282 0.885931 -0.255600 0.000000 0.000000 0.000000 1.000000
0.836210 0.118509 0.535452 0.000000 -0.049554 0.988706 -0.141438 2.021800 -0.546166 0.091738 0.832638 -0.255600 0.000000 0.000000 0.000000 1.000000
0.793736 0.153552 0.588562 0.000000 -0.080231 0.985587 -0.148934 2.021800 -0.602948 0.070993 0.794616 -0.255600 0.000000 0.000000 0.000000 1.000000
0.767858 0.184158 0.613579 0.000000 -0.103174 0.980837 -0.165269 2.021800 -0.632257 0.063598 0.772144 -0.255600 0.000000 0.000000 0.000000 1.000000
0.776373 0.194203 0.599608 0.000000 -0.099619 0.977198 -0.187511 2.021800 -0.622351 0.085846 0.778017 -0.255600 0.000000 0.000000 0.000000 1.000000
0.791016 0.195421 0.579745 -0.000000 -0.089989 0.974471 -0.205692 2.021800 -0.605141 0.110535 0.788408 -0.255600 0.000000 0.000000 0.000000 1.000000
0.794014 0.195466 0.575617 0.000000 -0.089435 0.974153 -0.207432 2.021800 -0.601285 0.113223 0.790972 -0.255600 0.000000 0.000000 0.000000 1.000000
0.787652 0.182504 0.588470 0.000000 -0.077880 0.976952 -0.198745 2.021800 -0.611178 0.110712 0.783712 -0.255600 0.000000 0.000000 0.000000 1.000000
0.785950 0.186329 0.589546 0.000000 -0.078671 0.975897 -0.203558 2.021800 -0.613265 0.113607 0.781665 -0.255600 0.000000 0.000000 0.000000 1.000000
0.793003 0.187457 0.579661 0.000000 -0.076501 0.974592 -0.210517 2.021800 -0.604396 0.122596 0.787195 -0.255600 0.000000 0.000000 0.000000 1.000000
0.801826 0.187393 0.567415 0.000000 -0.073443 0.973261 -0.217643 2.021800 -0.593027 0.132840 0.794149 -0.255600 0.000000 0.000000 0.000000 1.000000
0.812302 0.186409 0.552646 0.000000 -0.070348 0.971946 -0.224439 2.021800 -0.578979 0.143434 0.802627 -0.255600 0.000000 0.000000 0.000000 1.000000
0.830250 0.181674 0.526952 -0.000000 -0.067161 0.971110 -0.228986 2.021800 -0.553330 0.154725 0.818466 -0.255600 0.000000 0.000000 0.000000 1.000000
