<?xml version="1.0" encoding="utf-8"?>
<COLLADA xmlns="http://www.collada.org/2005/11/COLLADASchema" version="1.4.1">
  <asset><contributor><author>Mixamo</author><authoring_tool>COLLADA Mixamo exporter</authoring_tool><comments></comments></contributor><created>2020-03-04T20:25:15Z</created><modified>2020-03-04T20:25:15Z</modified><revision></revision><title></title><unit meter="0.010000"/><up_axis>Y_UP</up_axis></asset>
  <library_animations>
    <animation id="mixamorig_Hips-anim" name="mixamorig_Hips"><source id="mixamorig_Hips-Matrix-animation-input"><float_array id="mixamorig_Hips-Matrix-animation-input-array" count="35">

0.000000 0.033333 0.066667 0.100000 0.133333 0.166667 0.200000 0.233333 0.266667 0.300000 0.333333 0.366667 0.400000 0.433333 0.466667 0.500000
0.533333 0.566667 0.600000 0.633333 0.666667 0.700000 0.733333 0.766667 0.800000 0.833333 0.866667 0.900000 0.933333 0.966667 1.000000 1.033333
1.066667 1.100000 1.133333</float_array><technique_common><accessor source="#mixamorig_Hips-Matrix-animation-input-array" count="35"><param name="TIME" type="float"/></accessor></technique_common></source><source id="mixamorig_Hips-Matrix-animation-output-transform"><float_array id="mixamorig_Hips-Matrix-animation-output-transform-array" count="560">

0.962484 -0.003648 -0.271312 -1.998418 -0.020113 0.996200 -0.084747 29.557249 0.270590 0.087024 0.958753 1.477492 0.000000 0.000000 0.000000 1.000000
0.958362 -0.009837 -0.285386 -2.058172 -0.010654 0.997479 -0.070161 29.530924 0.285357 0.070280 0.955841 1.593576 0.000000 0.000000 0.000000 1.000000
0.924878 -0.027652 -0.379258 -2.106399 0.004393 0.998063 -0.062055 29.540369 0.380239 0.055727 0.923208 1.935766 0.000000 0.000000 0.000000 1.000000
0.840567 -0.052936 -0.539116 -2.167578 0.020196 0.997584 -0.066464 29.621540 0.541332 0.044979 0.839605 2.465474 0.000000 0.000000 0.000000 1.000000
0.707133 -0.074567 -0.703138 -2.213058 0.028795 0.996636 -0.076734 29.724205 0.706494 0.034014 0.706901 3.072089 0.000000 0.000000 0.000000 1.000000
0.518817 -0.081318 -0.851009 -2.213031 0.018765 0.996309 -0.083763 29.868240 0.854680 0.027489 0.518428 3.747393 0.000000 0.000000 0.000000 1.000000
0.284626 -0.072103 -0.955923 -2.156560 -0.011498 0.996839 -0.078613 30.087839 0.958570 0.033367 0.282897 4.510238 0.000000 0.000000 0.000000 1.000000
0.150232 -0.050409 -0.987365 -2.106160 -0.037749 0.997679 -0.056679 30.114378 0.987930 0.045787 0.147981 4.989516 0.000000 0.000000 0.000000 1.000000
0.102124 -0.034261 -0.994181 -2.052809 -0.053679 0.997761 -0.039899 30.025904 0.993322 0.057442 0.100057 5.307157 0.000000 0.000000 0.000000 1.000000
0.086985 -0.022274 -0.995961 -1.985212 -0.065342 0.997470 -0.028015 29.923504 0.994064 0.067515 0.085310 5.567171 0.000000 0.000000 0.000000 1.000000
0.078985 -0.011416 -0.996810 -1.900783 -0.076038 0.996952 -0.017442 29.840370 0.993972 0.077173 0.077876 5.814069 0.000000 0.000000 0.000000 1.000000
0.072542 -0.001066 -0.997365 -1.794119 -0.086403 0.996233 -0.007349 29.787189 0.993616 0.086709 0.072177 6.056080 0.000000 0.000000 0.000000 1.000000
0.066562 0.008612 -0.997745 -1.658282 -0.097485 0.995235 0.002086 29.737785 0.993009 0.097126 0.067084 6.312989 0.000000 0.000000 0.000000 1.000000
0.061768 0.015129 -0.997976 -1.492334 -0.107897 0.994127 0.008393 29.703388 0.992241 0.107161 0.063038 6.579518 0.000000 0.000000 0.000000 1.000000
0.063292 0.008026 -0.997963 -1.320670 -0.111146 0.993804 0.000944 29.697098 0.991787 0.110859 0.063792 6.828865 0.000000 0.000000 0.000000 1.000000
0.068729 0.002148 -0.997633 -1.167540 -0.113236 0.993552 -0.005662 29.701092 0.991188 0.113357 0.068530 6.988073 0.000000 0.000000 0.000000 1.000000
0.079081 -0.001394 -0.996867 -1.035517 -0.114507 0.993367 -0.010473 29.686268 0.990270 0.114977 0.078397 7.049949 0.000000 0.000000 0.000000 1.000000
0.091339 -0.004677 -0.995809 -0.900280 -0.115490 0.993191 -0.015258 29.675537 0.989100 0.116400 0.090177 7.094050 0.000000 0.000000 0.000000 1.000000
0.107933 -0.008370 -0.994123 -0.762711 -0.115751 0.993058 -0.020928 29.660635 0.987397 0.117329 0.106215 7.115283 0.000000 0.000000 0.000000 1.000000
0.145926 -0.014730 -0.989186 -0.642783 -0.112049 0.993209 -0.031319 29.575935 0.982930 0.115408 0.143284 7.016550 0.000000 0.000000 0.000000 1.000000
0.212414 -0.025074 -0.976858 -0.542918 -0.102835 0.993546 -0.047863 29.411440 0.971754 0.110622 0.208465 6.762524 0.000000 0.000000 0.000000 1.000000
0.282449 -0.036256 -0.958597 -0.435002 -0.092302 0.993622 -0.064777 29.272644 0.954831 0.106777 0.277301 6.510016 0.000000 0.000000 0.000000 1.000000
0.360309 -0.048329 -0.931580 -0.320204 -0.079748 0.993405 -0.082381 29.163633 0.929418 0.103974 0.354079 6.253429 0.000000 0.000000 0.000000 1.000000
0.485171 -0.064283 -0.872053 -0.214328 -0.056981 0.992850 -0.104889 29.125961 0.872561 0.100579 0.478039 5.938338 0.000000 0.000000 0.000000 1.000000
0.635906 -0.080166 -0.767592 -0.127863 -0.023763 0.992085 -0.123298 29.137564 0.771401 0.096646 0.628968 5.514206 0.000000 0.000000 0.000000 1.000000
0.756611 -0.085913 -0.648196 -0.087975 0.003477 0.991845 -0.127401 29.166010 0.653856 0.094139 0.750740 5.030145 0.000000 0.000000 0.000000 1.000000
0.840414 -0.085594 -0.535143 -0.117982 0.022442 0.992099 -0.123437 29.140411 0.541480 0.091728 0.835695 4.455109 0.000000 0.000000 0.000000 1.000000
0.890212 -0.081875 -0.448128 -0.211836 0.031222 0.992369 -0.119288 29.073135 0.454475 0.092200 0.885975 3.873482 0.000000 0.000000 0.000000 1.000000
0.922469 -0.073584 -0.378994 -0.330066 0.031575 0.992759 -0.115897 28.959824 0.384778 0.094944 0.918113 3.332673 0.000000 0.000000 0.000000 1.000000
0.943275 -0.056330 -0.327199 -0.463298 0.020649 0.993548 -0.111518 28.755936 0.331370 0.098436 0.938352 2.925545 0.000000 0.000000 0.000000 1.000000
0.952732 -0.035398 -0.301742 -0.673748 0.004147 0.994612 -0.103588 28.704111 0.303783 0.097440 0.947745 2.572676 0.000000 0.000000 0.000000 1.000000
0.958654 -0.024560 -0.283513 -0.958871 -0.002749 0.995423 -0.095524 28.924805 0.284562 0.092354 0.954199 2.129395 0.000000 0.000000 0.000000 1.000000
0.959433 -0.018055 -0.281358 -1.311924 -0.008027 0.995794 -0.091273 29.188225 0.281823 0.089829 0.955252 1.831108 0.000000 0.000000 0.000000 1.000000
0.959913 -0.010627 -0.280095 -1.672484 -0.014678 0.996004 -0.088091 29.392452 0.279912 0.088671 0.955922 1.650171 0.000000 0.000000 0.000000 1.000000
0.962484 -0.003648 -0.271312 -1.998418 -0.020113 0.996200 -0.084747 29.557247 0.270590 0.087024 0.958753 1.477491 0.000000 0.000000 0.000000 1.000000</float_array><technique_common><accessor source="#mixamorig_Hips-Matrix-animation-output-transform-array" count="35" stride="16"><param type="float4x4"/></accessor></technique_common></source><source id="mixamorig_Hips-Interpolations"><Name_array id="mixamorig_Hips-Interpolations-array" count="35">
 LINEAR LINEAR LINEAR LINEAR LINEAR LINEAR LINEAR LINEAR LINEAR LINEAR LINEAR
LINEAR LINEAR LINEAR LINEAR LINEAR LINEAR LINEAR LINEAR LINEAR LINEAR LINEAR LINEAR
LINEAR LINEAR LINEAR LINEAR LINEAR LINEAR LINEAR LINEAR LINEAR LINEAR LINEAR LINEAR</Name_array><technique_common><accessor source="#mixamorig_Hips-Interpolations-array" count="35"><param type="name"/></accessor></technique_common></source><sampler id="mixamorig_Hips-Matrix-animation-transform"><input semantic="INPUT" source="#mixamorig_Hips-Matrix-animation-input"/><input semantic="OUTPUT" source="#mixamorig_Hips-Matrix-animation-output-transform"/><input semantic="INTERPOLATION" source="#mixamorig_Hips-Interpolations"/></sampler><channel source="#mixamorig_Hips-Matrix-animation-transform" target="mixamorig_Hips/matrix"/></animation>
    <animation id="mixamorig_Spine-anim" name="mixamorig_Spine"><source id="mixamorig_Spine-Matrix-animation-input"><float_array id="mixamorig_Spine-Matrix-animation-input-array" count="35">

0.000000 0.033333 0.066667 0.100000 0.133333 0.166667 0.200000 0.233333 0.266667 0.300000 0.333333 0.366667 0.400000 0.433333 0.466667 0.500000
0.533333 0.566667 0.600000 0.633333 0.666667 0.700000 0.733333 0.766667 0.800000 0.833333 0.866667 0.900000 0.933333 0.966667 1.000000 1.033333
1.066667 1.100000 1.133333</float_array><technique_common><accessor source="#mixamorig_Spine-Matrix-animation-input-array" count="35"><param name="TIME" type="float"/></accessor></technique_common></source><source id="mixamorig_Spine-Matrix-animation-output-transform"><float_array id="mixamorig_Spine-Matrix-animation-output-transform-array" count="560">

0.996976 -0.006252 0.077460 0.000000 0.024115 0.972445 -0.231883 3.786100 -0.073876 0.233050 0.969655 -0.641600 0.000000 0.000000 0.000000 1.000000
0.996048 -0.004846 0.088690 0.000000 0.022455 0.979813 -0.198649 3.786100 -0.085937 0.199855 0.976050 -0.641600 0.000000 0.000000 0.000000 1.000000
0.992545 -0.003077 0.121840 0.000000 0.021413 0.988533 -0.149477 3.786100 -0.119983 0.150971 0.981230 -0.641600 0.000000 0.000000 0.000000 1.000000
0.982226 -0.009293 0.187470 0.000000 0.025451 0.996143 -0.083970 3.786100 -0.185967 0.087249 0.978675 -0.641600 0.000000 0.000000 0.000000 1.000000
0.962810 -0.017977 0.269580 0.000000 0.023167 0.999602 -0.016080 3.786100 -0.269184 0.021727 0.962844 -0.641600 0.000000 0.000000 0.000000 1.000000
0.933440 -0.030865 0.357402 0.000000 0.014304 0.998702 0.048889 3.786100 -0.358447 -0.040522 0.932670 -0.641600 0.000000 0.000000 0.000000 1.000000
0.906143 -0.065267 0.417906 0.000000 0.024786 0.994519 0.101578 3.786100 -0.422245 -0.081686 0.902794 -0.641600 0.000000 0.000000 0.000000 1.000000
0.898822 -0.086916 0.429610 -0.000000 0.035330 0.991319 0.126641 3.786100 -0.436888 -0.098649 0.894090 -0.641600 0.000000 0.000000 0.000000 1.000000
0.920490 -0.064677 0.385376 0.000000 0.019411 0.992558 0.120216 3.786100 -0.390283 -0.103177 0.914895 -0.641600 0.000000 0.000000 0.000000 1.000000
0.958263 0.001445 0.285885 0.000000 -0.030174 0.994913 0.096112 3.786100 -0.284292 -0.100727 0.953432 -0.641600 0.000000 0.000000 0.000000 1.000000
0.980568 0.061669 0.186237 0.000000 -0.077505 0.993859 0.078976 3.786100 -0.180223 -0.091876 0.979326 -0.641600 0.000000 0.000000 0.000000 1.000000
0.987667 0.077149 0.136245 0.000000 -0.085852 0.994548 0.059191 3.786100 -0.130935 -0.070157 0.988905 -0.641600 0.000000 0.000000 0.000000 1.000000
0.988521 0.079816 0.128279 0.000000 -0.086407 0.995167 0.046654 3.786100 -0.123935 -0.057203 0.990640 -0.641600 0.000000 0.000000 0.000000 1.000000
0.987396 0.078863 0.137222 -0.000000 -0.084985 0.995605 0.039335 3.786100 -0.133517 -0.050501 0.989759 -0.641600 0.000000 0.000000 0.000000 1.000000
0.986958 0.075452 0.142199 0.000000 -0.081293 0.996050 0.035717 3.786100 -0.138942 -0.046811 0.989194 -0.641600 0.000000 0.000000 0.000000 1.000000
0.987934 0.072177 0.137030 0.000000 -0.077497 0.996417 0.033883 3.786100 -0.134093 -0.044093 0.989987 -0.641600 0.000000 0.000000 0.000000 1.000000
0.987852 0.071642 0.137898 0.000000 -0.076376 0.996647 0.029349 3.786100 -0.135333 -0.039525 0.990012 -0.641600 0.000000 0.000000 0.000000 1.000000
0.987549 0.071372 0.140187 0.000000 -0.075485 0.996852 0.024235 3.786100 -0.138016 -0.034515 0.989828 -0.641600 0.000000 0.000000 0.000000 1.000000
0.987222 0.070379 0.142970 0.000000 -0.073810 0.997094 0.018832 3.786100 -0.141229 -0.029144 0.989548 -0.641600 0.000000 0.000000 0.000000 1.000000
0.986982 0.065622 0.146837 0.000000 -0.068175 0.997596 0.012417 3.786100 -0.145669 -0.022266 0.989083 -0.641600 0.000000 0.000000 0.000000 1.000000
0.986823 0.055292 0.152061 0.000000 -0.056680 0.998381 0.004806 3.786100 -0.151549 -0.013362 0.988359 -0.641600 0.000000 0.000000 0.000000 1.000000
0.986483 0.043553 0.157968 0.000000 -0.043698 0.999042 -0.002560 3.786100 -0.157928 -0.004377 0.987441 -0.641600 0.000000 0.000000 0.000000 1.000000
0.985575 0.028946 0.166748 0.000000 -0.027897 0.999574 -0.008632 3.786100 -0.166927 0.003855 0.985962 -0.641600 0.000000 0.000000 0.000000 1.000000
0.982281 0.003342 0.187384 0.000000 -0.001642 0.999956 -0.009226 3.786100 -0.187406 0.008754 0.982243 -0.641600 0.000000 0.000000 0.000000 1.000000
0.982180 -0.021886 0.186663 0.000000 0.025325 0.999550 -0.016060 3.786100 -0.186228 0.020501 0.982293 -0.641600 0.000000 0.000000 0.000000 1.000000
0.985405 -0.047233 0.163543 0.000000 0.053132 0.998078 -0.031882 3.786100 -0.161723 0.040106 0.986021 -0.641600 0.000000 0.000000 0.000000 1.000000
0.989237 -0.074740 0.125790 0.000000 0.082219 0.995076 -0.055347 3.786100 -0.121034 0.065093 0.990512 -0.641600 0.000000 0.000000 0.000000 1.000000
0.993831 -0.079136 0.077700 0.000000 0.085499 0.992934 -0.082289 3.786100 -0.070639 0.088425 0.993575 -0.641600 0.000000 0.000000 0.000000 1.000000
0.996198 -0.076627 0.041436 0.000000 0.080700 0.990899 -0.107733 3.786100 -0.032804 0.110668 0.993316 -0.641600 0.000000 0.000000 0.000000 1.000000
0.996524 -0.079151 0.025974 0.000000 0.081908 0.987817 -0.132320 3.786100 -0.015184 0.133987 0.990867 -0.641600 0.000000 0.000000 0.000000 1.000000
0.996482 -0.081615 0.019058 0.000000 0.083603 0.983965 -0.157553 3.786100 -0.005894 0.158592 0.987327 -0.641600 0.000000 0.000000 0.000000 1.000000
0.997189 -0.068711 0.029889 -0.000000 0.073020 0.980610 -0.181857 3.786100 -0.016814 0.183528 0.982871 -0.641600 0.000000 0.000000 0.000000 1.000000
0.997577 -0.045310 0.052801 0.000000 0.054826 0.979152 -0.195592 3.786100 -0.042838 0.198013 0.979263 -0.641600 0.000000 0.000000 0.000000 1.000000
0.997358 -0.025107 0.068162 0.000000 0.039110 0.976351 -0.212624 3.786100 -0.061212 0.214728 0.974754 -0.641600 0.000000 0.000000 0.000000 1.000000
0.996976 -0.006252 0.077460 0.000000 0.024115 0.972445 -0.231883 3.786100 -0.073876 0.233050 0.969655 -0.641600 0.000000 0.000000 0.000000 1.000000</float_array><technique_common><accessor source="#mixamorig_Spine-Matrix-animation-output-transform-array" count="35" stride="16"><param type="float4x4"/></accessor></technique_common></source><source id="mixamorig_Spine-Interpolations"><Name_array id="mixamorig_Spine-Interpolations-array" count="35">
 LINEAR LINEAR LINEAR LINEAR LINEAR LINEAR LINEAR LINEAR LINEAR LINEAR LINEAR
LINEAR LINEAR LINEAR LINEAR LINEAR LINEAR LINEAR LINEAR LINEAR LINEAR LINEAR LINEAR
LINEAR LINEAR LINEAR LINEAR LINEAR LINEAR LINEAR LINEAR LINEAR LINEAR LINEAR LINEAR</Name_array><technique_common><accessor source="#mixamorig_Spine-Interpolations-array" count="35"><param type="name"/></accessor></technique_common></source><sampler id="mixamorig_Spine-Matrix-animation-transform"><input semantic="INPUT" source="#mixamorig_Spine-Matrix-animation-input"/><input semantic="OUTPUT" source="#mixamorig_Spine-Matrix-animation-output-transform"/><input semantic="INTERPOLATION" source="#mixamorig_Spine-Interpolations"/></sampler><channel source="#mixamorig_Spine-Matrix-animation-transform" target="mixamorig_Spine/matrix"/></animation>
    <animation id="mixamorig_Spine1-anim" name="mixamorig_Spine1"><source id="mixamorig_Spine1-Matrix-animation-input"><float_array id="mixamorig_Spine1-Matrix-animation-input-array" count="35">

0.000000 0.033333 0.066667 0.100000 0.133333 0.166667 0.200000 0.233333 0.266667 0.300000 0.333333 0.366667 0.400000 0.433333 0.466667 0.500000
0.533333 0.566667 0.600000 0.633333 0.666667 0.700000 0.733333 0.766667 0.800000 0.833333 0.866667 0.900000 0.933333 0.966667 1.000000 1.033333
1.066667 1.100000 1.133333</float_array><technique_common><accessor source="#mixamorig_Spine1-Matrix-animation-input-array" count="35"><param name="TIME" type="float"/></accessor></technique_common></source><source id="mixamorig_Spine1-Matrix-animation-output-transform"><float_array id="mixamorig_Spine1-Matrix-animation-output-transform-array" count="560">

0.999658 0.010850 0.023793 0.000000 -0.009296 0.997876 -0.064468 4.480100 -0.024442 0.064225 0.997636 0.000000 0.000000 0.000000 0.000000 1.000000
0.999536 0.014266 0.026916 0.000000 -0.012770 0.998407 -0.054956 4.480100 -0.027657 0.054586 0.998126 -0.000000 0.000000 0.000000 0.000000 1.000000
0.999140 0.019443 0.036618 0.000000 -0.017822 0.998869 -0.044088 4.480100 -0.037434 0.043397 0.998356 0.000000 0.000000 0.000000 0.000000 1.000000
0.998173 0.024313 0.055315 0.000000 -0.022613 0.999259 -0.031144 4.480100 -0.056031 0.029836 0.997983 0.000000 0.000000 0.000000 0.000000 1.000000
0.996635 0.023960 0.078383 -0.000000 -0.022776 0.999613 -0.015961 4.480100 -0.078735 0.014122 0.996796 0.000000 0.000000 0.000000 0.000000 1.000000
0.994304 0.024212 0.103793 0.000000 -0.023850 0.999704 -0.004728 4.480100 -0.103876 0.002225 0.994588 0.000000 0.000000 0.000000 0.000000 1.000000
0.992463 0.017839 0.121241 0.000000 -0.018300 0.999829 0.002690 4.480100 -0.121172 -0.004888 0.992619 0.000000 0.000000 0.000000 0.000000 1.000000
0.992270 0.002797 0.124067 0.000000 -0.003681 0.999969 0.006898 4.480100 -0.124044 -0.007302 0.992250 0.000000 0.000000 0.000000 0.000000 1.000000
0.993910 -0.009220 0.109811 0.000000 0.008434 0.999935 0.007615 4.480100 -0.109874 -0.006642 0.993923 0.000000 0.000000 0.000000 0.000000 1.000000
0.996680 -0.014866 0.080051 0.000000 0.014503 0.999882 0.005108 4.480100 -0.080118 -0.003930 0.996778 -0.000000 0.000000 0.000000 0.000000 1.000000
0.998513 -0.017850 0.051510 -0.000000 0.017727 0.999839 0.002841 4.480100 -0.051552 -0.001924 0.998668 -0.000000 0.000000 0.000000 0.000000 1.000000
0.999151 -0.016974 0.037526 0.000000 0.016868 0.999853 0.003141 4.480100 -0.037574 -0.002505 0.999291 0.000000 0.000000 0.000000 0.000000 1.000000
0.999245 -0.015765 0.035510 0.000000 0.015636 0.999870 0.003909 4.480100 -0.035567 -0.003351 0.999362 -0.000000 0.000000 0.000000 0.000000 1.000000
0.999160 -0.014650 0.038273 0.000000 0.014482 0.999884 0.004658 4.480100 -0.038337 -0.004099 0.999256 0.000000 0.000000 0.000000 0.000000 1.000000
0.999116 -0.013449 0.039818 0.000000 0.013244 0.999898 0.005428 4.480100 -0.039887 -0.004895 0.999192 0.000000 0.000000 0.000000 0.000000 1.000000
0.999184 -0.012406 0.038447 0.000000 0.012179 0.999907 0.006138 4.480100 -0.038520 -0.005665 0.999242 0.000000 0.000000 0.000000 0.000000 1.000000
0.999178 -0.012213 0.038665 0.000000 0.011969 0.999907 0.006523 4.480100 -0.038741 -0.006055 0.999231 0.000000 0.000000 0.000000 0.000000 1.000000
0.999155 -0.012212 0.039246 0.000000 0.011953 0.999905 0.006843 4.480100 -0.039326 -0.006369 0.999206 0.000000 0.000000 0.000000 0.000000 1.000000
0.999128 -0.012265 0.039922 0.000000 0.011989 0.999903 0.007148 4.480100 -0.040006 -0.006664 0.999177 0.000000 0.000000 0.000000 0.000000 1.000000
0.999093 -0.012331 0.040748 0.000000 0.012037 0.999900 0.007433 4.480100 -0.040836 -0.006936 0.999142 -0.000000 0.000000 0.000000 0.000000 1.000000
0.999050 -0.012370 0.041776 0.000000 0.012059 0.999898 0.007691 4.480100 -0.041867 -0.007180 0.999097 0.000000 0.000000 0.000000 0.000000 1.000000
0.998999 -0.012289 0.043017 -0.000000 0.011960 0.999897 0.007892 4.480100 -0.043109 -0.007370 0.999043 -0.000000 0.000000 0.000000 0.000000 1.000000
0.998915 -0.011448 0.045148 -0.000000 0.011106 0.999908 0.007808 4.480100 -0.045233 -0.007298 0.998950 -0.000000 0.000000 0.000000 0.000000 1.000000
0.998672 -0.006378 0.051114 -0.000000 0.006072 0.999963 0.006127 4.480100 -0.051151 -0.005809 0.998674 -0.000000 0.000000 0.000000 0.000000 1.000000
0.998674 0.000497 0.051474 0.000000 -0.000686 0.999993 0.003636 4.480100 -0.051472 -0.003667 0.998668 -0.000000 0.000000 0.000000 0.000000 1.000000
0.998960 0.005258 0.045290 -0.000000 -0.005328 0.999985 0.001410 4.480100 -0.045282 -0.001650 0.998973 0.000000 0.000000 0.000000 0.000000 1.000000
0.999374 0.007583 0.034559 0.000000 -0.007573 0.999971 -0.000405 4.480100 -0.034561 0.000143 0.999403 0.000000 0.000000 0.000000 0.000000 1.000000
0.999735 0.008766 0.021275 0.000000 -0.008677 0.999953 -0.004291 4.480100 -0.021312 0.004105 0.999764 0.000000 0.000000 0.000000 0.000000 1.000000
0.999892 0.009500 0.011220 0.000000 -0.009386 0.999904 -0.010200 4.480100 -0.011316 0.010094 0.999885 0.000000 0.000000 0.000000 0.000000 1.000000
0.999937 0.009443 0.006097 -0.000000 -0.009331 0.999793 -0.018086 4.480100 -0.006267 0.018028 0.999818 0.000000 0.000000 0.000000 0.000000 1.000000
0.999953 0.008971 0.003543 0.000000 -0.008872 0.999598 -0.026924 4.480100 -0.003783 0.026891 0.999631 0.000000 0.000000 0.000000 0.000000 1.000000
0.999940 0.008225 0.007168 0.000000 -0.007953 0.999280 -0.037099 4.480100 -0.007468 0.037040 0.999286 -0.000000 0.000000 0.000000 0.000000 1.000000
0.999859 0.008139 0.014689 -0.000000 -0.007449 0.998893 -0.046447 4.480100 -0.015051 0.046331 0.998813 -0.000000 0.000000 0.000000 0.000000 1.000000
0.999757 0.009206 0.020047 -0.000000 -0.008071 0.998400 -0.055968 4.480100 -0.020530 0.055792 0.998231 -0.000000 0.000000 0.000000 0.000000 1.000000
0.999658 0.010850 0.023793 0.000000 -0.009296 0.997876 -0.064468 4.480100 -0.024442 0.064225 0.997636 -0.000000 0.000000 0.000000 0.000000 1.000000</float_array><technique_common><accessor source="#mixamorig_Spine1-Matrix-animation-output-transform-array" count="35" stride="16"><param type="float4x4"/></accessor></technique_common></source><source id="mixamorig_Spine1-Interpolations"><Name_array id="mixamorig_Spine1-Interpolations-array" count="35">
 LINEAR LINEAR LINEAR LINEAR LINEAR LINEAR LINEAR LINEAR LINEAR LINEAR LINEAR
LINEAR LINEAR LINEAR LINEAR LINEAR LINEAR LINEAR LINEAR LINEAR LINEAR LINEAR LINEAR
LINEAR LINEAR LINEAR LINEAR LINEAR LINEAR LINEAR LINEAR LINEAR LINEAR LINEAR LINEAR</Name_array><technique_common><accessor source="#mixamorig_Spine1-Interpolations-array" count="35"><param type="name"/></accessor></technique_common></source><sampler id="mixamorig_Spine1-Matrix-animation-transform"><input semantic="INPUT" source="#mixamorig_Spine1-Matrix-animation-input"/><input semantic="OUTPUT" source="#mixamorig_Spine1-Matrix-animation-output-transform"/><input semantic="INTERPOLATION" source="#mixamorig_Spine1-Interpolations"/></sampler><channel source="#mixamorig_Spine1-Matrix-animation-transform" target="mixamorig_Spine1/matrix"/></animation>
    <animation id="mixamorig_Spine2-anim" name="mixamorig_Spine2"><source id="mixamorig_Spine2-Matrix-animation-input"><float_array id="mixamorig_Spine2-Matrix-animation-input-array" count="35">

0.000000 0.033333 0.066667 0.100000 0.133333 0.166667 0.200000 0.233333 0.266667 0.300000 0.333333 0.366667 0.400000 0.433333 0.466667 0.500000
0.533333 0.566667 0.600000 0.633333 0.666667 0.700000 0.733333 0.766667 0.800000 0.833333 0.866667 0.900000 0.933333 0.966667 1.000000 1.033333
1.066667 1.100000 1.133333</float_array><technique_common><accessor source="#mixamorig_Spine2-Matrix-animation-input-array" count="35"><param name="TIME" type="float"/></accessor></technique_common></source><source id="mixamorig_Spine2-Matrix-animation-output-transform"><float_array id="mixamorig_Spine2-Matrix-animation-output-transform-array" count="560">

0.999628 0.010722 0.025072 -0.000000 -0.009089 0.997887 -0.064341 5.120100 -0.025709 0.064089 0.997613 -0.000000 0.000000 0.000000 0.000000 1.000000
0.999501 0.014287 0.028170 0.000000 -0.012729 0.998419 -0.054743 5.120100 -0.028907 0.054357 0.998103 -0.000000 0.000000 0.000000 0.000000 1.000000
0.999089 0.019717 0.037860 0.000000 -0.018058 0.998883 -0.043660 5.120100 -0.038679 0.042937 0.998329 0.000000 0.000000 0.000000 0.000000 1.000000
0.998094 0.024917 0.056452 0.000000 -0.023232 0.999270 -0.030316 5.120100 -0.057166 0.028947 0.997945 -0.000000 0.000000 0.000000 0.000000 1.000000
0.996550 0.024754 0.079213 0.000000 -0.023657 0.999611 -0.014752 5.120100 -0.079547 0.012827 0.996749 0.000000 0.000000 0.000000 0.000000 1.000000
0.994229 0.025133 0.104293 0.000000 -0.024944 0.999684 -0.003120 5.120100 -0.104339 0.000501 0.994542 0.000000 0.000000 0.000000 0.000000 1.000000
0.992420 0.018605 0.121473 -0.000000 -0.019230 0.999807 0.003976 5.120100 -0.121376 -0.006282 0.992587 0.000000 0.000000 0.000000 0.000000 1.000000
0.992261 0.003127 0.124130 0.000000 -0.004043 0.999966 0.007129 5.120100 -0.124104 -0.007576 0.992240 -0.000000 0.000000 0.000000 0.000000 1.000000
0.993914 -0.009177 0.109772 0.000000 0.008439 0.999939 0.007187 5.120100 -0.109831 -0.006217 0.993931 0.000000 0.000000 0.000000 0.000000 1.000000
0.996688 -0.014874 0.079952 0.000000 0.014546 0.999883 0.004685 5.120100 -0.080012 -0.003507 0.996788 0.000000 0.000000 0.000000 0.000000 1.000000
0.998520 -0.017860 0.051366 0.000000 0.017754 0.999839 0.002528 5.120100 -0.051403 -0.001612 0.998677 0.000000 0.000000 0.000000 0.000000 1.000000
0.999158 -0.016953 0.037365 0.000000 0.016855 0.999854 0.002911 5.120100 -0.037409 -0.002278 0.999297 -0.000000 0.000000 0.000000 0.000000 1.000000
0.999251 -0.015736 0.035359 0.000000 0.015613 0.999871 0.003755 5.120100 -0.035414 -0.003200 0.999368 0.000000 0.000000 0.000000 0.000000 1.000000
0.999165 -0.014628 0.038148 -0.000000 0.014465 0.999885 0.004533 5.120100 -0.038210 -0.003978 0.999262 0.000000 0.000000 0.000000 0.000000 1.000000
0.999120 -0.013438 0.039723 -0.000000 0.013237 0.999898 0.005329 5.120100 -0.039790 -0.004798 0.999197 0.000000 0.000000 0.000000 0.000000 1.000000
0.999186 -0.012405 0.038375 -0.000000 0.012181 0.999907 0.006065 5.120100 -0.038447 -0.005592 0.999245 -0.000000 0.000000 0.000000 0.000000 1.000000
0.999180 -0.012213 0.038599 -0.000000 0.011972 0.999907 0.006458 5.120100 -0.038674 -0.005991 0.999234 0.000000 0.000000 0.000000 0.000000 1.000000
0.999157 -0.012211 0.039183 0.000000 0.011954 0.999906 0.006782 5.120100 -0.039262 -0.006308 0.999209 0.000000 0.000000 0.000000 0.000000 1.000000
0.999130 -0.012260 0.039859 0.000000 0.011987 0.999903 0.007089 5.120100 -0.039942 -0.006605 0.999180 0.000000 0.000000 0.000000 0.000000 1.000000
0.999097 -0.012320 0.040673 -0.000000 0.012031 0.999901 0.007365 5.120100 -0.040760 -0.006869 0.999145 0.000000 0.000000 0.000000 0.000000 1.000000
0.999055 -0.012351 0.041678 -0.000000 0.012044 0.999899 0.007603 5.120100 -0.041768 -0.007094 0.999102 -0.000000 0.000000 0.000000 0.000000 1.000000
0.999004 -0.012254 0.042899 0.000000 0.011931 0.999898 0.007788 5.120100 -0.042990 -0.007268 0.999049 0.000000 0.000000 0.000000 0.000000 1.000000
0.998921 -0.011383 0.045036 0.000000 0.011047 0.999909 0.007705 5.120100 -0.045120 -0.007199 0.998956 0.000000 0.000000 0.000000 0.000000 1.000000
0.998672 -0.006215 0.051141 -0.000000 0.005909 0.999964 0.006127 5.120100 -0.051177 -0.005816 0.998673 -0.000000 0.000000 0.000000 0.000000 1.000000
0.998662 0.000775 0.051715 0.000000 -0.000970 0.999992 0.003759 5.120100 -0.051711 -0.003804 0.998655 0.000000 0.000000 0.000000 0.000000 1.000000
0.998940 0.005615 0.045692 0.000000 -0.005693 0.999983 0.001574 5.120100 -0.045682 -0.001832 0.998954 0.000000 0.000000 0.000000 0.000000 1.000000
0.999354 0.007927 0.035047 0.000000 -0.007922 0.999969 -0.000285 5.120100 -0.035048 0.000007 0.999386 0.000000 0.000000 0.000000 0.000000 1.000000
0.999722 0.008986 0.021809 -0.000000 -0.008896 0.999952 -0.004224 5.120100 -0.021846 0.004028 0.999753 0.000000 0.000000 0.000000 0.000000 1.000000
0.999884 0.009595 0.011807 0.000000 -0.009475 0.999904 -0.010157 5.120100 -0.011903 0.010044 0.999879 0.000000 0.000000 0.000000 0.000000 1.000000
0.999933 0.009442 0.006747 0.000000 -0.009319 0.999794 -0.018040 5.120100 -0.006916 0.017976 0.999815 0.000000 0.000000 0.000000 0.000000 1.000000
0.999951 0.008892 0.004261 0.000000 -0.008774 0.999601 -0.026862 5.120100 -0.004499 0.026823 0.999630 0.000000 0.000000 0.000000 0.000000 1.000000
0.999935 0.008121 0.007985 -0.000000 -0.007821 0.999284 -0.037008 5.120100 -0.008280 0.036943 0.999283 0.000000 0.000000 0.000000 0.000000 1.000000
0.999845 0.008049 0.015634 -0.000000 -0.007317 0.998899 -0.046346 5.120100 -0.015990 0.046225 0.998803 0.000000 0.000000 0.000000 0.000000 1.000000
0.999735 0.009101 0.021157 0.000000 -0.007907 0.998408 -0.055856 5.120100 -0.021632 0.055674 0.998215 0.000000 0.000000 0.000000 0.000000 1.000000
0.999628 0.010722 0.025072 0.000000 -0.009089 0.997887 -0.064341 5.120100 -0.025709 0.064089 0.997613 0.000000 0.000000 0.000000 0.000000 1.000000</float_array><technique_common><accessor source="#mixamorig_Spine2-Matrix-animation-output-transform-array" count="35" stride="16"><param type="float4x4"/></accessor></technique_common></source><source id="mixamorig_Spine2-Interpolations"><Name_array id="mixamorig_Spine2-Interpolations-array" count="35">
 LINEAR LINEAR LINEAR LINEAR LINEAR LINEAR LINEAR LINEAR LINEAR LINEAR LINEAR
LINEAR LINEAR LINEAR LINEAR LINEAR LINEAR LINEAR LINEAR LINEAR LINEAR LINEAR LINEAR
LINEAR LINEAR LINEAR LINEAR LINEAR LINEAR LINEAR LINEAR LINEAR LINEAR LINEAR LINEAR</Name_array><technique_common><accessor source="#mixamorig_Spine2-Interpolations-array" count="35"><param type="name"/></accessor></technique_common></source><sampler id="mixamorig_Spine2-Matrix-animation-transform"><input semantic="INPUT" source="#mixamorig_Spine2-Matrix-animation-input"/><input semantic="OUTPUT" source="#mixamorig_Spine2-Matrix-animation-output-transform"/><input semantic="INTERPOLATION" source="#mixamorig_Spine2-Interpolations"/></sampler><channel source="#mixamorig_Spine2-Matrix-animation-transform" target="mixamorig_Spine2/matrix"/></animation>
    <animation id="mixamorig_Neck-anim" name="mixamorig_Neck"><source id="mixamorig_Neck-Matrix-animation-input"><float_array id="mixamorig_Neck-Matrix-animation-input-array" count="35">

0.000000 0.033333 0.066667 0.100000 0.133333 0.166667 0.200000 0.233333 0.266667 0.300000 0.333333 0.366667 0.400000 0.433333 0.466667 0.500000
0.533333 0.566667 0.600000 0.633333 0.666667 0.700000 0.733333 0.766667 0.800000 0.833333 0.866667 0.900000 0.933333 0.966667 1.000000 1.033333
1.066667 1.100000 1.133333</float_array><technique_common><accessor source="#mixamorig_Neck-Matrix-animation-input-array" count="35"><param name="TIME" type="float"/></accessor></technique_common></source><source id="mixamorig_Neck-Matrix-animation-output-transform"><float_array id="mixamorig_Neck-Matrix-animation-output-transform-array" count="560">

0.999013 -0.039858 0.019593 0.000000 0.038756 0.997804 0.053712 5.760100 -0.021691 -0.052899 0.998364 -0.000000 0.000000 0.000000 0.000000 1.000000
0.999721 -0.008876 0.021910 0.000000 0.008851 0.999960 0.001213 5.760100 -0.021920 -0.001019 0.999759 -0.000000 0.000000 0.000000 0.000000 1.000000
0.999474 0.021697 0.024096 -0.000000 -0.020307 0.998194 -0.056536 5.760100 -0.025279 0.056017 0.998110 0.000000 0.000000 0.000000 0.000000 1.000000
0.998083 0.053377 0.031327 0.000000 -0.049489 0.992253 -0.113953 5.760100 -0.037167 0.112185 0.992992 0.000000 0.000000 0.000000 0.000000 1.000000
0.995385 0.080382 0.052408 0.000000 -0.071526 0.985603 -0.153198 5.760100 -0.063968 0.148743 0.986805 -0.000000 0.000000 0.000000 0.000000 1.000000
0.994038 0.078225 0.075951 0.000000 -0.064341 0.983239 -0.170589 5.760100 -0.088023 0.164685 0.982411 0.000000 0.000000 0.000000 0.000000 1.000000
0.991759 0.070862 0.106737 0.000000 -0.052583 0.984849 -0.165247 5.760100 -0.116830 0.158272 0.980459 0.000000 0.000000 0.000000 0.000000 1.000000
0.987193 0.054451 0.149951 0.000000 -0.030207 0.986745 -0.159445 5.760100 -0.156646 0.152873 0.975752 -0.000000 0.000000 0.000000 0.000000 1.000000
0.981136 0.037048 0.189737 0.000000 -0.006904 0.987554 -0.157130 5.760100 -0.193197 0.152855 0.969180 0.000000 0.000000 0.000000 0.000000 1.000000
0.975271 0.026129 0.219465 0.000000 0.009122 0.987382 -0.158094 5.760100 -0.220826 0.156186 0.962726 -0.000000 0.000000 0.000000 0.000000 1.000000
0.970151 0.029103 0.240751 -0.000000 0.010536 0.986777 -0.161740 5.760100 -0.242274 0.159448 0.957016 0.000000 0.000000 0.000000 0.000000 1.000000
0.967304 0.060840 0.246215 -0.000000 -0.018506 0.985145 -0.170725 5.760100 -0.252944 0.160587 0.954060 0.000000 0.000000 0.000000 0.000000 1.000000
0.964372 0.094915 0.246935 -0.000000 -0.051150 0.982707 -0.177963 5.760100 -0.259556 0.158992 0.952550 0.000000 0.000000 0.000000 0.000000 1.000000
0.961429 0.114511 0.250083 -0.000000 -0.071372 0.981936 -0.175237 5.760100 -0.265632 0.150629 0.952234 0.000000 0.000000 0.000000 0.000000 1.000000
0.959964 0.117410 0.254329 0.000000 -0.075269 0.982646 -0.169530 5.760100 -0.269820 0.143600 0.952143 0.000000 0.000000 0.000000 0.000000 1.000000
0.959696 0.116531 0.255743 -0.000000 -0.075958 0.983668 -0.163177 5.760100 -0.270582 0.137175 0.952874 0.000000 0.000000 0.000000 0.000000 1.000000
0.960647 0.116574 0.252125 0.000000 -0.078042 0.984384 -0.157788 5.760100 -0.266582 0.131902 0.954744 -0.000000 0.000000 0.000000 0.000000 1.000000
0.961781 0.117249 0.247446 0.000000 -0.080742 0.984942 -0.152870 5.760100 -0.261644 0.127048 0.956766 0.000000 0.000000 0.000000 0.000000 1.000000
0.962849 0.119791 0.242017 -0.000000 -0.085128 0.985173 -0.148956 5.760100 -0.256272 0.122820 0.958770 -0.000000 0.000000 0.000000 0.000000 1.000000
0.963359 0.131699 0.233654 0.000000 -0.098136 0.983817 -0.149910 5.760100 -0.249616 0.121487 0.960694 0.000000 0.000000 0.000000 0.000000 1.000000
0.962711 0.155895 0.221100 0.000000 -0.122622 0.979951 -0.157034 5.760100 -0.241148 0.124067 0.962525 0.000000 0.000000 0.000000 0.000000 1.000000
0.961648 0.180252 0.206744 0.000000 -0.147410 0.975276 -0.164642 5.760100 -0.231310 0.127851 0.964443 -0.000000 0.000000 0.000000 0.000000 1.000000
0.961765 0.200928 0.186106 0.000000 -0.168883 0.970057 -0.174553 5.760100 -0.215606 0.136449 0.966900 0.000000 0.000000 0.000000 0.000000 1.000000
0.970143 0.202039 0.134175 0.000000 -0.173327 0.964522 -0.199135 5.760100 -0.169648 0.169933 0.970743 0.000000 0.000000 0.000000 0.000000 1.000000
0.977809 0.191207 0.085616 0.000000 -0.168738 0.961004 -0.219088 5.760100 -0.124168 0.199780 0.971942 0.000000 0.000000 0.000000 0.000000 1.000000
0.984837 0.165148 0.053128 0.000000 -0.149684 0.963717 -0.221007 5.760100 -0.087699 0.209704 0.973824 -0.000000 0.000000 0.000000 0.000000 1.000000
0.989029 0.143152 0.036465 0.000000 -0.131851 0.966756 -0.219083 5.760100 -0.066615 0.211871 0.975025 0.000000 0.000000 0.000000 0.000000 1.000000
0.990758 0.130672 0.036372 0.000000 -0.120993 0.972613 -0.198454 5.760100 -0.061308 0.192219 0.979435 0.000000 0.000000 0.000000 0.000000 1.000000
0.992503 0.115909 0.038770 0.000000 -0.107801 0.979669 -0.169196 5.760100 -0.057593 0.163748 0.984820 0.000000 0.000000 0.000000 0.000000 1.000000
0.994531 0.096459 0.040060 0.000000 -0.090228 0.986637 -0.135671 5.760100 -0.052611 0.131315 0.989944 0.000000 0.000000 0.000000 0.000000 1.000000
0.996444 0.074176 0.039979 0.000000 -0.069808 0.992399 -0.101345 5.760100 -0.047192 0.098193 0.994048 0.000000 0.000000 0.000000 0.000000 1.000000
0.998259 0.046975 0.035672 -0.000000 -0.044446 0.996650 -0.068654 5.760100 -0.038778 0.066949 0.997003 0.000000 0.000000 0.000000 0.000000 1.000000
0.999396 0.017408 0.030084 0.000000 -0.016416 0.999323 -0.032911 5.760100 -0.030636 0.032397 0.999005 -0.000000 0.000000 0.000000 0.000000 1.000000
0.999601 -0.012157 0.025502 -0.000000 0.011861 0.999861 0.011718 5.760100 -0.025641 -0.011411 0.999606 -0.000000 0.000000 0.000000 0.000000 1.000000
0.999013 -0.039858 0.019593 0.000000 0.038756 0.997804 0.053712 5.760100 -0.021691 -0.052899 0.998364 -0.000000 0.000000 0.000000 0.000000 1.000000</float_array><technique_common><accessor source="#mixamorig_Neck-Matrix-animation-output-transform-array" count="35" stride="16"><param type="float4x4"/></accessor></technique_common></source><source id="mixamorig_Neck-Interpolations"><Name_array id="mixamorig_Neck-Interpolations-array" count="35">
 LINEAR LINEAR LINEAR LINEAR LINEAR LINEAR LINEAR LINEAR LINEAR LINEAR LINEAR
LINEAR LINEAR LINEAR LINEAR LINEAR LINEAR LINEAR LINEAR LINEAR LINEAR LINEAR LINEAR
LINEAR LINEAR LINEAR LINEAR LINEAR LINEAR LINEAR LINEAR LINEAR LINEAR LINEAR LINEAR</Name_array><technique_common><accessor source="#mixamorig_Neck-Interpolations-array" count="35"><param type="name"/></accessor></technique_common></source><sampler id="mixamorig_Neck-Matrix-animation-transform"><input semantic="INPUT" source="#mixamorig_Neck-Matrix-animation-input"/><input semantic="OUTPUT" source="#mixamorig_Neck-Matrix-animation-output-transform"/><input semantic="INTERPOLATION" source="#mixamorig_Neck-Interpolations"/></sampler><channel source="#mixamorig_Neck-Matrix-animation-transform" target="mixamorig_Neck/matrix"/></animation>
    <animation id="mixamorig_Head-anim" name="mixamorig_Head"><source id="mixamorig_Head-Matrix-animation-input"><float_array id="mixamorig_Head-Matrix-animation-input-array" count="35">

0.000000 0.033333 0.066667 0.100000 0.133333 0.166667 0.200000 0.233333 0.266667 0.300000 0.333333 0.366667 0.400000 0.433333 0.466667 0.500000
0.533333 0.566667 0.600000 0.633333 0.666667 0.700000 0.733333 0.766667 0.800000 0.833333 0.866667 0.900000 0.933333 0.966667 1.000000 1.033333
1.066667 1.100000 1.133333</float_array><technique_common><accessor source="#mixamorig_Head-Matrix-animation-input-array" count="35"><param name="TIME" type="float"/></accessor></technique_common></source><source id="mixamorig_Head-Matrix-animation-output-transform"><float_array id="mixamorig_Head-Matrix-animation-output-transform-array" count="560">

0.989033 0.057018 0.136242 0.000000 -0.088932 0.966406 0.241145 2.286400 -0.117916 -0.250617 0.960878 0.666300 0.000000 0.000000 0.000000 1.000000
0.993669 0.024739 0.109593 0.000000 -0.051553 0.967102 0.249112 2.286400 -0.099825 -0.253184 0.962254 0.666300 0.000000 0.000000 0.000000 1.000000
0.995809 -0.003494 0.091386 0.000000 -0.019770 0.967416 0.252418 2.286400 -0.089290 -0.253167 0.963293 0.666300 0.000000 0.000000 0.000000 1.000000
0.994928 -0.015164 0.099436 0.000000 -0.010853 0.966615 0.256003 2.286400 -0.099998 -0.255784 0.961548 0.666300 0.000000 0.000000 0.000000 1.000000
0.987983 -0.025350 0.152469 0.000000 -0.014842 0.966340 0.256840 2.286400 -0.153848 -0.256017 0.954351 0.666300 0.000000 0.000000 0.000000 1.000000
0.972984 -0.056236 0.223919 0.000000 0.002028 0.971925 0.235282 2.286400 -0.230864 -0.228472 0.945781 0.666300 0.000000 0.000000 0.000000 1.000000
0.946058 -0.085901 0.312401 -0.000000 0.026300 0.981392 0.190207 2.286400 -0.322927 -0.171731 0.930713 0.666300 0.000000 0.000000 0.000000 1.000000
0.894188 -0.097402 0.436966 -0.000000 0.031548 0.987328 0.155524 2.286400 -0.446578 -0.125282 0.885930 0.666300 0.000000 0.000000 0.000000 1.000000
0.836210 -0.118508 0.535452 -0.000000 0.049553 0.988706 0.141438 2.286400 -0.546166 -0.091738 0.832638 0.666300 0.000000 0.000000 0.000000 1.000000
0.793736 -0.153551 0.588562 0.000000 0.080230 0.985587 0.148933 2.286400 -0.602948 -0.070993 0.794616 0.666300 0.000000 0.000000 0.000000 1.000000
0.767859 -0.184157 0.613579 0.000000 0.103173 0.980837 0.165269 2.286400 -0.632257 -0.063598 0.772144 0.666300 0.000000 0.000000 0.000000 1.000000
0.776373 -0.194202 0.599608 0.000000 0.099618 0.977198 0.187511 2.286400 -0.622351 -0.085847 0.778017 0.666300 0.000000 0.000000 0.000000 1.000000
0.791016 -0.195419 0.579745 0.000000 0.089988 0.974471 0.205692 2.286400 -0.605141 -0.110535 0.788408 0.666300 0.000000 0.000000 0.000000 1.000000
0.794014 -0.195465 0.575617 0.000000 0.089434 0.974153 0.207431 2.286400 -0.601285 -0.113224 0.790972 0.666300 0.000000 0.000000 0.000000 1.000000
0.787652 -0.182503 0.588470 0.000000 0.077879 0.976952 0.198745 2.286400 -0.611178 -0.110712 0.783712 0.666300 0.000000 0.000000 0.000000 1.000000
0.785950 -0.186328 0.589546 0.000000 0.078669 0.975897 0.203558 2.286400 -0.613265 -0.113607 0.781665 0.666300 0.000000 0.000000 0.000000 1.000000
0.793003 -0.187456 0.579661 0.000000 0.076500 0.974592 0.210517 2.286400 -0.604396 -0.122597 0.787195 0.666300 0.000000 0.000000 0.000000 1.000000
0.801826 -0.187392 0.567415 0.000000 0.073442 0.973261 0.217643 2.286400 -0.593028 -0.132840 0.794148 0.666300 0.000000 0.000000 0.000000 1.000000
0.812302 -0.186408 0.552646 -0.000000 0.070347 0.971946 0.224438 2.286400 -0.578979 -0.143434 0.802627 0.666300 0.000000 0.000000 0.000000 1.000000
0.830250 -0.181673 0.526953 -0.000000 0.067160 0.971110 0.228985 2.286400 -0.553330 -0.154725 0.818466 0.666300 0.000000 0.000000 0.000000 1.000000
