<?xml version="1.0" encoding="utf-8"?>
<COLLADA xmlns="http://www.collada.org/2005/11/COLLADASchema" version="1.4.1">
  <asset>
    <contributor>
      <authoring_tool>FBX COLLADA exporter</authoring_tool>
    </contributor>
    <created>2020-03-17T13:22:36Z</created>
    <modified>2020-03-17T13:22:36Z</modified>
    <unit meter="0.010000" name="centimeter"/>
    <up_axis>Y_UP</up_axis>
  </asset>
  <library_animations>
    <animation id="mixamorig_Hips-anim" name="mixamorig_Hips">
      <animation>
        <source id="mixamorig_Hips-Matrix-animation-input">
          <float_array id="mixamorig_Hips-Matrix-animation-input-array" count="34">

0.000000 0.041667 0.083333 0.125000 0.166667 0.208333 0.250000 0.291667 0.333333 0.375000 0.416667 0.458333 0.500000 0.541667 0.583333 0.625000
0.666667 0.708333 0.750000 0.791667 0.833333 0.875000 0.916667 0.958333 1.000000 1.041667 1.083333 1.125000 1.166667 1.208333 1.250000 1.291667
1.333333 1.375000</float_array>
          <technique_common>
            <accessor source="#mixamorig_Hips-Matrix-animation-input-array" count="34">
              <param name="TIME" type="float"/>
            </accessor>
          </technique_common>
        </source>
        <source id="mixamorig_Hips-Matrix-animation-output-transform">
          <float_array id="mixamorig_Hips-Matrix-animation-output-transform-array" count="544">

-0.727277 0.049348 0.684568 -0.041883 -0.005305 0.996978 -0.077505 15.690287 -0.686324 -0.059999 -0.724817 0.033658 0.000000 0.000000 0.000000 1.000000
-0.759845 0.007859 0.650057 -0.041883 0.016430 0.999840 0.007117 15.343369 -0.649896 0.016088 -0.759853 0.033658 0.000000 0.000000 0.000000 1.000000
-0.793008 -0.035843 0.608155 -0.041883 0.028061 0.995059 0.095236 14.990995 -0.608564 0.092588 -0.788084 0.033658 0.000000 0.000000 0.000000 1.000000
-0.842143 -0.061323 0.535756 -0.041883 0.050137 0.980306 0.191016 14.859868 -0.536918 0.187724 -0.822483 0.033658 0.000000 0.000000 0.000000 1.000000
-0.878948 -0.087103 0.468896 -0.041883 0.074518 0.946022 0.315419 14.621917 -0.471060 0.312178 -0.825013 0.033658 0.000000 0.000000 0.000000 1.000000
-0.929398 -0.065571 0.363208 -0.041883 0.143613 0.842286 0.519548 13.839765 -0.339992 0.535028 -0.773402 0.033658 0.000000 0.000000 0.000000 1.000000
-0.930837 -0.023636 0.364669 -0.041883 0.240862 0.710788 0.660883 13.039313 -0.274823 0.703009 -0.655935 0.033658 0.000000 0.000000 0.000000 1.000000
-0.931936 0.020105 0.362065 -0.041883 0.293727 0.627371 0.721201 11.961245 -0.212649 0.778461 -0.590575 0.033658 0.000000 0.000000 0.000000 1.000000
-0.947907 0.021110 0.317846 -0.041883 0.282887 0.514509 0.809479 11.471891 -0.146447 0.857226 -0.493678 0.033658 0.000000 0.000000 0.000000 1.000000
-0.948032 0.012010 0.317949 -0.041883 0.298519 0.379365 0.875767 12.687918 -0.110101 0.925169 -0.363236 0.033658 0.000000 0.000000 0.000000 1.000000
-0.953020 0.029064 0.301509 -0.041883 0.300999 0.202394 0.931900 13.909596 -0.033939 0.978873 -0.201634 0.033658 0.000000 0.000000 0.000000 1.000000
-0.971996 -0.009950 0.234789 -0.041883 0.234984 -0.052670 0.970571 14.694099 0.002710 0.998562 0.053533 0.033658 0.000000 0.000000 0.000000 1.000000
-0.982200 -0.072279 0.173376 -0.041883 0.187491 -0.321097 0.928302 14.636234 -0.011426 0.944284 0.328933 0.033658 0.000000 0.000000 0.000000 1.000000
-0.954744 -0.137133 0.263930 -0.041883 0.293358 -0.580489 0.759588 13.591734 0.049044 0.802638 0.594447 0.033658 0.000000 0.000000 0.000000 1.000000
-0.859468 -0.269649 0.434286 -0.041883 0.472711 -0.742605 0.474429 11.947627 0.194574 0.613048 0.765711 0.033658 0.000000 0.000000 0.000000 1.000000
-0.704094 -0.404016 0.583972 -0.041883 0.550933 -0.829653 0.090271 9.579149 0.448023 0.385289 0.806739 0.033658 0.000000 0.000000 0.000000 1.000000
-0.524561 -0.556980 0.643901 -0.041883 0.413327 -0.827806 -0.379339 6.577959 0.744310 0.067155 0.664449 0.033658 0.000000 0.000000 0.000000 1.000000
-0.037413 -0.540131 -0.840749 -0.041883 0.475151 0.730530 -0.490466 4.976538 0.879108 -0.417833 0.229313 0.033658 0.000000 0.000000 0.000000 1.000000
-0.508024 -0.661188 0.552035 -0.041883 -0.517755 -0.277777 -0.809179 4.477447 0.688362 -0.696901 -0.201216 0.033658 0.000000 0.000000 0.000000 1.000000
-0.540709 -0.504132 0.673412 -0.041883 -0.808649 0.090932 -0.581221 3.805959 0.231777 -0.858826 -0.456834 0.033658 0.000000 0.000000 0.000000 1.000000
-0.552856 -0.484105 0.678228 -0.041883 -0.808215 0.509646 -0.295040 3.656011 -0.202826 -0.711268 -0.673022 0.033658 0.000000 0.000000 0.000000 1.000000
-0.526080 -0.483587 0.699560 -0.041883 -0.667864 0.744184 0.012190 4.399473 -0.526496 -0.460798 -0.714470 0.033658 0.000000 0.000000 0.000000 1.000000
-0.536135 -0.384432 0.751512 -0.041883 -0.471331 0.874905 0.111301 5.337352 -0.700290 -0.294539 -0.650262 0.033658 0.000000 0.000000 0.000000 1.000000
-0.558577 -0.317878 0.766123 -0.041883 -0.337520 0.930829 0.140132 6.806931 -0.757675 -0.180307 -0.627230 0.033658 0.000000 0.000000 0.000000 1.000000
-0.594939 -0.261732 0.759963 -0.041883 -0.217877 0.962612 0.160959 8.650041 -0.773678 -0.069818 -0.629721 0.033658 0.000000 0.000000 0.000000 1.000000
-0.582929 -0.204133 0.786463 -0.041883 -0.142805 0.978599 0.148156 10.538674 -0.799876 -0.025947 -0.599605 0.033658 0.000000 0.000000 0.000000 1.000000
-0.570189 0.149662 -0.807766 -0.041883 -0.086585 -0.988737 -0.122074 12.275044 -0.816938 0.000336 0.576726 0.033658 0.000000 0.000000 0.000000 1.000000
-0.554149 -0.106332 0.825599 -0.041883 -0.039162 0.994040 0.101741 13.864168 -0.831496 0.024047 -0.555010 0.033658 0.000000 0.000000 0.000000 1.000000
-0.556575 -0.067218 0.828074 -0.041883 -0.011171 0.997237 0.073441 15.192767 -0.830722 0.031625 -0.555788 0.033658 0.000000 0.000000 0.000000 1.000000
0.002624 -0.999620 -0.027461 -0.041883 -0.605076 -0.023451 0.795823 15.795179 -0.796164 0.014528 -0.604907 0.033658 0.000000 0.000000 0.000000 1.000000
-0.657476 -0.003564 -0.753467 -0.041883 0.001416 -0.999993 0.003494 15.994116 -0.753474 0.001231 0.657477 0.033658 0.000000 0.000000 0.000000 1.000000
0.000620 -0.999675 0.025467 -0.041883 -0.684057 0.018153 0.729202 15.908151 -0.729428 -0.017873 -0.683824 0.033658 0.000000 0.000000 0.000000 1.000000
-0.706850 0.032654 0.706609 -0.041883 0.000929 0.998976 -0.045236 15.753174 -0.707363 -0.031318 -0.706156 0.033658 0.000000 0.000000 0.000000 1.000000
-0.717878 0.044364 0.694753 -0.041883 -0.003472 0.997727 -0.067299 15.707662 -0.696160 -0.050725 -0.716092 0.033658 0.000000 0.000000 0.000000 1.000000</float_array>
          <technique_common>
            <accessor source="#mixamorig_Hips-Matrix-animation-output-transform-array" count="34" stride="16">
              <param type="float4x4"/>
            </accessor>
          </technique_common>
        </source>
        <source id="mixamorig_Hips-Interpolations">
          <Name_array id="mixamorig_Hips-Interpolations-array" count="34">
 LINEAR LINEAR LINEAR LINEAR LINEAR LINEAR LINEAR LINEAR LINEAR LINEAR LINEAR
LINEAR LINEAR LINEAR LINEAR LINEAR LINEAR LINEAR LINEAR LINEAR LINEAR LINEAR LINEAR
LINEAR LINEAR LINEAR LINEAR LINEAR LINEAR LINEAR LINEAR LINEAR LINEAR LINEAR</Name_array>
          <technique_common>
            <accessor source="#mixamorig_Hips-Interpolations-array" count="34">
              <param type="name"/>
            </accessor>
          </technique_common>
        </source>
        <sampler id="mixamorig_Hips-Matrix-animation-transform">
          <input semantic="INPUT" source="#mixamorig_Hips-Matrix-animation-input"/>
          <input semantic="OUTPUT" source="#mixamorig_Hips-Matrix-animation-output-transform"/>
          <input semantic="INTERPOLATION" source="#mixamorig_Hips-Interpolations"/>
        </sampler>
        <channel source="#mixamorig_Hips-Matrix-animation-transform" target="mixamorig_Hips/matrix"/>
      </animation>
    </animation>
    <animation id="mixamorig_Spine-anim" name="mixamorig_Spine">
      <animation>
        <source id="mixamorig_Spine-Matrix-animation-input">
          <float_array id="mixamorig_Spine-Matrix-animation-input-array" count="34">

0.000000 0.041667 0.083333 0.125000 0.166667 0.208333 0.250000 0.291667 0.333333 0.375000 0.416667 0.458333 0.500000 0.541667 0.583333 0.625000
0.666667 0.708333 0.750000 0.791667 0.833333 0.875000 0.916667 0.958333 1.000000 1.041667 1.083333 1.125000 1.166667 1.208333 1.250000 1.291667
1.333333 1.375000</float_array>
          <technique_common>
            <accessor source="#mixamorig_Spine-Matrix-animation-input-array" count="34">
              <param name="TIME" type="float"/>
            </accessor>
          </technique_common>
        </source>
        <source id="mixamorig_Spine-Matrix-animation-output-transform">
          <float_array id="mixamorig_Spine-Matrix-animation-output-transform-array" count="544">

0.996197 0.001509 0.087111 -0.000000 0.015912 0.979881 -0.198945 2.185200 -0.085659 0.199575 0.976131 0.680800 0.000000 0.000000 0.000000 1.000000
0.997746 0.009882 0.066381 -0.000000 0.004851 0.975893 -0.218199 2.185200 -0.066937 0.218029 0.973644 0.680800 0.000000 0.000000 0.000000 1.000000
0.998630 0.013903 0.050440 0.000000 -0.001588 0.971659 -0.236382 2.185200 -0.052297 0.235978 0.970350 0.680800 0.000000 0.000000 0.000000 1.000000
0.999212 0.016023 0.036319 0.000000 -0.006617 0.969347 -0.245606 2.185200 -0.039141 0.245173 0.968689 0.680800 0.000000 0.000000 0.000000 1.000000
0.999674 -0.007843 0.024279 0.000000 0.013239 0.972909 -0.230808 2.185200 -0.021811 0.231054 0.972696 0.680800 0.000000 0.000000 0.000000 1.000000
0.999922 -0.012476 -0.000391 0.000000 0.012059 0.973649 -0.227732 2.185200 0.003221 0.227709 0.973724 0.680800 0.000000 0.000000 0.000000 1.000000
0.999959 0.007446 0.005203 -0.000000 -0.006083 0.974287 -0.225229 2.185200 -0.006746 0.225188 0.974292 0.680800 0.000000 0.000000 0.000000 1.000000
0.999705 0.021693 0.010909 0.000000 -0.018646 0.973637 -0.227338 2.185200 -0.015553 0.227068 0.973754 0.680800 0.000000 0.000000 0.000000 1.000000
0.999652 0.024832 0.008938 0.000000 -0.021926 0.969927 -0.242404 2.185200 -0.014689 0.242124 0.970134 0.680800 0.000000 0.000000 0.000000 1.000000
0.999381 0.033377 0.011125 0.000000 -0.029913 0.972553 -0.230753 2.185200 -0.018522 0.230277 0.972949 0.680800 0.000000 0.000000 0.000000 1.000000
0.996480 0.081545 0.019437 0.000000 -0.075167 0.971811 -0.223458 2.185200 -0.037111 0.221210 0.974520 0.680800 0.000000 0.000000 0.000000 1.000000
0.996523 0.081725 0.016198 0.000000 -0.075731 0.969571 -0.232803 2.185200 -0.034731 0.230767 0.972389 0.680800 0.000000 0.000000 0.000000 1.000000
0.998379 0.056914 0.000148 0.000000 -0.055169 0.968402 -0.243215 2.185200 -0.013986 0.242813 0.969972 0.680800 0.000000 0.000000 0.000000 1.000000
0.998416 0.050042 -0.025727 0.000000 -0.054820 0.968165 -0.244236 2.185200 0.012686 0.245260 0.969374 0.680800 0.000000 0.000000 0.000000 1.000000
0.998265 0.051947 -0.027710 0.000000 -0.056837 0.973061 -0.223430 2.185200 0.015357 0.224617 0.974326 0.680800 0.000000 0.000000 0.000000 1.000000
0.998210 0.049953 -0.032888 0.000000 -0.055074 0.982156 -0.179826 2.185200 0.023318 0.181315 0.983149 0.680800 0.000000 0.000000 0.000000 1.000000
0.999044 -0.003431 -0.043576 0.000000 -0.002761 0.989968 -0.141263 2.185200 0.043624 0.141248 0.989013 0.680800 0.000000 0.000000 0.000000 1.000000
0.997606 -0.053767 -0.043500 0.000000 0.044833 0.981678 -0.185196 2.185200 0.052661 0.182803 0.981738 0.680800 0.000000 0.000000 0.000000 1.000000
0.996252 -0.085722 -0.011588 0.000000 0.081969 0.978341 -0.190081 2.185200 0.027631 0.188418 0.981700 0.680800 0.000000 0.000000 0.000000 1.000000
0.996547 -0.082277 0.011156 0.000000 0.083018 0.985094 -0.150657 2.185200 0.001406 0.151063 0.988523 0.680800 0.000000 0.000000 0.000000 1.000000
0.995316 -0.096124 -0.010268 -0.000000 0.093447 0.983881 -0.152467 2.185200 0.024758 0.150793 0.988255 0.680800 0.000000 0.000000 0.000000 1.000000
0.993750 -0.111622 -0.000612 -0.000000 0.109851 0.978926 -0.172155 2.185200 0.019815 0.171012 0.985070 0.680800 0.000000 0.000000 0.000000 1.000000
0.993745 -0.109205 0.023351 0.000000 0.111619 0.977844 -0.177093 2.185200 -0.003494 0.178592 0.983917 0.680800 0.000000 0.000000 0.000000 1.000000
0.994582 -0.090984 0.050287 -0.000000 0.099028 0.976381 -0.192025 2.185200 -0.031628 0.195965 0.980101 0.680800 0.000000 0.000000 0.000000 1.000000
0.995398 -0.061911 0.073150 -0.000000 0.076212 0.974170 -0.212568 2.185200 -0.058100 0.217165 0.974404 0.680800 0.000000 0.000000 0.000000 1.000000
0.994235 -0.057905 0.090250 0.000000 0.076281 0.973462 -0.215763 2.185200 -0.075361 0.221403 0.972266 0.680800 0.000000 0.000000 0.000000 1.000000
0.993457 -0.053501 0.100894 -0.000000 0.074680 0.972746 -0.219519 2.185200 -0.086399 0.225618 0.970377 0.680800 0.000000 0.000000 0.000000 1.000000
0.994117 -0.041372 0.100093 0.000000 0.063207 0.972081 -0.225973 2.185200 -0.087949 0.230970 0.968978 0.680800 0.000000 0.000000 0.000000 1.000000
0.995034 -0.026837 0.095849 0.000000 0.047989 0.973001 -0.225757 2.185200 -0.087203 0.229236 0.969457 0.680800 0.000000 0.000000 0.000000 1.000000
0.995375 -0.017975 0.094367 0.000000 0.038653 0.974250 -0.222131 2.185200 -0.087944 0.224751 0.970439 0.680800 0.000000 0.000000 0.000000 1.000000
0.995584 -0.012573 0.093027 -0.000000 0.033082 0.974406 -0.222348 2.185200 -0.087850 0.224444 0.970519 0.680800 0.000000 0.000000 0.000000 1.000000
0.995642 -0.009783 0.092749 -0.000000 0.029903 0.975465 -0.218113 2.185200 -0.088340 0.219935 0.971506 0.680800 0.000000 0.000000 0.000000 1.000000
0.995872 -0.004389 0.090666 -0.000000 0.023494 0.977259 -0.210745 2.185200 -0.087679 0.212005 0.973327 0.680800 0.000000 0.000000 0.000000 1.000000
0.996026 -0.000820 0.089064 0.000000 0.018934 0.979052 -0.202725 2.185200 -0.087032 0.203606 0.975177 0.680800 0.000000 0.000000 0.000000 1.000000</float_array>
          <technique_common>
            <accessor source="#mixamorig_Spine-Matrix-animation-output-transform-array" count="34" stride="16">
              <param type="float4x4"/>
            </accessor>
          </technique_common>
        </source>
        <source id="mixamorig_Spine-Interpolations">
          <Name_array id="mixamorig_Spine-Interpolations-array" count="34">
 LINEAR LINEAR LINEAR LINEAR LINEAR LINEAR LINEAR LINEAR LINEAR LINEAR LINEAR
LINEAR LINEAR LINEAR LINEAR LINEAR LINEAR LINEAR LINEAR LINEAR LINEAR LINEAR LINEAR
LINEAR LINEAR LINEAR LINEAR LINEAR LINEAR LINEAR LINEAR LINEAR LINEAR LINEAR</Name_array>
          <technique_common>
            <accessor source="#mixamorig_Spine-Interpolations-array" count="34">
              <param type="name"/>
            </accessor>
          </technique_common>
        </source>
        <sampler id="mixamorig_Spine-Matrix-animation-transform">
          <input semantic="INPUT" source="#mixamorig_Spine-Matrix-animation-input"/>
          <input semantic="OUTPUT" source="#mixamorig_Spine-Matrix-animation-output-transform"/>
          <input semantic="INTERPOLATION" source="#mixamorig_Spine-Interpolations"/>
        </sampler>
        <channel source="#mixamorig_Spine-Matrix-animation-transform" target="mixamorig_Spine/matrix"/>
      </animation>
    </animation>
    <animation id="mixamorig_Spine1-anim" name="mixamorig_Spine1">
      <animation>
        <source id="mixamorig_Spine1-Matrix-animation-input">
          <float_array id="mixamorig_Spine1-Matrix-animation-input-array" count="34">

0.000000 0.041667 0.083333 0.125000 0.166667 0.208333 0.250000 0.291667 0.333333 0.375000 0.416667 0.458333 0.500000 0.541667 0.583333 0.625000
0.666667 0.708333 0.750000 0.791667 0.833333 0.875000 0.916667 0.958333 1.000000 1.041667 1.083333 1.125000 1.166667 1.208333 1.250000 1.291667
1.333333 1.375000</float_array>
          <technique_common>
            <accessor source="#mixamorig_Spine1-Matrix-animation-input-array" count="34">
              <param name="TIME" type="float"/>
            </accessor>
          </technique_common>
        </source>
        <source id="mixamorig_Spine1-Matrix-animation-output-transform">
          <float_array id="mixamorig_Spine1-Matrix-animation-output-transform-array" count="544">

0.986155 -0.004002 0.165777 -0.000000 -0.029393 0.979660 0.198501 2.670200 -0.163199 -0.200625 0.965979 0.000000 0.000000 0.000000 0.000000 1.000000
0.991603 -0.009058 0.128999 0.000000 -0.012238 0.986494 0.163343 2.670200 -0.128736 -0.163550 0.978099 0.000000 0.000000 0.000000 0.000000 1.000000
0.994940 -0.020928 0.098266 0.000000 0.008175 0.991685 0.128430 2.670200 -0.100136 -0.126976 0.986839 0.000000 0.000000 0.000000 0.000000 1.000000
0.997601 -0.019454 0.066437 0.000000 0.012099 0.993929 0.109364 2.670200 -0.068161 -0.108298 0.991779 0.000000 0.000000 0.000000 0.000000 1.000000
0.999336 -0.010588 0.034874 0.000000 0.005696 0.990487 0.137492 2.670200 -0.035998 -0.137202 0.989889 0.000000 0.000000 0.000000 0.000000 1.000000
0.999799 0.019189 0.005800 0.000000 -0.019824 0.989416 0.143748 2.670200 -0.002981 -0.143834 0.989597 0.000000 0.000000 0.000000 0.000000 1.000000
0.999160 0.032428 0.025025 0.000000 -0.035796 0.988244 0.148637 2.670200 -0.019911 -0.149408 0.988575 0.000000 0.000000 0.000000 0.000000 1.000000
0.998544 0.043031 0.032547 0.000000 -0.047300 0.988388 0.144405 2.670200 -0.025955 -0.145734 0.988983 0.000000 0.000000 0.000000 0.000000 1.000000
0.997988 0.055824 0.030073 -0.000000 -0.058898 0.991787 0.113529 2.670200 -0.023488 -0.115072 0.993079 0.000000 0.000000 0.000000 0.000000 1.000000
0.997571 0.063682 0.028205 0.000000 -0.066969 0.988271 0.137242 2.670200 -0.019134 -0.138798 0.990136 -0.000000 0.000000 0.000000 0.000000 1.000000
0.995968 0.088033 0.017263 0.000000 -0.089642 0.984086 0.153421 2.670200 -0.003482 -0.154350 0.988010 0.000000 0.000000 0.000000 0.000000 1.000000
0.994447 0.104084 0.015538 -0.000000 -0.105229 0.985359 0.134144 2.670200 -0.001348 -0.135034 0.990840 0.000000 0.000000 0.000000 0.000000 1.000000
0.992695 0.120477 0.006525 0.000000 -0.120446 0.986358 0.112207 2.670200 0.007082 -0.112173 0.993663 0.000000 0.000000 0.000000 0.000000 1.000000
0.986033 0.166165 -0.011346 0.000000 -0.163893 0.980161 0.111454 2.670200 0.029640 -0.108037 0.993705 0.000000 0.000000 0.000000 0.000000 1.000000
0.983644 0.179896 0.009008 0.000000 -0.179144 0.971877 0.152850 2.670200 0.018743 -0.151964 0.988208 -0.000000 0.000000 0.000000 0.000000 1.000000
0.986532 0.163249 0.010165 0.000000 -0.160887 0.957304 0.240174 2.670200 0.029478 -0.238575 0.970677 0.000000 0.000000 0.000000 0.000000 1.000000
0.998565 0.052955 -0.007991 0.000000 -0.047720 0.947542 0.316049 2.670200 0.024308 -0.315214 0.948709 0.000000 0.000000 0.000000 0.000000 1.000000
0.999121 -0.039590 -0.013766 -0.000000 0.041698 0.972235 0.230260 2.670200 0.004267 -0.230631 0.973032 0.000000 0.000000 0.000000 0.000000 1.000000
0.997837 -0.065526 -0.005308 -0.000000 0.065089 0.973367 0.219817 2.670200 -0.009237 -0.219686 0.975527 0.000000 0.000000 0.000000 0.000000 1.000000
0.997514 -0.069298 0.012764 0.000000 0.062439 0.953241 0.295689 2.670200 -0.032658 -0.294157 0.955199 0.000000 0.000000 0.000000 0.000000 1.000000
0.996680 -0.079919 0.015564 -0.000000 0.071869 0.953373 0.293112 2.670200 -0.038263 -0.291020 0.955952 -0.000000 0.000000 0.000000 0.000000 1.000000
0.991883 -0.120223 0.041417 0.000000 0.105892 0.961286 0.254396 2.670200 -0.070398 -0.247945 0.966213 0.000000 0.000000 0.000000 0.000000 1.000000
0.991946 -0.109255 0.064081 -0.000000 0.090694 0.965832 0.242783 2.670200 -0.088417 -0.235016 0.967962 -0.000000 0.000000 0.000000 0.000000 1.000000
0.992492 -0.091535 0.081116 0.000000 0.072590 0.974644 0.211660 2.670200 -0.098434 -0.204182 0.973972 -0.000000 0.000000 0.000000 0.000000 1.000000
0.991396 -0.082972 0.101238 0.000000 0.064717 0.982991 0.171873 2.670200 -0.113777 -0.163842 0.979903 -0.000000 0.000000 0.000000 0.000000 1.000000
0.987904 -0.070603 0.138065 0.000000 0.047591 0.985414 0.163383 2.670200 -0.147587 -0.154836 0.976854 0.000000 0.000000 0.000000 0.000000 1.000000
0.985679 -0.040032 0.163814 0.000000 0.014985 0.988364 0.151365 2.670200 -0.167967 -0.146743 0.974810 -0.000000 0.000000 0.000000 0.000000 1.000000
0.984853 -0.016138 0.172635 -0.000000 -0.007825 0.990509 0.137229 2.670200 -0.173211 -0.136501 0.975380 0.000000 0.000000 0.000000 0.000000 1.000000
0.984433 -0.008189 0.175569 -0.000000 -0.016661 0.990068 0.139597 2.670200 -0.174968 -0.140349 0.974520 0.000000 0.000000 0.000000 0.000000 1.000000
0.984321 -0.010163 0.176095 0.000000 -0.016435 0.988712 0.148927 2.670200 -0.175620 -0.149486 0.973042 0.000000 0.000000 0.000000 0.000000 1.000000
0.984323 -0.015277 0.175711 0.000000 -0.011489 0.988572 0.150311 2.670200 -0.176000 -0.149973 0.972899 -0.000000 0.000000 0.000000 0.000000 1.000000
0.984271 -0.017169 0.175827 0.000000 -0.011290 0.987119 0.159589 2.670200 -0.176302 -0.159064 0.971399 -0.000000 0.000000 0.000000 0.000000 1.000000
0.985074 -0.010312 0.171824 0.000000 -0.020140 0.984443 0.174546 2.670200 -0.170951 -0.175401 0.969541 0.000000 0.000000 0.000000 0.000000 1.000000
0.985553 -0.006786 0.169230 0.000000 -0.026004 0.981286 0.190791 2.670200 -0.167358 -0.192435 0.966933 0.000000 0.000000 0.000000 0.000000 1.000000</float_array>
          <technique_common>
            <accessor source="#mixamorig_Spine1-Matrix-animation-output-transform-array" count="34" stride="16">
              <param type="float4x4"/>
            </accessor>
          </technique_common>
        </source>
        <source id="mixamorig_Spine1-Interpolations">
          <Name_array id="mixamorig_Spine1-Interpolations-array" count="34">
 LINEAR LINEAR LINEAR LINEAR LINEAR LINEAR LINEAR LINEAR LINEAR LINEAR LINEAR
LINEAR LINEAR LINEAR LINEAR LINEAR LINEAR LINEAR LINEAR LINEAR LINEAR LINEAR LINEAR
LINEAR LINEAR LINEAR LINEAR LINEAR LINEAR LINEAR LINEAR LINEAR LINEAR LINEAR</Name_array>
          <technique_common>
            <accessor source="#mixamorig_Spine1-Interpolations-array" count="34">
              <param type="name"/>
            </accessor>
          </technique_common>
        </source>
        <sampler id="mixamorig_Spine1-Matrix-animation-transform">
          <input semantic="INPUT" source="#mixamorig_Spine1-Matrix-animation-input"/>
          <input semantic="OUTPUT" source="#mixamorig_Spine1-Matrix-animation-output-transform"/>
          <input semantic="INTERPOLATION" source="#mixamorig_Spine1-Interpolations"/>
        </sampler>
        <channel source="#mixamorig_Spine1-Matrix-animation-transform" target="mixamorig_Spine1/matrix"/>
      </animation>
    </animation>
    <animation id="mixamorig_Spine2-anim" name="mixamorig_Spine2">
      <animation>
        <source id="mixamorig_Spine2-Matrix-animation-input">
          <float_array id="mixamorig_Spine2-Matrix-animation-input-array" count="34">

0.000000 0.041667 0.083333 0.125000 0.166667 0.208333 0.250000 0.291667 0.333333 0.375000 0.416667 0.458333 0.500000 0.541667 0.583333 0.625000
0.666667 0.708333 0.750000 0.791667 0.833333 0.875000 0.916667 0.958333 1.000000 1.041667 1.083333 1.125000 1.166667 1.208333 1.250000 1.291667
1.333333 1.375000</float_array>
          <technique_common>
            <accessor source="#mixamorig_Spine2-Matrix-animation-input-array" count="34">
              <param name="TIME" type="float"/>
            </accessor>
          </technique_common>
        </source>
        <source id="mixamorig_Spine2-Matrix-animation-output-transform">
          <float_array id="mixamorig_Spine2-Matrix-animation-output-transform-array" count="544">

0.986155 -0.004002 0.165777 0.000000 -0.029393 0.979660 0.198501 3.051700 -0.163200 -0.200625 0.965979 0.000000 0.000000 0.000000 0.000000 1.000000
0.991603 -0.009057 0.128999 -0.000000 -0.012239 0.986494 0.163343 3.051700 -0.128736 -0.163550 0.978099 0.000000 0.000000 0.000000 0.000000 1.000000
0.994940 -0.020928 0.098266 0.000000 0.008175 0.991685 0.128430 3.051700 -0.100136 -0.126976 0.986839 0.000000 0.000000 0.000000 0.000000 1.000000
0.997601 -0.019454 0.066437 0.000000 0.012099 0.993929 0.109364 3.051700 -0.068161 -0.108298 0.991779 0.000000 0.000000 0.000000 0.000000 1.000000
0.999336 -0.010588 0.034874 -0.000000 0.005696 0.990487 0.137492 3.051700 -0.035998 -0.137202 0.989889 0.000000 0.000000 0.000000 0.000000 1.000000
0.999799 0.019189 0.005800 0.000000 -0.019824 0.989416 0.143748 3.051700 -0.002980 -0.143834 0.989597 0.000000 0.000000 0.000000 0.000000 1.000000
0.999160 0.032428 0.025025 -0.000000 -0.035796 0.988244 0.148637 3.051700 -0.019911 -0.149408 0.988575 0.000000 0.000000 0.000000 0.000000 1.000000
0.998544 0.043031 0.032547 -0.000000 -0.047300 0.988388 0.144405 3.051700 -0.025955 -0.145734 0.988983 -0.000000 0.000000 0.000000 0.000000 1.000000
0.997988 0.055824 0.030073 0.000000 -0.058898 0.991787 0.113528 3.051700 -0.023488 -0.115071 0.993079 0.000000 0.000000 0.000000 0.000000 1.000000
0.997571 0.063682 0.028205 0.000000 -0.066969 0.988271 0.137242 3.051700 -0.019134 -0.138798 0.990136 0.000000 0.000000 0.000000 0.000000 1.000000
0.995968 0.088033 0.017263 0.000000 -0.089642 0.984086 0.153421 3.051700 -0.003482 -0.154350 0.988010 0.000000 0.000000 0.000000 0.000000 1.000000
0.994447 0.104084 0.015538 0.000000 -0.105229 0.985359 0.134144 3.051700 -0.001348 -0.135034 0.990840 -0.000000 0.000000 0.000000 0.000000 1.000000
0.992695 0.120477 0.006525 0.000000 -0.120446 0.986358 0.112207 3.051700 0.007082 -0.112173 0.993663 0.000000 0.000000 0.000000 0.000000 1.000000
0.986033 0.166165 -0.011345 0.000000 -0.163893 0.980162 0.111454 3.051700 0.029640 -0.108038 0.993705 -0.000000 0.000000 0.000000 0.000000 1.000000
0.983644 0.179896 0.009007 0.000000 -0.179144 0.971877 0.152850 3.051700 0.018743 -0.151964 0.988208 0.000000 0.000000 0.000000 0.000000 1.000000
0.986532 0.163249 0.010165 0.000000 -0.160887 0.957304 0.240174 3.051700 0.029478 -0.238575 0.970677 0.000000 0.000000 0.000000 0.000000 1.000000
0.998565 0.052955 -0.007991 -0.000000 -0.047720 0.947542 0.316049 3.051700 0.024308 -0.315214 0.948709 0.000000 0.000000 0.000000 0.000000 1.000000
0.999121 -0.039590 -0.013766 -0.000000 0.041698 0.972236 0.230260 3.051700 0.004267 -0.230631 0.973032 -0.000000 0.000000 0.000000 0.000000 1.000000
0.997837 -0.065526 -0.005308 -0.000000 0.065089 0.973367 0.219816 3.051700 -0.009237 -0.219686 0.975527 -0.000000 0.000000 0.000000 0.000000 1.000000
0.997514 -0.069298 0.012764 -0.000000 0.062439 0.953242 0.295689 3.051700 -0.032658 -0.294157 0.955199 0.000000 0.000000 0.000000 0.000000 1.000000
0.996680 -0.079918 0.015564 0.000000 0.071868 0.953373 0.293111 3.051700 -0.038263 -0.291020 0.955952 -0.000000 0.000000 0.000000 0.000000 1.000000
0.991883 -0.120223 0.041417 0.000000 0.105892 0.961286 0.254396 3.051700 -0.070398 -0.247945 0.966213 -0.000000 0.000000 0.000000 0.000000 1.000000
0.991946 -0.109255 0.064081 0.000000 0.090694 0.965832 0.242783 3.051700 -0.088417 -0.235016 0.967962 0.000000 0.000000 0.000000 0.000000 1.000000
0.992492 -0.091535 0.081116 0.000000 0.072590 0.974644 0.211660 3.051700 -0.098434 -0.204182 0.973972 -0.000000 0.000000 0.000000 0.000000 1.000000
0.991396 -0.082972 0.101238 -0.000000 0.064717 0.982991 0.171873 3.051700 -0.113777 -0.163842 0.979903 0.000000 0.000000 0.000000 0.000000 1.000000
0.987904 -0.070603 0.138065 0.000000 0.047591 0.985414 0.163383 3.051700 -0.147587 -0.154836 0.976854 -0.000000 0.000000 0.000000 0.000000 1.000000
0.985679 -0.040032 0.163814 0.000000 0.014985 0.988364 0.151365 3.051700 -0.167967 -0.146743 0.974810 0.000000 0.000000 0.000000 0.000000 1.000000
0.984853 -0.016138 0.172635 0.000000 -0.007825 0.990509 0.137229 3.051700 -0.173211 -0.136501 0.975380 0.000000 0.000000 0.000000 0.000000 1.000000
0.984433 -0.008189 0.175569 0.000000 -0.016661 0.990068 0.139597 3.051700 -0.174968 -0.140349 0.974520 -0.000000 0.000000 0.000000 0.000000 1.000000
0.984321 -0.010163 0.176095 0.000000 -0.016435 0.988712 0.148927 3.051700 -0.175620 -0.149486 0.973042 -0.000000 0.000000 0.000000 0.000000 1.000000
0.984323 -0.015277 0.175711 0.000000 -0.011489 0.988572 0.150311 3.051700 -0.176000 -0.149973 0.972899 0.000000 0.000000 0.000000 0.000000 1.000000
0.984271 -0.017169 0.175827 0.000000 -0.011290 0.987119 0.159589 3.051700 -0.176302 -0.159064 0.971399 0.000000 0.000000 0.000000 0.000000 1.000000
0.985074 -0.010312 0.171824 -0.000000 -0.020140 0.984443 0.174546 3.051700 -0.170951 -0.175401 0.969541 0.000000 0.000000 0.000000 0.000000 1.000000
0.985553 -0.006786 0.169230 0.000000 -0.026004 0.981286 0.190791 3.051700 -0.167358 -0.192435 0.966933 -0.000000 0.000000 0.000000 0.000000 1.000000</float_array>
          <technique_common>
            <accessor source="#mixamorig_Spine2-Matrix-animation-output-transform-array" count="34" stride="16">
              <param type="float4x4"/>
            </accessor>
          </technique_common>
        </source>
        <source id="mixamorig_Spine2-Interpolations">
          <Name_array id="mixamorig_Spine2-Interpolations-array" count="34">
 LINEAR LINEAR LINEAR LINEAR LINEAR LINEAR LINEAR LINEAR LINEAR LINEAR LINEAR
LINEAR LINEAR LINEAR LINEAR LINEAR LINEAR LINEAR LINEAR LINEAR LINEAR LINEAR LINEAR
LINEAR LINEAR LINEAR LINEAR LINEAR LINEAR LINEAR LINEAR LINEAR LINEAR LINEAR</Name_array>
          <technique_common>
            <accessor source="#mixamorig_Spine2-Interpolations-array" count="34">
              <param type="name"/>
            </accessor>
          </technique_common>
        </source>
        <sampler id="mixamorig_Spine2-Matrix-animation-transform">
          <input semantic="INPUT" source="#mixamorig_Spine2-Matrix-animation-input"/>
          <input semantic="OUTPUT" source="#mixamorig_Spine2-Matrix-animation-output-transform"/>
          <input semantic="INTERPOLATION" source="#mixamorig_Spine2-Interpolations"/>
        </sampler>
        <channel source="#mixamorig_Spine2-Matrix-animation-transform" target="mixamorig_Spine2/matrix"/>
      </animation>
    </animation>
    <animation id="mixamorig_Neck-anim" name="mixamorig_Neck">
      <animation>
        <source id="mixamorig_Neck-Matrix-animation-input">
          <float_array id="mixamorig_Neck-Matrix-animation-input-array" count="34">

0.000000 0.041667 0.083333 0.125000 0.166667 0.208333 0.250000 0.291667 0.333333 0.375000 0.416667 0.458333 0.500000 0.541667 0.583333 0.625000
0.666667 0.708333 0.750000 0.791667 0.833333 0.875000 0.916667 0.958333 1.000000 1.041667 1.083333 1.125000 1.166667 1.208333 1.250000 1.291667
1.333333 1.375000</float_array>
          <technique_common>
            <accessor source="#mixamorig_Neck-Matrix-animation-input-array" count="34">
              <param name="TIME" type="float"/>
            </accessor>
          </technique_common>
        </source>
        <source id="mixamorig_Neck-Matrix-animation-output-transform">
          <float_array id="mixamorig_Neck-Matrix-animation-output-transform-array" count="544">

0.999747 0.003600 -0.022215 0.000000 0.001489 0.974376 0.224922 3.433100 0.022456 -0.224898 0.974124 0.000000 0.000000 0.000000 0.000000 1.000000
0.998782 -0.013345 0.047507 -0.000000 0.005040 0.985291 0.170811 3.433100 -0.049087 -0.170363 0.984158 0.000000 0.000000 0.000000 0.000000 1.000000
0.995916 0.012973 0.089348 0.000000 -0.025589 0.989601 0.141547 3.433100 -0.086583 -0.143255 0.985891 0.000000 0.000000 0.000000 0.000000 1.000000
0.993785 0.000572 0.111311 0.000000 -0.018223 0.987332 0.157621 3.433100 -0.109811 -0.158669 0.981206 0.000000 0.000000 0.000000 0.000000 1.000000
0.991938 0.017335 0.125530 0.000000 -0.024723 0.998037 0.057534 3.433100 -0.124286 -0.060174 0.990420 -0.000000 0.000000 0.000000 0.000000 1.000000
0.992795 -0.003864 0.119767 0.000000 0.021116 0.989481 -0.143117 3.433100 -0.117954 0.144615 0.982433 0.000000 0.000000 0.000000 0.000000 1.000000
0.994855 0.047129 0.089674 -0.000000 -0.015970 0.947086 -0.320583 3.433100 -0.100038 0.317501 0.942966 -0.000000 0.000000 0.000000 0.000000 1.000000
0.993235 0.094511 0.067456 -0.000000 -0.073770 0.962249 -0.261980 3.433100 -0.089670 0.255232 0.962713 -0.000000 0.000000 0.000000 0.000000 1.000000
0.991860 0.107509 0.068227 -0.000000 -0.092396 0.976380 -0.195309 3.433100 -0.087613 0.187416 0.978366 0.000000 0.000000 0.000000 0.000000 1.000000
0.990330 0.121123 0.067643 0.000000 -0.096690 0.952263 -0.289562 3.433100 -0.099487 0.280222 0.954766 0.000000 0.000000 0.000000 0.000000 1.000000
0.995757 0.055516 0.073380 0.000000 -0.016240 0.891000 -0.453712 3.433100 -0.090570 0.450595 0.888122 0.000000 0.000000 0.000000 0.000000 1.000000
0.993885 0.110159 0.007507 0.000000 -0.094940 0.887322 -0.451271 3.433100 -0.056373 0.447799 0.892356 0.000000 0.000000 0.000000 0.000000 1.000000
0.964408 0.263557 -0.021304 0.000000 -0.264051 0.955709 -0.129989 3.433100 -0.013899 0.130988 0.991286 0.000000 0.000000 0.000000 0.000000 1.000000
0.989675 0.065828 0.127317 0.000000 -0.097963 0.959090 0.265612 3.433100 -0.104624 -0.275341 0.955637 0.000000 0.000000 0.000000 0.000000 1.000000
0.993509 -0.027092 0.110481 0.000000 0.000555 0.972368 0.233452 3.433100 -0.113753 -0.231875 0.966072 0.000000 0.000000 0.000000 0.000000 1.000000
0.991696 0.059564 0.113980 0.000000 -0.068463 0.994768 0.075818 3.433100 -0.108867 -0.082992 0.990586 -0.000000 0.000000 0.000000 0.000000 1.000000
0.986747 0.069519 0.146618 -0.000000 -0.108382 0.954829 0.276688 3.433100 -0.120760 -0.288912 0.949709 0.000000 0.000000 0.000000 0.000000 1.000000
0.993046 0.117566 0.006102 -0.000000 -0.114998 0.957656 0.263951 3.433100 0.025188 -0.262817 0.964517 0.000000 0.000000 0.000000 0.000000 1.000000
0.989710 0.028438 0.140230 -0.000000 -0.113122 0.755636 0.645149 3.433100 -0.087616 -0.654374 0.751078 0.000000 0.000000 0.000000 0.000000 1.000000
0.995273 -0.049430 0.083592 -0.000000 -0.026932 0.686511 0.726620 3.433100 -0.093304 -0.725437 0.681935 -0.000000 0.000000 0.000000 0.000000 1.000000
0.987038 -0.129965 0.094154 0.000000 0.028547 0.719508 0.693898 3.433100 -0.157927 -0.682216 0.713892 0.000000 0.000000 0.000000 0.000000 1.000000
0.968371 -0.197354 0.152672 -0.000000 0.070873 0.804234 0.590072 3.433100 -0.239237 -0.560588 0.792784 0.000000 0.000000 0.000000 0.000000 1.000000
0.967692 -0.172342 0.184041 0.000000 0.074886 0.893441 0.442894 3.433100 -0.240759 -0.414802 0.877482 -0.000000 0.000000 0.000000 0.000000 1.000000
0.968743 -0.174816 0.176001 0.000000 0.076697 0.885801 0.457684 3.433100 -0.235912 -0.429880 0.871521 -0.000000 0.000000 0.000000 0.000000 1.000000
0.975129 -0.137954 0.173469 0.000000 0.047133 0.893845 0.445891 3.433100 -0.216567 -0.426625 0.878117 -0.000000 0.000000 0.000000 0.000000 1.000000
0.988339 -0.059425 0.140197 -0.000000 -0.000552 0.919303 0.393551 3.433100 -0.152271 -0.389039 0.908550 -0.000000 0.000000 0.000000 0.000000 1.000000
0.992595 -0.052051 0.109754 -0.000000 0.005418 0.921613 0.388073 3.433100 -0.121350 -0.384604 0.915071 0.000000 0.000000 0.000000 0.000000 1.000000
0.993534 -0.044431 0.104480 0.000000 0.003236 0.930954 0.365121 3.433100 -0.113489 -0.362422 0.925078 0.000000 0.000000 0.000000 0.000000 1.000000
0.993215 -0.034428 0.111080 -0.000000 0.003863 0.964413 0.264372 3.433100 -0.116229 -0.262149 0.958003 0.000000 0.000000 0.000000 0.000000 1.000000
0.996734 -0.005265 0.080581 0.000000 -0.014406 0.970272 0.241589 3.433100 -0.079457 -0.241961 0.967027 0.000000 0.000000 0.000000 0.000000 1.000000
0.999045 0.009966 0.042561 0.000000 -0.020478 0.966919 0.254259 3.433100 -0.038619 -0.254887 0.966199 0.000000 0.000000 0.000000 0.000000 1.000000
0.999721 0.012541 0.019982 0.000000 -0.017145 0.968026 0.250262 3.433100 -0.016205 -0.250535 0.967972 0.000000 0.000000 0.000000 0.000000 1.000000
0.999949 0.009536 0.003286 -0.000000 -0.010047 0.970466 0.241028 3.433100 -0.000891 -0.241049 0.970513 -0.000000 0.000000 0.000000 0.000000 1.000000
0.999913 0.005293 -0.012066 0.000000 -0.002370 0.973077 0.230469 3.433100 0.012961 -0.230420 0.973005 0.000000 0.000000 0.000000 0.000000 1.000000</float_array>
          <technique_common>
            <accessor source="#mixamorig_Neck-Matrix-animation-output-transform-array" count="34" stride="16">
              <param type="float4x4"/>
            </accessor>
          </technique_common>
        </source>
        <source id="mixamorig_Neck-Interpolations">
          <Name_array id="mixamorig_Neck-Interpolations-array" count="34">
 LINEAR LINEAR LINEAR LINEAR LINEAR LINEAR LINEAR LINEAR LINEAR LINEAR LINEAR
LINEAR LINEAR LINEAR LINEAR LINEAR LINEAR LINEAR LINEAR LINEAR LINEAR LINEAR LINEAR
LINEAR LINEAR LINEAR LINEAR LINEAR LINEAR LINEAR LINEAR LINEAR LINEAR LINEAR</Name_array>
          <technique_common>
            <accessor source="#mixamorig_Neck-Interpolations-array" count="34">
              <param type="name"/>
            </accessor>
          </technique_common>
        </source>
        <sampler id="mixamorig_Neck-Matrix-animation-transform">
          <input semantic="INPUT" source="#mixamorig_Neck-Matrix-animation-input"/>
          <input semantic="OUTPUT" source="#mixamorig_Neck-Matrix-animation-output-transform"/>
          <input semantic="INTERPOLATION" source="#mixamorig_Neck-Interpolations"/>
        </sampler>
        <channel source="#mixamorig_Neck-Matrix-animation-transform" target="mixamorig_Neck/matrix"/>
      </animation>
    </animation>
    <animation id="mixamorig_Head-anim" name="mixamorig_Head">
      <animation>
        <source id="mixamorig_Head-Matrix-animation-input">
          <float_array id="mixamorig_Head-Matrix-animation-input-array" count="34">

0.000000 0.041667 0.083333 0.125000 0.166667 0.208333 0.250000 0.291667 0.333333 0.375000 0.416667 0.458333 0.500000 0.541667 0.583333 0.625000
0.666667 0.708333 0.750000 0.791667 0.833333 0.875000 0.916667 0.958333 1.000000 1.041667 1.083333 1.125000 1.166667 1.208333 1.250000 1.291667
1.333333 1.375000</float_array>
          <technique_common>
            <accessor source="#mixamorig_Head-Matrix-animation-input-array" count="34">
              <param name="TIME" type="float"/>
            </accessor>
          </technique_common>
        </source>
        <source id="mixamorig_Head-Matrix-animation-output-transform">
          <float_array id="mixamorig_Head-Matrix-animation-output-transform-array" count="544">

0.937032 -0.006169 0.349190 0.000000 0.044691 0.993742 -0.102370 2.021800 -0.346374 0.111530 0.931443 -0.255600 0.000000 0.000000 0.000000 1.000000
0.954495 -0.011822 0.297992 0.000000 0.019146 0.999582 -0.021669 2.021800 -0.297612 0.026389 0.954323 -0.255600 0.000000 0.000000 0.000000 1.000000
0.966899 -0.033621 0.252934 -0.000000 0.012917 0.996459 0.083077 2.021800 -0.254832 -0.077060 0.963910 -0.255600 0.000000 0.000000 0.000000 1.000000
0.979280 -0.019180 0.201603 0.000000 0.002670 0.996641 0.081849 2.021800 -0.202496 -0.079615 0.976041 -0.255600 0.000000 0.000000 0.000000 1.000000
0.982229 -0.028422 0.185522 0.000000 0.017164 0.997928 0.062008 2.021800 -0.186900 -0.057722 0.980682 -0.255600 0.000000 0.000000 0.000000 1.000000
0.990340 0.008484 0.138403 0.000000 -0.017040 0.998008 0.060747 2.021800 -0.137611 -0.062518 0.988511 -0.255600 0.000000 0.000000 0.000000 1.000000
0.992471 0.009279 0.122129 0.000000 -0.020419 0.995707 0.090283 2.021800 -0.120767 -0.092097 0.988399 -0.255600 0.000000 0.000000 0.000000 1.000000
0.992628 0.007972 0.120936 -0.000000 -0.014066 0.998669 0.049622 2.021800 -0.120379 -0.050957 0.991419 -0.255600 0.000000 0.000000 0.000000 1.000000
0.992019 0.018385 0.124745 0.000000 -0.019785 0.999754 0.009992 2.021800 -0.124530 -0.012380 0.992139 -0.255600 0.000000 0.000000 0.000000 1.000000
0.988900 0.040793 0.142872 0.000000 -0.052556 0.995445 0.079548 2.021800 -0.138976 -0.086174 0.986539 -0.255600 0.000000 0.000000 0.000000 1.000000
0.982728 0.143837 0.116434 0.000000 -0.169040 0.953771 0.248489 2.021800 -0.075309 -0.263879 0.961611 -0.255600 0.000000 0.000000 0.000000 1.000000
0.984034 0.133335 0.117894 0.000000 -0.159203 0.955559 0.248117 2.021800 -0.079572 -0.262925 0.961529 -0.255600 0.000000 0.000000 0.000000 1.000000
