<?xml version="1.0" encoding="utf-8"?>
<COLLADA xmlns="http://www.collada.org/2005/11/COLLADASchema" version="1.4.1">
  <asset><contributor><author>Mixamo</author><authoring_tool>COLLADA Mixamo exporter</authoring_tool><comments></comments></contributor><created>2020-03-02T12:15:51Z</created><modified>2020-03-02T12:15:51Z</modified><revision></revision><title></title><unit meter="0.010000"/><up_axis>Y_UP</up_axis></asset>
  <library_animations>
    <animation id="mixamorig_Hips-anim" name="mixamorig_Hips"><source id="mixamorig_Hips-Matrix-animation-input"><float_array id="mixamorig_Hips-Matrix-animation-input-array" count="69">

0.000000 0.033333 0.066667 0.100000 0.133333 0.166667 0.200000 0.233333 0.266667 0.300000 0.333333 0.366667 0.400000 0.433333 0.466667 0.500000
0.533333 0.566667 0.600000 0.633333 0.666667 0.700000 0.733333 0.766667 0.800000 0.833333 0.866667 0.900000 0.933333 0.966667 1.000000 1.033333
1.066667 1.100000 1.133333 1.166667 1.200000 1.233333 1.266667 1.300000 1.333333 1.366667 1.400000 1.433333 1.466667 1.500000 1.533333 1.566667
1.600000 1.633333 1.666667 1.700000 1.733333 1.766667 1.800000 1.833333 1.866667 1.900000 1.933333 1.966667 2.000000 2.033333 2.066667 2.100000
2.133333 2.166667 2.200000 2.233333 2.266667</float_array><technique_common><accessor source="#mixamorig_Hips-Matrix-animation-input-array" count="69"><param name="TIME" type="float"/></accessor></technique_common></source><source id="mixamorig_Hips-Matrix-animation-output-transform"><float_array id="mixamorig_Hips-Matrix-animation-output-transform-array" count="1104">

0.634281 -0.126420 -0.762696 -0.119325 0.038934 0.990511 -0.131802 25.483326 0.772121 0.053904 0.633185 0.213591 0.000000 0.000000 0.000000 1.000000
0.623568 -0.114948 -0.773272 -0.114540 0.045432 0.992788 -0.110943 25.555288 0.780448 0.034049 0.624293 0.272981 0.000000 0.000000 0.000000 1.000000
0.612592 -0.102642 -0.783706 -0.098994 0.051466 0.994608 -0.090035 25.633833 0.788722 0.014820 0.614571 0.395191 0.000000 0.000000 0.000000 1.000000
0.595083 -0.085976 -0.799052 -0.066106 0.058770 0.996255 -0.063426 25.719753 0.801512 -0.009217 0.597907 0.590389 0.000000 0.000000 0.000000 1.000000
0.564801 -0.066824 -0.822517 -0.021520 0.071631 0.996924 -0.031807 25.813339 0.822112 -0.040953 0.567850 0.860200 0.000000 0.000000 0.000000 1.000000
0.527086 -0.047761 -0.848469 0.029873 0.085727 0.996315 -0.002828 25.911861 0.845477 -0.071246 0.529238 1.209143 0.000000 0.000000 0.000000 1.000000
0.493830 -0.032130 -0.868965 0.081297 0.098028 0.995004 0.018919 26.015417 0.864015 -0.094526 0.494512 1.615319 0.000000 0.000000 0.000000 1.000000
0.481338 -0.025780 -0.876156 0.115735 0.109954 0.993448 0.031174 26.114616 0.869611 -0.111342 0.481019 2.047258 0.000000 0.000000 0.000000 1.000000
0.497070 -0.036102 -0.866959 0.119696 0.124425 0.991774 0.030040 26.216831 0.858743 -0.122804 0.497473 2.476348 0.000000 0.000000 0.000000 1.000000
0.535899 -0.040506 -0.843310 0.137810 0.137191 0.989751 0.039640 26.331116 0.833061 -0.136937 0.535963 2.872474 0.000000 0.000000 0.000000 1.000000
0.588559 -0.042776 -0.807322 0.164172 0.143071 0.988349 0.051935 26.469675 0.795694 -0.146072 0.587822 3.261024 0.000000 0.000000 0.000000 1.000000
0.651463 -0.046146 -0.757275 0.199773 0.134896 0.989289 0.055764 26.648346 0.746591 -0.138481 0.650711 3.683761 0.000000 0.000000 0.000000 1.000000
0.719664 -0.049040 -0.692588 0.264983 0.119879 0.991298 0.054374 26.866474 0.683895 -0.122158 0.719281 4.121264 0.000000 0.000000 0.000000 1.000000
0.789637 -0.053418 -0.611245 0.309966 0.104462 0.993363 0.048138 27.006914 0.604617 -0.101864 0.789976 4.432777 0.000000 0.000000 0.000000 1.000000
0.856740 -0.053565 -0.512959 0.399200 0.083280 0.995908 0.035097 27.185062 0.508980 -0.072789 0.857696 4.713513 0.000000 0.000000 0.000000 1.000000
0.915072 -0.050591 -0.400104 0.536330 0.062978 0.997855 0.017862 27.403118 0.398342 -0.041542 0.916296 4.931828 0.000000 0.000000 0.000000 1.000000
0.961257 -0.041968 -0.272440 0.718370 0.041726 0.999107 -0.006683 27.650665 0.272477 -0.004944 0.962150 5.046600 0.000000 0.000000 0.000000 1.000000
0.989261 -0.026254 -0.143781 0.936993 0.019793 0.998737 -0.046186 27.899567 0.144812 0.042844 0.988531 5.032243 0.000000 0.000000 0.000000 1.000000
0.999707 -0.006802 -0.023237 1.161481 0.004516 0.995271 -0.097027 28.088959 0.023787 0.096894 0.995010 4.856235 0.000000 0.000000 0.000000 1.000000
0.995924 0.016161 0.088734 1.354966 -0.002098 0.987700 -0.156345 28.134407 -0.090169 0.155522 0.983709 4.543357 0.000000 0.000000 0.000000 1.000000
0.984171 0.041729 0.172238 1.474336 -0.006740 0.979993 -0.198915 27.959482 -0.177093 0.194606 0.964763 4.091011 0.000000 0.000000 0.000000 1.000000
0.970593 0.065983 0.231508 1.505879 -0.017101 0.978171 -0.207096 27.553471 -0.240119 0.197047 0.950534 3.557826 0.000000 0.000000 0.000000 1.000000
0.955854 0.076254 0.283777 1.435845 -0.027271 0.984594 -0.172716 27.018101 -0.292575 0.157353 0.943207 3.004424 0.000000 0.000000 0.000000 1.000000
0.948103 0.055926 0.313008 1.250581 -0.014000 0.990798 -0.134623 26.563892 -0.317656 0.123255 0.940161 2.593149 0.000000 0.000000 0.000000 1.000000
0.961915 0.035252 0.271065 1.009380 -0.001160 0.992167 -0.124913 26.321533 -0.273345 0.119841 0.954422 2.500623 0.000000 0.000000 0.000000 1.000000
0.980952 0.027225 0.192335 0.735896 -0.001246 0.990992 -0.133919 26.249708 -0.194248 0.131128 0.972149 2.685745 0.000000 0.000000 0.000000 1.000000
0.987232 0.039166 0.154399 0.458080 -0.011447 0.984239 -0.176474 26.205215 -0.158878 0.172453 0.972120 3.101933 0.000000 0.000000 0.000000 1.000000
0.973206 0.055817 0.223056 0.224635 -0.007939 0.977667 -0.210011 26.057827 -0.229796 0.202613 0.951915 3.461719 0.000000 0.000000 0.000000 1.000000
0.948297 0.069955 0.309578 0.026136 0.006154 0.971171 -0.238305 25.884272 -0.317324 0.227889 0.920528 3.753030 0.000000 0.000000 0.000000 1.000000
0.927441 0.079201 0.365488 -0.085602 0.022842 0.963495 -0.266752 25.724270 -0.373272 0.255745 0.891775 3.913205 0.000000 0.000000 0.000000 1.000000
0.906727 0.097269 0.410347 -0.133910 0.031507 0.954693 -0.295920 25.638321 -0.420539 0.281248 0.862581 3.997937 0.000000 0.000000 0.000000 1.000000
0.887906 0.119636 0.444196 -0.164081 0.034174 0.945770 -0.323035 25.600473 -0.458753 0.302004 0.835667 4.057679 0.000000 0.000000 0.000000 1.000000
0.872590 0.141768 0.467428 -0.190829 0.032412 0.938040 -0.345009 25.576212 -0.487377 0.316201 0.813929 4.110725 0.000000 0.000000 0.000000 1.000000
0.862209 0.158903 0.480984 -0.202686 0.028049 0.933091 -0.358546 25.567043 -0.505775 0.322632 0.800062 4.128277 0.000000 0.000000 0.000000 1.000000
0.864878 0.162929 0.474805 -0.187960 0.016998 0.935813 -0.352087 25.606182 -0.501694 0.312583 0.806595 4.060722 0.000000 0.000000 0.000000 1.000000
0.880045 0.158873 0.447528 -0.123107 -0.003033 0.944241 -0.329242 25.698961 -0.474882 0.288390 0.831456 3.897355 0.000000 0.000000 0.000000 1.000000
0.898726 0.151442 0.411530 -0.013587 -0.022607 0.953225 -0.301415 25.824360 -0.437928 0.261586 0.860112 3.663016 0.000000 0.000000 0.000000 1.000000
0.920290 0.139179 0.365643 0.099428 -0.038652 0.962356 -0.269028 25.968330 -0.389322 0.233451 0.891027 3.392486 0.000000 0.000000 0.000000 1.000000
0.943321 0.125901 0.307075 0.194380 -0.050852 0.969158 -0.241138 26.135220 -0.327963 0.211855 0.920629 3.155583 0.000000 0.000000 0.000000 1.000000
0.964225 0.114227 0.239212 0.261025 -0.061755 0.974362 -0.216346 26.329536 -0.257791 0.193833 0.946558 2.976109 0.000000 0.000000 0.000000 1.000000
0.981249 0.105189 0.161508 0.288654 -0.074751 0.980051 -0.184151 26.531675 -0.177657 0.168625 0.969538 2.814753 0.000000 0.000000 0.000000 1.000000
0.991948 0.094261 0.084579 0.269691 -0.080522 0.984898 -0.153274 26.718212 -0.097750 0.145229 0.984558 2.639802 0.000000 0.000000 0.000000 1.000000
0.996488 0.083281 0.008741 0.218487 -0.081421 0.988006 -0.131205 26.872978 -0.019563 0.130032 0.991317 2.424953 0.000000 0.000000 0.000000 1.000000
0.995026 0.072028 -0.068819 0.143697 -0.079330 0.990755 -0.110055 27.006474 0.060255 0.114966 0.991540 2.144378 0.000000 0.000000 0.000000 1.000000
0.987698 0.056954 -0.145634 0.040465 -0.071003 0.993116 -0.093159 27.125952 0.139326 0.102353 0.984943 1.809869 0.000000 0.000000 0.000000 1.000000
0.974048 0.044684 -0.221888 -0.073351 -0.062240 0.995405 -0.072769 27.228577 0.217617 0.084690 0.972353 1.424078 0.000000 0.000000 0.000000 1.000000
0.954607 0.038250 -0.295401 -0.201726 -0.054159 0.997479 -0.045860 27.287510 0.292902 0.059777 0.954272 0.978436 0.000000 0.000000 0.000000 1.000000
0.930762 0.034297 -0.364012 -0.329141 -0.047340 0.998515 -0.026968 27.303692 0.362547 0.042333 0.931004 0.534855 0.000000 0.000000 0.000000 1.000000
0.903170 0.033237 -0.427994 -0.455463 -0.041981 0.999058 -0.011004 27.310558 0.427225 0.027906 0.903714 0.122219 0.000000 0.000000 0.000000 1.000000
0.870382 0.034199 -0.491188 -0.582546 -0.033659 0.999384 0.009938 27.308550 0.491225 0.007883 0.870997 -0.260627 0.000000 0.000000 0.000000 1.000000
0.838851 0.033357 -0.543339 -0.702922 -0.021650 0.999375 0.027928 27.305859 0.543931 -0.011664 0.839049 -0.581870 0.000000 0.000000 0.000000 1.000000
0.809349 0.028669 -0.586628 -0.807533 -0.007884 0.999248 0.037957 27.292671 0.587275 -0.026095 0.808967 -0.828421 0.000000 0.000000 0.000000 1.000000
0.780687 0.020432 -0.624589 -0.887279 0.008203 0.999044 0.042935 27.246090 0.624869 -0.038642 0.779773 -1.010174 0.000000 0.000000 0.000000 1.000000
0.754730 0.012398 -0.655919 -0.931040 0.025188 0.998537 0.047857 27.148792 0.655552 -0.052640 0.753313 -1.137376 0.000000 0.000000 0.000000 1.000000
0.731583 0.005152 -0.681733 -0.936352 0.038266 0.998085 0.048608 27.029568 0.680677 -0.061648 0.729985 -1.195275 0.000000 0.000000 0.000000 1.000000
0.707340 -0.003260 -0.706866 -0.909751 0.049173 0.997794 0.044604 26.888458 0.705162 -0.066309 0.705939 -1.187259 0.000000 0.000000 0.000000 1.000000
0.684845 -0.015043 -0.728533 -0.861079 0.061467 0.997416 0.037186 26.730940 0.726091 -0.070247 0.684000 -1.131453 0.000000 0.000000 0.000000 1.000000
0.666004 -0.027723 -0.745433 -0.788499 0.070917 0.997136 0.026276 26.559513 0.742570 -0.070364 0.666062 -1.032272 0.000000 0.000000 0.000000 1.000000
0.650946 -0.041823 -0.757971 -0.696214 0.075984 0.997056 0.010240 26.382355 0.755312 -0.064259 0.652207 -0.903278 0.000000 0.000000 0.000000 1.000000
0.644897 -0.057689 -0.762089 -0.588166 0.078628 0.996864 -0.008924 26.209034 0.760214 -0.054166 0.647411 -0.768537 0.000000 0.000000 0.000000 1.000000
0.643071 -0.071359 -0.762475 -0.464982 0.077609 0.996596 -0.027815 26.044333 0.761864 -0.041288 0.646420 -0.643651 0.000000 0.000000 0.000000 1.000000
0.644291 -0.087926 -0.759709 -0.352542 0.077502 0.995762 -0.049519 25.894985 0.760843 -0.026974 0.648375 -0.537643 0.000000 0.000000 0.000000 1.000000
0.646170 -0.097090 -0.756992 -0.240389 0.072534 0.995198 -0.065726 25.759895 0.759739 -0.012437 0.650110 -0.438933 0.000000 0.000000 0.000000 1.000000
0.645720 -0.108954 -0.755761 -0.161140 0.066577 0.994032 -0.086421 25.640181 0.760666 0.005488 0.649120 -0.328368 0.000000 0.000000 0.000000 1.000000
0.643878 -0.118519 -0.755893 -0.110662 0.063434 0.992798 -0.101630 25.541119 0.762494 0.017488 0.646759 -0.218511 0.000000 0.000000 0.000000 1.000000
0.641147 -0.121353 -0.757763 -0.078487 0.057017 0.992222 -0.110658 25.466391 0.765297 0.027743 0.643079 -0.098249 0.000000 0.000000 0.000000 1.000000
0.638543 -0.123598 -0.759596 -0.074122 0.050909 0.991641 -0.118560 25.442318 0.767900 0.037036 0.639498 0.020047 0.000000 0.000000 0.000000 1.000000
0.636083 -0.124806 -0.761460 -0.089222 0.044867 0.991145 -0.124973 25.462572 0.770315 0.045328 0.636051 0.124655 0.000000 0.000000 0.000000 1.000000
0.634281 -0.126419 -0.762696 -0.119323 0.038934 0.990511 -0.131802 25.483318 0.772121 0.053905 0.633185 0.213601 0.000000 0.000000 0.000000 1.000000</float_array><technique_common><accessor source="#mixamorig_Hips-Matrix-animation-output-transform-array" count="69" stride="16"><param type="float4x4"/></accessor></technique_common></source><source id="mixamorig_Hips-Interpolations"><Name_array id="mixamorig_Hips-Interpolations-array" count="69">
 LINEAR LINEAR LINEAR LINEAR LINEAR LINEAR LINEAR LINEAR LINEAR LINEAR LINEAR
LINEAR LINEAR LINEAR LINEAR LINEAR LINEAR LINEAR LINEAR LINEAR LINEAR LINEAR LINEAR
LINEAR LINEAR LINEAR LINEAR LINEAR LINEAR LINEAR LINEAR LINEAR LINEAR LINEAR LINEAR
LINEAR LINEAR LINEAR LINEAR LINEAR LINEAR LINEAR LINEAR LINEAR LINEAR LINEAR LINEAR
LINEAR LINEAR LINEAR LINEAR LINEAR LINEAR LINEAR LINEAR LINEAR LINEAR LINEAR LINEAR
LINEAR LINEAR LINEAR LINEAR LINEAR LINEAR LINEAR LINEAR LINEAR LINEAR</Name_array><technique_common><accessor source="#mixamorig_Hips-Interpolations-array" count="69"><param type="name"/></accessor></technique_common></source><sampler id="mixamorig_Hips-Matrix-animation-transform"><input semantic="INPUT" source="#mixamorig_Hips-Matrix-animation-input"/><input semantic="OUTPUT" source="#mixamorig_Hips-Matrix-animation-output-transform"/><input semantic="INTERPOLATION" source="#mixamorig_Hips-Interpolations"/></sampler><channel source="#mixamorig_Hips-Matrix-animation-transform" target="mixamorig_Hips/matrix"/></animation>
    <animation id="mixamorig_Spine-anim" name="mixamorig_Spine"><source id="mixamorig_Spine-Matrix-animation-input"><float_array id="mixamorig_Spine-Matrix-animation-input-array" count="69">

0.000000 0.033333 0.066667 0.100000 0.133333 0.166667 0.200000 0.233333 0.266667 0.300000 0.333333 0.366667 0.400000 0.433333 0.466667 0.500000
0.533333 0.566667 0.600000 0.633333 0.666667 0.700000 0.733333 0.766667 0.800000 0.833333 0.866667 0.900000 0.933333 0.966667 1.000000 1.033333
1.066667 1.100000 1.133333 1.166667 1.200000 1.233333 1.266667 1.300000 1.333333 1.366667 1.400000 1.433333 1.466667 1.500000 1.533333 1.566667
1.600000 1.633333 1.666667 1.700000 1.733333 1.766667 1.800000 1.833333 1.866667 1.900000 1.933333 1.966667 2.000000 2.033333 2.066667 2.100000
2.133333 2.166667 2.200000 2.233333 2.266667</float_array><technique_common><accessor source="#mixamorig_Spine-Matrix-animation-input-array" count="69"><param name="TIME" type="float"/></accessor></technique_common></source><source id="mixamorig_Spine-Matrix-animation-output-transform"><float_array id="mixamorig_Spine-Matrix-animation-output-transform-array" count="1104">

0.997948 0.025892 0.058567 0.000000 -0.024555 0.999424 -0.023423 3.786100 -0.059140 0.021937 0.998009 -0.641600 0.000000 0.000000 0.000000 1.000000
0.998507 0.019203 0.051130 0.000000 -0.018125 0.999605 -0.021464 3.786100 -0.051522 0.020506 0.998461 -0.641600 0.000000 0.000000 0.000000 1.000000
0.999245 0.010563 0.037390 0.000000 -0.009869 0.999776 -0.018710 3.786100 -0.037579 0.018327 0.999126 -0.641600 0.000000 0.000000 0.000000 1.000000
0.999838 0.000021 0.018027 0.000000 0.000284 0.999857 -0.016887 3.786100 -0.018025 0.016890 0.999695 -0.641600 0.000000 0.000000 0.000000 1.000000
0.999923 -0.010880 -0.005920 0.000000 0.010790 0.999830 -0.014947 3.786100 0.006082 0.014882 0.999871 -0.641600 0.000000 0.000000 0.000000 1.000000
0.999233 -0.023259 -0.031488 0.000000 0.022903 0.999670 -0.011608 3.786100 0.031748 0.010878 0.999437 -0.641600 0.000000 0.000000 0.000000 1.000000
0.997678 -0.035526 -0.058107 0.000000 0.035230 0.999361 -0.006121 3.786100 0.058287 0.004059 0.998292 -0.641600 0.000000 0.000000 0.000000 1.000000
0.995224 -0.048849 -0.084512 0.000000 0.048946 0.998801 -0.000930 3.786100 0.084456 -0.003211 0.996422 -0.641600 0.000000 0.000000 0.000000 1.000000
0.992666 -0.059145 -0.105437 0.000000 0.060064 0.998179 0.005567 3.786100 0.104916 -0.011859 0.994410 -0.641600 0.000000 0.000000 0.000000 1.000000
0.990661 -0.064619 -0.120064 0.000000 0.066383 0.997736 0.010741 3.786100 0.119099 -0.018610 0.992708 -0.641600 0.000000 0.000000 0.000000 1.000000
0.989542 -0.069409 -0.126450 0.000000 0.071937 0.997288 0.015528 3.786100 0.125030 -0.024462 0.991851 -0.641600 0.000000 0.000000 0.000000 1.000000
0.988982 -0.074136 -0.128133 0.000000 0.077492 0.996763 0.021404 3.786100 0.126132 -0.031097 0.991526 -0.641600 0.000000 0.000000 0.000000 1.000000
0.989017 -0.077224 -0.126026 0.000000 0.081248 0.996325 0.027099 3.786100 0.123470 -0.037041 0.991657 -0.641600 0.000000 0.000000 0.000000 1.000000
0.990105 -0.073755 -0.119381 0.000000 0.078389 0.996323 0.034589 3.786100 0.116391 -0.043605 0.992246 -0.641600 0.000000 0.000000 0.000000 1.000000
0.991229 -0.068997 -0.112718 0.000000 0.074201 0.996331 0.042641 3.786100 0.109362 -0.050631 0.992712 -0.641600 0.000000 0.000000 0.000000 1.000000
0.992607 -0.062539 -0.104024 0.000000 0.068009 0.996437 0.049890 3.786100 0.100533 -0.056596 0.993323 -0.641600 0.000000 0.000000 0.000000 1.000000
0.994429 -0.054966 -0.089944 0.000000 0.060188 0.996591 0.056418 3.786100 0.086536 -0.061517 0.994348 -0.641600 0.000000 0.000000 0.000000 1.000000
0.996483 -0.045686 -0.070253 -0.000000 0.050045 0.996845 0.061606 3.786100 0.067216 -0.064905 0.995625 -0.641600 0.000000 0.000000 0.000000 1.000000
0.998106 -0.035271 -0.050401 -0.000000 0.038351 0.997369 0.061523 3.786100 0.048098 -0.063339 0.996832 -0.641600 0.000000 0.000000 0.000000 1.000000
0.999226 -0.024393 -0.030851 0.000000 0.026125 0.998029 0.057049 3.786100 0.029399 -0.057811 0.997895 -0.641600 0.000000 0.000000 0.000000 1.000000
0.999845 -0.016620 -0.005822 -0.000000 0.016857 0.998918 0.043347 3.786100 0.005095 -0.043439 0.999043 -0.641600 0.000000 0.000000 0.000000 1.000000
0.999712 -0.015511 0.018302 -0.000000 0.015160 0.999701 0.019164 3.786100 -0.018594 -0.018881 0.999649 -0.641600 0.000000 0.000000 0.000000 1.000000
0.999199 -0.022057 0.033397 0.000000 0.022445 0.999684 -0.011284 3.786100 -0.033137 0.012025 0.999378 -0.641600 0.000000 0.000000 0.000000 1.000000
0.999332 -0.019231 0.031074 0.000000 0.020288 0.999213 -0.034082 3.786100 -0.030394 0.034689 0.998936 -0.641600 0.000000 0.000000 0.000000 1.000000
0.999271 -0.004516 0.037919 0.000000 0.006349 0.998810 -0.048346 3.786100 -0.037656 0.048551 0.998111 -0.641600 0.000000 0.000000 0.000000 1.000000
0.998252 0.014842 0.057201 0.000000 -0.011096 0.997807 -0.065256 3.786100 -0.058044 0.064507 0.996228 -0.641600 0.000000 0.000000 0.000000 1.000000
0.997188 0.023700 0.071091 -0.000000 -0.018168 0.996829 -0.077477 3.786100 -0.072702 0.075967 0.994456 -0.641600 0.000000 0.000000 0.000000 1.000000
0.996257 0.015316 0.085077 0.000000 -0.007683 0.995973 -0.089324 3.786100 -0.086102 0.088336 0.992362 -0.641600 0.000000 0.000000 0.000000 1.000000
0.995374 0.005858 0.095893 -0.000000 0.003756 0.995004 -0.099766 3.786100 -0.095999 0.099665 0.990379 -0.641600 0.000000 0.000000 0.000000 1.000000
0.995266 0.004155 0.097105 -0.000000 0.006124 0.994419 -0.105323 3.786100 -0.097000 0.105419 0.989686 -0.641600 0.000000 0.000000 0.000000 1.000000
0.995283 0.002792 0.096971 -0.000000 0.008049 0.993763 -0.111219 3.786100 -0.096677 0.111475 0.989054 -0.641600 0.000000 0.000000 0.000000 1.000000
0.995391 0.001782 0.095882 0.000000 0.009465 0.993120 -0.116720 3.786100 -0.095431 0.117090 0.988526 -0.641600 0.000000 0.000000 0.000000 1.000000
0.995536 0.001068 0.094374 0.000000 0.010415 0.992586 -0.121095 3.786100 -0.093804 0.121538 0.988144 -0.641600 0.000000 0.000000 0.000000 1.000000
0.995691 0.000941 0.092724 -0.000000 0.010575 0.992273 -0.123625 3.786100 -0.092124 0.124073 0.987987 -0.641600 0.000000 0.000000 0.000000 1.000000
0.995918 0.001556 0.090246 -0.000000 0.009561 0.992408 -0.122617 3.786100 -0.089752 0.122979 0.988342 -0.641600 0.000000 0.000000 0.000000 1.000000
0.996223 0.001446 0.086825 0.000000 0.008929 0.992857 -0.118979 3.786100 -0.086377 0.119304 0.989093 -0.641600 0.000000 0.000000 0.000000 1.000000
0.996590 -0.000278 0.082508 -0.000000 0.009615 0.993573 -0.112782 3.786100 -0.081946 0.113191 0.990188 -0.641600 0.000000 0.000000 0.000000 1.000000
0.997008 -0.001563 0.077287 0.000000 0.009825 0.994250 -0.106633 3.786100 -0.076676 0.107073 0.991290 -0.641600 0.000000 0.000000 0.000000 1.000000
0.997350 -0.000700 0.072744 -0.000000 0.007964 0.994994 -0.099618 3.786100 -0.072310 0.099933 0.992363 -0.641600 0.000000 0.000000 0.000000 1.000000
0.997674 0.000172 0.068163 0.000000 0.006087 0.995777 -0.091601 3.786100 -0.067891 0.091803 0.993460 -0.641600 0.000000 0.000000 0.000000 1.000000
0.997983 0.000435 0.063475 0.000000 0.004985 0.996352 -0.085197 3.786100 -0.063280 0.085342 0.994340 -0.641600 0.000000 0.000000 0.000000 1.000000
0.998368 0.000702 0.057099 0.000000 0.003790 0.996905 -0.078519 3.786100 -0.056978 0.078608 0.995276 -0.641600 0.000000 0.000000 0.000000 1.000000
0.998709 0.000846 0.050789 -0.000000 0.002738 0.997510 -0.070471 3.786100 -0.050722 0.070519 0.996220 -0.641600 0.000000 0.000000 0.000000 1.000000
0.999032 0.001009 0.043967 0.000000 0.001815 0.997940 -0.064133 3.786100 -0.043942 0.064151 0.996972 -0.641600 0.000000 0.000000 0.000000 1.000000
0.999289 0.001533 0.037676 -0.000000 0.000666 0.998300 -0.058286 3.786100 -0.037701 0.058270 0.997589 -0.641600 0.000000 0.000000 0.000000 1.000000
0.999476 0.001430 0.032324 0.000000 0.000364 0.998464 -0.055406 3.786100 -0.032353 0.055389 0.997941 -0.641600 0.000000 0.000000 0.000000 1.000000
0.999655 0.001172 0.026242 -0.000000 0.000266 0.998501 -0.054738 3.786100 -0.026267 0.054726 0.998156 -0.641600 0.000000 0.000000 0.000000 1.000000
0.999797 0.000935 0.020130 0.000000 0.000151 0.998548 -0.053863 3.786100 -0.020151 0.053855 0.998345 -0.641600 0.000000 0.000000 0.000000 1.000000
0.999907 -0.000493 0.013656 -0.000000 0.001208 0.998623 -0.052448 3.786100 -0.013611 0.052460 0.998530 -0.641600 0.000000 0.000000 0.000000 1.000000
0.999973 -0.000486 0.007282 0.000000 0.000858 0.998688 -0.051197 3.786100 -0.007247 0.051202 0.998662 -0.641600 0.000000 0.000000 0.000000 1.000000
1.000000 0.000039 0.000919 0.000000 0.000008 0.998695 -0.051068 3.786100 -0.000919 0.051068 0.998695 -0.641600 0.000000 0.000000 0.000000 1.000000
0.999989 -0.000018 -0.004657 -0.000000 -0.000217 0.998720 -0.050577 3.786100 0.004652 0.050577 0.998709 -0.641600 0.000000 0.000000 0.000000 1.000000
0.999951 -0.004730 -0.008708 0.000000 0.004314 0.998880 -0.047118 3.786100 0.008921 0.047078 0.998851 -0.641600 0.000000 0.000000 0.000000 1.000000
0.999899 -0.002243 -0.014000 0.000000 0.001578 0.998880 -0.047298 3.786100 0.014091 0.047271 0.998783 -0.641600 0.000000 0.000000 0.000000 1.000000
0.999838 0.000079 -0.018010 -0.000000 -0.000927 0.998892 -0.047052 3.786100 0.017986 0.047061 0.998730 -0.641600 0.000000 0.000000 0.000000 1.000000
0.999821 0.001770 -0.018825 -0.000000 -0.002639 0.998927 -0.046247 3.786100 0.018723 0.046288 0.998753 -0.641600 0.000000 0.000000 0.000000 1.000000
0.999838 0.005789 -0.017036 0.000000 -0.006558 0.998946 -0.045423 3.786100 0.016755 0.045528 0.998823 -0.641600 0.000000 0.000000 0.000000 1.000000
0.999894 0.006788 -0.012898 0.000000 -0.007343 0.999027 -0.043494 3.786100 0.012590 0.043584 0.998970 -0.641600 0.000000 0.000000 0.000000 1.000000
0.999943 0.007236 -0.007885 -0.000000 -0.007555 0.999120 -0.041248 3.786100 0.007580 0.041305 0.999118 -0.641600 0.000000 0.000000 0.000000 1.000000
0.999959 0.008368 -0.003385 0.000000 -0.008493 0.999209 -0.038861 3.786100 0.003057 0.038888 0.999239 -0.641600 0.000000 0.000000 0.000000 1.000000
0.999953 0.009260 0.002803 0.000000 -0.009149 0.999262 -0.037298 3.786100 -0.003146 0.037271 0.999300 -0.641600 0.000000 0.000000 0.000000 1.000000
0.999897 0.010309 0.009991 0.000000 -0.009947 0.999316 -0.035610 3.786100 -0.010351 0.035507 0.999316 -0.641600 0.000000 0.000000 0.000000 1.000000
0.999776 0.010742 0.018227 0.000000 -0.010108 0.999353 -0.034518 3.786100 -0.018586 0.034326 0.999238 -0.641600 0.000000 0.000000 0.000000 1.000000
0.999558 0.012078 0.027172 0.000000 -0.011202 0.999419 -0.032197 3.786100 -0.027545 0.031879 0.999112 -0.641600 0.000000 0.000000 0.000000 1.000000
0.999266 0.014971 0.035269 0.000000 -0.013901 0.999441 -0.030395 3.786100 -0.035705 0.029882 0.998916 -0.641600 0.000000 0.000000 0.000000 1.000000
0.998924 0.017350 0.043015 0.000000 -0.016114 0.999452 -0.028917 3.786100 -0.043493 0.028193 0.998656 -0.641600 0.000000 0.000000 0.000000 1.000000
0.998568 0.020432 0.049449 -0.000000 -0.019116 0.999454 -0.026945 3.786100 -0.049972 0.025961 0.998413 -0.641600 0.000000 0.000000 0.000000 1.000000
0.998233 0.023425 0.054613 -0.000000 -0.022076 0.999439 -0.025184 3.786100 -0.055172 0.023934 0.998190 -0.641600 0.000000 0.000000 0.000000 1.000000
0.997948 0.025892 0.058567 0.000000 -0.024555 0.999424 -0.023425 3.786100 -0.059140 0.021938 0.998009 -0.641600 0.000000 0.000000 0.000000 1.000000</float_array><technique_common><accessor source="#mixamorig_Spine-Matrix-animation-output-transform-array" count="69" stride="16"><param type="float4x4"/></accessor></technique_common></source><source id="mixamorig_Spine-Interpolations"><Name_array id="mixamorig_Spine-Interpolations-array" count="69">
 LINEAR LINEAR LINEAR LINEAR LINEAR LINEAR LINEAR LINEAR LINEAR LINEAR LINEAR
LINEAR LINEAR LINEAR LINEAR LINEAR LINEAR LINEAR LINEAR LINEAR LINEAR LINEAR LINEAR
LINEAR LINEAR LINEAR LINEAR LINEAR LINEAR LINEAR LINEAR LINEAR LINEAR LINEAR LINEAR
LINEAR LINEAR LINEAR LINEAR LINEAR LINEAR LINEAR LINEAR LINEAR LINEAR LINEAR LINEAR
LINEAR LINEAR LINEAR LINEAR LINEAR LINEAR LINEAR LINEAR LINEAR LINEAR LINEAR LINEAR
LINEAR LINEAR LINEAR LINEAR LINEAR LINEAR LINEAR LINEAR LINEAR LINEAR</Name_array><technique_common><accessor source="#mixamorig_Spine-Interpolations-array" count="69"><param type="name"/></accessor></technique_common></source><sampler id="mixamorig_Spine-Matrix-animation-transform"><input semantic="INPUT" source="#mixamorig_Spine-Matrix-animation-input"/><input semantic="OUTPUT" source="#mixamorig_Spine-Matrix-animation-output-transform"/><input semantic="INTERPOLATION" source="#mixamorig_Spine-Interpolations"/></sampler><channel source="#mixamorig_Spine-Matrix-animation-transform" target="mixamorig_Spine/matrix"/></animation>
    <animation id="mixamorig_Spine1-anim" name="mixamorig_Spine1"><source id="mixamorig_Spine1-Matrix-animation-input"><float_array id="mixamorig_Spine1-Matrix-animation-input-array" count="69">

0.000000 0.033333 0.066667 0.100000 0.133333 0.166667 0.200000 0.233333 0.266667 0.300000 0.333333 0.366667 0.400000 0.433333 0.466667 0.500000
0.533333 0.566667 0.600000 0.633333 0.666667 0.700000 0.733333 0.766667 0.800000 0.833333 0.866667 0.900000 0.933333 0.966667 1.000000 1.033333
1.066667 1.100000 1.133333 1.166667 1.200000 1.233333 1.266667 1.300000 1.333333 1.366667 1.400000 1.433333 1.466667 1.500000 1.533333 1.566667
1.600000 1.633333 1.666667 1.700000 1.733333 1.766667 1.800000 1.833333 1.866667 1.900000 1.933333 1.966667 2.000000 2.033333 2.066667 2.100000
2.133333 2.166667 2.200000 2.233333 2.266667</float_array><technique_common><accessor source="#mixamorig_Spine1-Matrix-animation-input-array" count="69"><param name="TIME" type="float"/></accessor></technique_common></source><source id="mixamorig_Spine1-Matrix-animation-output-transform"><float_array id="mixamorig_Spine1-Matrix-animation-output-transform-array" count="1104">

0.992503 0.057106 0.108063 0.000000 -0.045711 0.993407 -0.105138 4.480100 -0.113354 0.099410 0.988569 0.000000 0.000000 0.000000 0.000000 1.000000
0.993050 0.056464 0.103261 -0.000000 -0.045974 0.993794 -0.101290 4.480100 -0.108339 0.095839 0.989483 0.000000 0.000000 0.000000 0.000000 1.000000
0.994774 0.053171 0.087169 -0.000000 -0.044779 0.994417 -0.095547 4.480100 -0.091763 0.091145 0.991601 0.000000 0.000000 0.000000 0.000000 1.000000
0.997016 0.047412 0.060921 -0.000000 -0.041733 0.994946 -0.091331 4.480100 -0.064943 0.088516 0.993955 0.000000 0.000000 0.000000 0.000000 1.000000
0.998767 0.042039 0.026388 -0.000000 -0.039610 0.995450 -0.086663 4.480100 -0.029911 0.085511 0.995888 0.000000 0.000000 0.000000 0.000000 1.000000
0.999348 0.034366 -0.011033 0.000000 -0.035130 0.996269 -0.078826 4.480100 0.008283 0.079163 0.996827 0.000000 0.000000 0.000000 0.000000 1.000000
0.998336 0.026800 -0.051050 0.000000 -0.030170 0.997335 -0.066424 4.480100 0.049133 0.067854 0.996485 -0.000000 0.000000 0.000000 0.000000 1.000000
0.995600 0.017041 -0.092140 -0.000000 -0.022107 0.998283 -0.054243 4.480100 0.091058 0.056042 0.994267 -0.000000 0.000000 0.000000 0.000000 1.000000
0.992139 0.012327 -0.124533 0.000000 -0.017366 0.999070 -0.039461 4.480100 0.123931 0.041313 0.991430 -0.000000 0.000000 0.000000 0.000000 1.000000
0.989137 0.015180 -0.146208 0.000000 -0.019404 0.999433 -0.027508 4.480100 0.145708 0.030046 0.988871 0.000000 0.000000 0.000000 0.000000 1.000000
0.987996 0.017054 -0.153538 0.000000 -0.019836 0.999665 -0.016607 4.480100 0.153204 0.019453 0.988003 -0.000000 0.000000 0.000000 0.000000 1.000000
0.987915 0.016901 -0.154075 0.000000 -0.017686 0.999837 -0.003726 4.480100 0.153987 0.006406 0.988052 0.000000 0.000000 0.000000 0.000000 1.000000
0.988607 0.017508 -0.149499 0.000000 -0.016426 0.999829 0.008473 4.480100 0.149621 -0.005921 0.988726 0.000000 0.000000 0.000000 0.000000 1.000000
0.990106 0.021232 -0.138705 0.000000 -0.018274 0.999578 0.022568 4.480100 0.139125 -0.019810 0.990077 0.000000 0.000000 0.000000 0.000000 1.000000
0.991376 0.026653 -0.128311 0.000000 -0.021984 0.999048 0.037670 4.480100 0.129192 -0.034524 0.991018 -0.000000 0.000000 0.000000 0.000000 1.000000
0.992878 0.035586 -0.113696 0.000000 -0.029932 0.998247 0.051051 4.480100 0.115314 -0.047284 0.992203 -0.000000 0.000000 0.000000 0.000000 1.000000
0.995027 0.045789 -0.088457 0.000000 -0.040321 0.997221 0.062640 4.480100 0.091080 -0.058762 0.994108 0.000000 0.000000 0.000000 0.000000 1.000000
0.996971 0.057651 -0.052194 0.000000 -0.053873 0.996013 0.071105 4.480100 0.056086 -0.068077 0.996102 0.000000 0.000000 0.000000 0.000000 1.000000
0.997454 0.069574 -0.015671 -0.000000 -0.068341 0.995283 0.068863 4.480100 0.020388 -0.067617 0.997503 0.000000 0.000000 0.000000 0.000000 1.000000
0.996502 0.081045 0.020384 0.000000 -0.082103 0.994942 0.057878 4.480100 -0.015590 -0.059349 0.998116 0.000000 0.000000 0.000000 0.000000 1.000000
0.993991 0.086005 0.067717 0.000000 -0.088121 0.995691 0.028896 4.480100 -0.064940 -0.034690 0.997286 0.000000 0.000000 0.000000 0.000000 1.000000
0.990373 0.081047 0.112219 0.000000 -0.079351 0.996656 -0.019509 4.480100 -0.113425 0.010417 0.993492 -0.000000 0.000000 0.000000 0.000000 1.000000
0.988409 0.065755 0.136832 0.000000 -0.055346 0.995374 -0.078539 4.480100 -0.141363 0.070056 0.987476 0.000000 0.000000 0.000000 0.000000 1.000000
0.989340 0.070794 0.127260 0.000000 -0.054941 0.990756 -0.124036 4.480100 -0.134864 0.115722 0.984083 -0.000000 0.000000 0.000000 0.000000 1.000000
0.984974 0.103372 0.138352 0.000000 -0.081584 0.984569 -0.154816 4.480100 -0.152221 0.141202 0.978208 0.000000 0.000000 0.000000 0.000000 1.000000
0.973236 0.149106 0.174871 -0.000000 -0.114790 0.974625 -0.192172 4.480100 -0.199087 0.166955 0.965655 0.000000 0.000000 0.000000 0.000000 1.000000
0.964412 0.173177 0.199799 0.000000 -0.128434 0.967345 -0.218514 4.480100 -0.231116 0.185076 0.955161 0.000000 0.000000 0.000000 0.000000 1.000000
0.961644 0.159792 0.222950 0.000000 -0.104731 0.965112 -0.239978 4.480100 -0.253518 0.207424 0.944830 0.000000 0.000000 0.000000 0.000000 1.000000
0.960336 0.142263 0.239825 -0.000000 -0.078318 0.963055 -0.257667 4.480100 -0.267621 0.228664 0.935998 0.000000 0.000000 0.000000 0.000000 1.000000
0.961145 0.138110 0.239009 -0.000000 -0.071508 0.960855 -0.267665 4.480100 -0.266620 0.240173 0.933397 0.000000 0.000000 0.000000 0.000000 1.000000
0.962301 0.133610 0.236908 0.000000 -0.064564 0.958343 -0.278226 4.480100 -0.264213 0.252442 0.930841 -0.000000 0.000000 0.000000 0.000000 1.000000
0.963600 0.129363 0.233966 0.000000 -0.058375 0.955828 -0.288070 4.480100 -0.260897 0.263927 0.928588 -0.000000 0.000000 0.000000 0.000000 1.000000
0.964852 0.125973 0.230633 0.000000 -0.053785 0.953701 -0.295907 4.480100 -0.257232 0.273102 0.926956 -0.000000 0.000000 0.000000 0.000000 1.000000
0.965878 0.124046 0.227361 -0.000000 -0.051595 0.952406 -0.300435 4.480100 -0.253807 0.278453 0.926308 0.000000 0.000000 0.000000 0.000000 1.000000
0.966824 0.124523 0.223035 -0.000000 -0.053823 0.952840 -0.298663 4.480100 -0.249707 0.276751 0.927931 0.000000 0.000000 0.000000 0.000000 1.000000
0.968059 0.124251 0.217771 0.000000 -0.056869 0.954745 -0.291937 4.480100 -0.244189 0.270228 0.931316 0.000000 0.000000 0.000000 0.000000 1.000000
0.969880 0.120278 0.211816 0.000000 -0.057700 0.958280 -0.279947 4.480100 -0.236650 0.259293 0.936357 0.000000 0.000000 0.000000 0.000000 1.000000
0.971876 0.116831 0.204468 0.000000 -0.059196 0.961580 -0.268067 4.480100 -0.227931 0.248424 0.941453 -0.000000 0.000000 0.000000 0.000000 1.000000
0.972879 0.118357 0.198743 0.000000 -0.065279 0.964741 -0.254978 4.480100 -0.221914 0.235089 0.946302 -0.000000 0.000000 0.000000 0.000000 1.000000
0.973561 0.121415 0.193489 0.000000 -0.073001 0.967997 -0.240108 4.480100 -0.216450 0.219635 0.951268 0.000000 0.000000 0.000000 0.000000 1.000000
0.974177 0.124792 0.188163 0.000000 -0.080191 0.970277 -0.228326 4.480100 -0.211063 0.207341 0.955229 0.000000 0.000000 0.000000 0.000000 1.000000
0.975400 0.127965 0.179498 0.000000 -0.087846 0.972454 -0.215910 4.480100 -0.202182 0.194831 0.959773 -0.000000 0.000000 0.000000 0.000000 1.000000
0.976715 0.129797 0.170820 0.000000 -0.094503 0.975108 -0.200583 4.480100 -0.192603 0.179770 0.964669 0.000000 0.000000 0.000000 0.000000 1.000000
0.978227 0.131015 0.160956 -0.000000 -0.099854 0.977005 -0.188389 4.480100 -0.181936 0.168215 0.968815 -0.000000 0.000000 0.000000 0.000000 1.000000
0.979503 0.132149 0.152023 0.000000 -0.104552 0.978632 -0.177057 4.480100 -0.172173 0.157533 0.972389 0.000000 0.000000 0.000000 0.000000 1.000000
0.980704 0.131465 0.144694 0.000000 -0.106028 0.979495 -0.171309 4.480100 -0.164248 0.152662 0.974534 -0.000000 0.000000 0.000000 0.000000 1.000000
0.982469 0.128103 0.135442 0.000000 -0.104392 0.979965 -0.169621 4.480100 -0.154458 0.152508 0.976158 0.000000 0.000000 0.000000 0.000000 1.000000
0.984511 0.122010 0.125904 0.000000 -0.100150 0.980799 -0.167341 4.480100 -0.143904 0.152139 0.977827 0.000000 0.000000 0.000000 0.000000 1.000000
0.986805 0.113455 0.115519 0.000000 -0.093722 0.982020 -0.163867 4.480100 -0.132033 0.150878 0.979695 0.000000 0.000000 0.000000 0.000000 1.000000
0.988629 0.107718 0.104927 0.000000 -0.089994 0.982835 -0.161046 4.480100 -0.120474 0.149772 0.981353 0.000000 0.000000 0.000000 0.000000 1.000000
0.990305 0.103025 0.093178 0.000000 -0.087171 0.983162 -0.160602 4.480100 -0.108155 0.150922 0.982611 -0.000000 0.000000 0.000000 0.000000 1.000000
0.991955 0.096822 0.081557 -0.000000 -0.082911 0.983723 -0.159422 4.480100 -0.095665 0.151377 0.983836 0.000000 0.000000 0.000000 0.000000 1.000000
0.994065 0.081573 0.071977 0.000000 -0.069914 0.985935 -0.151803 4.480100 -0.083348 0.145870 0.985787 0.000000 0.000000 0.000000 0.000000 1.000000
0.995029 0.080789 0.058225 -0.000000 -0.071115 0.985749 -0.152449 4.480100 -0.069711 0.147550 0.986595 0.000000 0.000000 0.000000 0.000000 1.000000
0.995720 0.079950 0.046360 -0.000000 -0.072062 0.985721 -0.152188 4.480100 -0.057866 0.148196 0.987264 0.000000 0.000000 0.000000 0.000000 1.000000
0.996087 0.078525 0.040545 -0.000000 -0.071596 0.985988 -0.150671 4.480100 -0.051808 0.147178 0.987752 0.000000 0.000000 0.000000 0.000000 1.000000
0.995808 0.082549 0.039410 -0.000000 -0.075815 0.985876 -0.149333 4.480100 -0.051181 0.145720 0.988001 -0.000000 0.000000 0.000000 0.000000 1.000000
0.995780 0.081323 0.042531 0.000000 -0.074359 0.986568 -0.145444 4.480100 -0.053788 0.141667 0.988452 0.000000 0.000000 0.000000 0.000000 1.000000
0.995763 0.079101 0.046900 0.000000 -0.071803 0.987420 -0.140878 4.480100 -0.057453 0.136914 0.988915 0.000000 0.000000 0.000000 0.000000 1.000000
0.995729 0.077892 0.049568 0.000000 -0.070525 0.988179 -0.136120 4.480100 -0.059584 0.132042 0.989452 0.000000 0.000000 0.000000 0.000000 1.000000
0.995617 0.075570 0.055099 -0.000000 -0.067694 0.988807 -0.132961 4.480100 -0.064530 0.128649 0.989589 0.000000 0.000000 0.000000 0.000000 1.000000
0.995412 0.072649 0.062270 0.000000 -0.064113 0.989497 -0.129559 4.480100 -0.071028 0.124972 0.989615 -0.000000 0.000000 0.000000 0.000000 1.000000
0.995148 0.067873 0.071234 0.000000 -0.058424 0.990148 -0.127251 4.480100 -0.079169 0.122472 0.989309 0.000000 0.000000 0.000000 0.000000 1.000000
0.994583 0.064489 0.081527 0.000000 -0.054207 0.990976 -0.122591 4.480100 -0.088697 0.117508 0.989103 0.000000 0.000000 0.000000 0.000000 1.000000
0.993888 0.063835 0.090067 0.000000 -0.052885 0.991471 -0.119116 4.480100 -0.096903 0.113624 0.988787 0.000000 0.000000 0.000000 0.000000 1.000000
0.993260 0.061901 0.097994 0.000000 -0.050356 0.991949 -0.116193 4.480100 -0.104398 0.110475 0.988381 0.000000 0.000000 0.000000 0.000000 1.000000
0.992751 0.061020 0.103546 0.000000 -0.049287 0.992449 -0.112319 4.480100 -0.109618 0.106401 0.988262 0.000000 0.000000 0.000000 0.000000 1.000000
0.992481 0.059635 0.106886 0.000000 -0.047944 0.992908 -0.108788 4.480100 -0.112615 0.102846 0.988302 0.000000 0.000000 0.000000 0.000000 1.000000
0.992497 0.057220 0.108054 -0.000000 -0.045824 0.993400 -0.105151 4.480100 -0.113357 0.099410 0.988569 0.000000 0.000000 0.000000 0.000000 1.000000</float_array><technique_common><accessor source="#mixamorig_Spine1-Matrix-animation-output-transform-array" count="69" stride="16"><param type="float4x4"/></accessor></technique_common></source><source id="mixamorig_Spine1-Interpolations"><Name_array id="mixamorig_Spine1-Interpolations-array" count="69">
 LINEAR LINEAR LINEAR LINEAR LINEAR LINEAR LINEAR LINEAR LINEAR LINEAR LINEAR
LINEAR LINEAR LINEAR LINEAR LINEAR LINEAR LINEAR LINEAR LINEAR LINEAR LINEAR LINEAR
LINEAR LINEAR LINEAR LINEAR LINEAR LINEAR LINEAR LINEAR LINEAR LINEAR LINEAR LINEAR
LINEAR LINEAR LINEAR LINEAR LINEAR LINEAR LINEAR LINEAR LINEAR LINEAR LINEAR LINEAR
LINEAR LINEAR LINEAR LINEAR LINEAR LINEAR LINEAR LINEAR LINEAR LINEAR LINEAR LINEAR
LINEAR LINEAR LINEAR LINEAR LINEAR LINEAR LINEAR LINEAR LINEAR LINEAR</Name_array><technique_common><accessor source="#mixamorig_Spine1-Interpolations-array" count="69"><param type="name"/></accessor></technique_common></source><sampler id="mixamorig_Spine1-Matrix-animation-transform"><input semantic="INPUT" source="#mixamorig_Spine1-Matrix-animation-input"/><input semantic="OUTPUT" source="#mixamorig_Spine1-Matrix-animation-output-transform"/><input semantic="INTERPOLATION" source="#mixamorig_Spine1-Interpolations"/></sampler><channel source="#mixamorig_Spine1-Matrix-animation-transform" target="mixamorig_Spine1/matrix"/></animation>
    <animation id="mixamorig_Spine2-anim" name="mixamorig_Spine2"><source id="mixamorig_Spine2-Matrix-animation-input"><float_array id="mixamorig_Spine2-Matrix-animation-input-array" count="69">

0.000000 0.033333 0.066667 0.100000 0.133333 0.166667 0.200000 0.233333 0.266667 0.300000 0.333333 0.366667 0.400000 0.433333 0.466667 0.500000
0.533333 0.566667 0.600000 0.633333 0.666667 0.700000 0.733333 0.766667 0.800000 0.833333 0.866667 0.900000 0.933333 0.966667 1.000000 1.033333
1.066667 1.100000 1.133333 1.166667 1.200000 1.233333 1.266667 1.300000 1.333333 1.366667 1.400000 1.433333 1.466667 1.500000 1.533333 1.566667
1.600000 1.633333 1.666667 1.700000 1.733333 1.766667 1.800000 1.833333 1.866667 1.900000 1.933333 1.966667 2.000000 2.033333 2.066667 2.100000
2.133333 2.166667 2.200000 2.233333 2.266667</float_array><technique_common><accessor source="#mixamorig_Spine2-Matrix-animation-input-array" count="69"><param name="TIME" type="float"/></accessor></technique_common></source><source id="mixamorig_Spine2-Matrix-animation-output-transform"><float_array id="mixamorig_Spine2-Matrix-animation-output-transform-array" count="1104">

0.992503 0.033657 0.117498 -0.000000 -0.045667 0.993832 0.101060 5.120100 -0.113372 -0.105668 0.987918 0.000000 0.000000 0.000000 0.000000 1.000000
