<?xml version="1.0" encoding="utf-8"?>
<COLLADA xmlns="http://www.collada.org/2005/11/COLLADASchema" version="1.4.1">
  <asset><contributor><author>Mixamo</author><authoring_tool>COLLADA Mixamo exporter</authoring_tool><comments></comments></contributor><created>2020-03-13T11:37:56Z</created><modified>2020-03-13T11:37:56Z</modified><revision></revision><title></title><unit meter="1.000000"/><up_axis>Y_UP</up_axis></asset>
  <library_animations>
    <animation id="mixamorig_Hips-anim" name="mixamorig_Hips"><source id="mixamorig_Hips-Matrix-animation-input"><float_array id="mixamorig_Hips-Matrix-animation-input-array" count="72">

0.000000 0.033333 0.066667 0.100000 0.133333 0.166667 0.200000 0.233333 0.266667 0.300000 0.333333 0.366667 0.400000 0.433333 0.466667 0.500000
0.533333 0.566667 0.600000 0.633333 0.666667 0.700000 0.733333 0.766667 0.800000 0.833333 0.866667 0.900000 0.933333 0.966667 1.000000 1.033333
1.066667 1.100000 1.133333 1.166667 1.200000 1.233333 1.266667 1.300000 1.333333 1.366667 1.400000 1.433333 1.466667 1.500000 1.533333 1.566667
1.600000 1.633333 1.666667 1.700000 1.733333 1.766667 1.800000 1.833333 1.866667 1.900000 1.933333 1.966667 2.000000 2.033333 2.066667 2.100000
2.133333 2.166667 2.200000 2.233333 2.266667 2.300000 2.333333 2.366667</float_array><technique_common><accessor source="#mixamorig_Hips-Matrix-animation-input-array" count="72"><param name="TIME" type="float"/></accessor></technique_common></source><source id="mixamorig_Hips-Matrix-animation-output-transform"><float_array id="mixamorig_Hips-Matrix-animation-output-transform-array" count="1152">

0.727983 0.053920 -0.683471 0.001143 -0.000941 0.996980 0.077650 6.977659 0.685594 -0.055885 0.725836 0.019676 0.000000 0.000000 0.000000 1.000000
0.745069 0.034310 -0.666104 -0.007078 -0.010649 0.999161 0.039554 6.917372 0.666902 -0.022377 0.744810 -0.315364 0.000000 0.000000 0.000000 1.000000
0.759365 0.014114 -0.650512 -0.008213 -0.019860 0.999802 -0.001491 6.834568 0.650362 0.014052 0.759495 -0.617146 0.000000 0.000000 0.000000 1.000000
0.771285 -0.008664 -0.636431 -0.009907 -0.025181 0.998709 -0.044112 6.748375 0.635991 0.050049 0.770072 -0.879094 0.000000 0.000000 0.000000 1.000000
0.785640 -0.034104 -0.617744 -0.023499 -0.025006 0.995913 -0.086784 6.677176 0.618179 0.083628 0.781576 -1.103927 0.000000 0.000000 0.000000 1.000000
0.808532 -0.050966 -0.586241 -0.048267 -0.028304 0.991721 -0.125255 6.633118 0.587772 0.117865 0.800395 -1.285416 0.000000 0.000000 0.000000 1.000000
0.835958 -0.059212 -0.545589 -0.064712 -0.041222 0.984579 -0.170017 6.618805 0.547243 0.164618 0.820626 -1.450710 0.000000 0.000000 0.000000 1.000000
0.856959 -0.065878 -0.511157 -0.053433 -0.059071 0.972706 -0.224395 6.628416 0.511988 0.222492 0.829678 -1.646470 0.000000 0.000000 0.000000 1.000000
0.870693 -0.074290 -0.486185 -0.034424 -0.075881 0.956399 -0.282033 6.609092 0.485939 0.282456 0.827093 -1.893135 0.000000 0.000000 0.000000 1.000000
0.894791 -0.070401 -0.440900 -0.010176 -0.107444 0.924519 -0.365677 6.532850 0.433364 0.374576 0.819688 -2.141374 0.000000 0.000000 0.000000 1.000000
0.922120 -0.054227 -0.383086 0.006155 -0.143434 0.871664 -0.468646 6.373913 0.359335 0.487095 0.796000 -2.404637 0.000000 0.000000 0.000000 1.000000
0.932409 -0.037777 -0.359426 -0.010376 -0.180735 0.812490 -0.554252 6.220081 0.312968 0.581750 0.750745 -2.600435 0.000000 0.000000 0.000000 1.000000
0.927324 -0.021298 -0.373653 -0.022135 -0.237479 0.738160 -0.631445 6.095441 0.289265 0.674289 0.679456 -2.767607 0.000000 0.000000 0.000000 1.000000
0.920733 -0.006822 -0.390133 -0.059167 -0.283274 0.675919 -0.680360 5.909135 0.268339 0.736945 0.620409 -2.926690 0.000000 0.000000 0.000000 1.000000
0.920188 0.014557 -0.391206 -0.123817 -0.306755 0.647666 -0.697445 5.665224 0.243218 0.761785 0.600440 -3.017345 0.000000 0.000000 0.000000 1.000000
0.925883 0.037381 -0.375955 -0.179832 -0.316286 0.620969 -0.717190 5.433399 0.206647 0.782944 0.586768 -3.060598 0.000000 0.000000 0.000000 1.000000
0.938170 0.040730 -0.343770 -0.226531 -0.303649 0.573696 -0.760704 5.265662 0.166236 0.818055 0.550592 -3.044344 0.000000 0.000000 0.000000 1.000000
0.943592 0.032939 -0.329467 -0.251858 -0.300349 0.503979 -0.809812 5.277238 0.139370 0.863087 0.485444 -2.954182 0.000000 0.000000 0.000000 1.000000
0.942958 0.028142 -0.331719 -0.280950 -0.310046 0.437139 -0.844263 5.464197 0.121249 0.898953 0.420929 -2.698799 0.000000 0.000000 0.000000 1.000000
0.946053 0.016634 -0.323584 -0.340509 -0.305097 0.381957 -0.872367 5.745810 0.109084 0.924030 0.366427 -2.198147 0.000000 0.000000 0.000000 1.000000
0.949023 0.007769 -0.315110 -0.403890 -0.301744 0.311432 -0.901089 5.993750 0.091135 0.950237 0.297901 -1.462938 0.000000 0.000000 0.000000 1.000000
0.947520 0.040259 -0.317153 -0.454602 -0.317850 0.225143 -0.921022 6.149097 0.034326 0.973494 0.226123 -0.854606 0.000000 0.000000 0.000000 1.000000
0.958092 0.036197 -0.284163 -0.533114 -0.286456 0.116372 -0.951000 6.357157 -0.001355 0.992546 0.121864 -0.273899 0.000000 0.000000 0.000000 1.000000
0.970451 0.004123 -0.241265 -0.612081 -0.241170 -0.016251 -0.970347 6.572145 -0.007922 0.999859 -0.014776 0.325574 0.000000 0.000000 0.000000 1.000000
0.978612 -0.035070 -0.202705 -0.691771 -0.205700 -0.154371 -0.966363 6.650880 0.002599 0.987390 -0.158283 0.891333 0.000000 0.000000 0.000000 1.000000
0.981714 -0.056407 -0.181811 -0.764749 -0.190348 -0.280187 -0.940884 6.608503 0.002132 0.958287 -0.285801 1.494152 0.000000 0.000000 0.000000 1.000000
0.979195 -0.069494 -0.190651 -0.806216 -0.202399 -0.401879 -0.893044 6.464871 -0.014557 0.913052 -0.407583 2.179013 0.000000 0.000000 0.000000 1.000000
0.965879 -0.096308 -0.240421 -0.788944 -0.253916 -0.535038 -0.805768 6.238709 -0.051033 0.839321 -0.541236 2.868186 0.000000 0.000000 0.000000 1.000000
0.937868 -0.159632 -0.308091 -0.743675 -0.335305 -0.645417 -0.686300 5.952858 -0.089291 0.746964 -0.658841 3.520951 0.000000 0.000000 0.000000 1.000000
0.889907 -0.223492 -0.397639 -0.660043 -0.426335 -0.717484 -0.550868 5.603489 -0.162185 0.659748 -0.733777 4.179525 0.000000 0.000000 0.000000 1.000000
0.823733 -0.286124 -0.489486 -0.538106 -0.501788 -0.769819 -0.394446 5.173340 -0.263955 0.570536 -0.777699 4.832491 0.000000 0.000000 0.000000 1.000000
0.747439 -0.352932 -0.562826 -0.427552 -0.541639 -0.814297 -0.208680 4.668202 -0.384658 0.460824 -0.799799 5.468885 0.000000 0.000000 0.000000 1.000000
0.666459 -0.418230 -0.617184 -0.346580 -0.537977 -0.842903 -0.009742 4.074752 -0.516152 0.338524 -0.786758 6.092669 0.000000 0.000000 0.000000 1.000000
0.582366 -0.474975 -0.659734 -0.283534 -0.490355 -0.852535 0.180932 3.390560 -0.648384 0.218135 -0.729394 6.686296 0.000000 0.000000 0.000000 1.000000
0.496047 -0.568110 -0.656649 -0.231682 -0.354779 -0.822853 0.443897 2.742918 -0.792508 0.012771 -0.609728 7.219412 0.000000 0.000000 0.000000 1.000000
0.443738 -0.677081 -0.587076 -0.117957 -0.127066 -0.696022 0.706687 2.270875 -0.887102 -0.238987 -0.394886 7.671859 0.000000 0.000000 0.000000 1.000000
0.436402 -0.764063 -0.475144 -0.002435 0.097064 -0.485023 0.869098 2.039688 -0.894501 -0.425395 -0.137502 8.027182 0.000000 0.000000 0.000000 1.000000
0.455026 -0.767587 -0.451399 0.115908 0.307394 -0.340359 0.888631 1.979035 -0.835739 -0.543107 0.081080 8.443272 0.000000 0.000000 0.000000 1.000000
0.480029 -0.689141 -0.542823 0.067362 0.536249 -0.259196 0.803277 1.883351 -0.694269 -0.676685 0.245129 8.883862 0.000000 0.000000 0.000000 1.000000
0.492194 -0.553692 -0.671692 -0.168399 0.738078 -0.143644 0.659248 1.853693 -0.461505 -0.820239 0.337967 9.103037 0.000000 0.000000 0.000000 1.000000
0.523049 -0.476829 -0.706437 -0.257282 0.820658 0.058003 0.568468 1.761666 -0.230086 -0.877080 0.421652 9.182982 0.000000 0.000000 0.000000 1.000000
0.573964 -0.459985 -0.677480 -0.207161 0.818661 0.303181 0.487724 1.622687 -0.018947 -0.834563 0.550587 9.185267 0.000000 0.000000 0.000000 1.000000
0.567547 -0.463872 -0.680230 -0.001323 0.802869 0.494898 0.332382 1.645928 0.182462 -0.734778 0.653306 9.141538 0.000000 0.000000 0.000000 1.000000
0.519757 -0.492168 -0.698300 0.210054 0.771233 0.621919 0.135707 1.813974 0.367496 -0.609087 0.702823 9.130630 0.000000 0.000000 0.000000 1.000000
0.508561 -0.492910 -0.705978 0.378928 0.687145 0.726418 -0.012187 1.976550 0.518843 -0.478911 0.708129 9.191283 0.000000 0.000000 0.000000 1.000000
0.531955 -0.429229 -0.729922 0.490235 0.563323 0.822969 -0.073405 2.180402 0.632211 -0.372134 0.679577 9.306073 0.000000 0.000000 0.000000 1.000000
0.537993 -0.374640 -0.755122 0.617338 0.465704 0.878785 -0.104198 2.428502 0.702626 -0.295606 0.647251 9.404902 0.000000 0.000000 0.000000 1.000000
0.520912 -0.356484 -0.775610 0.735208 0.404362 0.903259 -0.143578 2.698687 0.751759 -0.238836 0.614667 9.398986 0.000000 0.000000 0.000000 1.000000
0.533862 -0.323708 -0.781156 0.793766 0.342987 0.927308 -0.149867 3.013025 0.772885 -0.187918 0.606082 9.340374 0.000000 0.000000 0.000000 1.000000
0.569221 -0.288069 -0.770067 0.791169 0.286299 0.947440 -0.142794 3.351357 0.770727 -0.139188 0.621777 9.224730 0.000000 0.000000 0.000000 1.000000
0.593448 -0.267374 -0.759165 0.741237 0.236409 0.959511 -0.153131 3.695577 0.769370 -0.088598 0.632629 9.012278 0.000000 0.000000 0.000000 1.000000
0.599216 -0.246321 -0.761752 0.675330 0.189563 0.968088 -0.163926 4.085130 0.777822 -0.046173 0.626787 8.740351 0.000000 0.000000 0.000000 1.000000
0.590621 -0.220440 -0.776256 0.634525 0.153575 0.975088 -0.160055 4.482939 0.792201 -0.024682 0.609761 8.436156 0.000000 0.000000 0.000000 1.000000
0.584352 -0.188159 -0.789385 0.607655 0.119535 0.982095 -0.145607 4.881479 0.802648 -0.009273 0.596381 8.114821 0.000000 0.000000 0.000000 1.000000
0.583552 -0.155540 -0.797041 0.572426 0.086456 0.987807 -0.129469 5.271947 0.807460 0.006643 0.589884 7.781071 0.000000 0.000000 0.000000 1.000000
0.574603 -0.134182 -0.807358 0.527176 0.060858 0.990743 -0.121346 5.633286 0.816167 0.020592 0.577450 7.422640 0.000000 0.000000 0.000000 1.000000
0.562243 -0.116056 -0.818788 0.481218 0.038096 0.992687 -0.114545 5.964697 0.826094 0.033209 0.562553 7.030952 0.000000 0.000000 0.000000 1.000000
0.555210 -0.094505 -0.826323 0.431806 0.016327 0.994570 -0.102777 6.279366 0.831550 0.043572 0.553739 6.616371 0.000000 0.000000 0.000000 1.000000
0.553182 -0.077020 -0.829493 0.376493 0.001181 0.995788 -0.091674 6.566570 0.833060 0.049732 0.550943 6.190504 0.000000 0.000000 0.000000 1.000000
0.555826 -0.061565 -0.829016 0.312596 -0.005045 0.996986 -0.077421 6.793251 0.831283 0.047215 0.553841 5.736687 0.000000 0.000000 0.000000 1.000000
0.568797 -0.042116 -0.821399 0.233655 -0.005455 0.998473 -0.054973 6.939419 0.822460 0.035749 0.567699 5.246191 0.000000 0.000000 0.000000 1.000000
0.596732 -0.020499 -0.802179 0.153181 -0.007740 0.999480 -0.031298 7.029037 0.802403 0.024886 0.596263 4.748418 0.000000 0.000000 0.000000 1.000000
0.629813 -0.004771 -0.776732 0.085866 -0.010678 0.999833 -0.014799 7.093437 0.776673 0.017615 0.629657 4.268281 0.000000 0.000000 0.000000 1.000000
0.653953 0.005115 -0.756518 0.030313 -0.010077 0.999947 -0.001951 7.121468 0.756468 0.008899 0.653970 3.796743 0.000000 0.000000 0.000000 1.000000
0.669019 0.013822 -0.743117 -0.008053 -0.007703 0.999902 0.011663 7.109991 0.743206 -0.002078 0.669060 3.325549 0.000000 0.000000 0.000000 1.000000
0.679688 0.020208 -0.733223 -0.025858 -0.005440 0.999732 0.022510 7.084566 0.733481 -0.011312 0.679615 2.853088 0.000000 0.000000 0.000000 1.000000
0.689617 0.025318 -0.723732 -0.028641 -0.005573 0.999545 0.029657 7.055460 0.724153 -0.016419 0.689444 2.380369 0.000000 0.000000 0.000000 1.000000
0.701391 0.032241 -0.712047 -0.022606 -0.007392 0.999252 0.037964 7.021215 0.712739 -0.021364 0.701104 1.908450 0.000000 0.000000 0.000000 1.000000
0.710613 0.040216 -0.702432 -0.015059 -0.007131 0.998725 0.049966 6.997281 0.703547 -0.030497 0.709995 1.437562 0.000000 0.000000 0.000000 1.000000
0.714333 0.045951 -0.698296 -0.009897 -0.004360 0.998115 0.061220 6.989568 0.699792 -0.040687 0.713187 0.966989 0.000000 0.000000 0.000000 1.000000
0.718508 0.049956 -0.693723 -0.005433 -0.001947 0.997558 0.069818 6.985321 0.695516 -0.048814 0.716850 0.495043 0.000000 0.000000 0.000000 1.000000
0.727983 0.053919 -0.683472 0.001142 -0.000941 0.996980 0.077649 6.977654 0.685595 -0.055885 0.725835 0.019674 0.000000 0.000000 0.000000 1.000000</float_array><technique_common><accessor source="#mixamorig_Hips-Matrix-animation-output-transform-array" count="72" stride="16"><param type="float4x4"/></accessor></technique_common></source><source id="mixamorig_Hips-Interpolations"><Name_array id="mixamorig_Hips-Interpolations-array" count="72">
 LINEAR LINEAR LINEAR LINEAR LINEAR LINEAR LINEAR LINEAR LINEAR LINEAR LINEAR
LINEAR LINEAR LINEAR LINEAR LINEAR LINEAR LINEAR LINEAR LINEAR LINEAR LINEAR LINEAR
LINEAR LINEAR LINEAR LINEAR LINEAR LINEAR LINEAR LINEAR LINEAR LINEAR LINEAR LINEAR
LINEAR LINEAR LINEAR LINEAR LINEAR LINEAR LINEAR LINEAR LINEAR LINEAR LINEAR LINEAR
LINEAR LINEAR LINEAR LINEAR LINEAR LINEAR LINEAR LINEAR LINEAR LINEAR LINEAR LINEAR
LINEAR LINEAR LINEAR LINEAR LINEAR LINEAR LINEAR LINEAR LINEAR LINEAR LINEAR LINEAR
LINEAR</Name_array><technique_common><accessor source="#mixamorig_Hips-Interpolations-array" count="72"><param type="name"/></accessor></technique_common></source><sampler id="mixamorig_Hips-Matrix-animation-transform"><input semantic="INPUT" source="#mixamorig_Hips-Matrix-animation-input"/><input semantic="OUTPUT" source="#mixamorig_Hips-Matrix-animation-output-transform"/><input semantic="INTERPOLATION" source="#mixamorig_Hips-Interpolations"/></sampler><channel source="#mixamorig_Hips-Matrix-animation-transform" target="mixamorig_Hips/matrix"/></animation>
    <animation id="mixamorig_Spine-anim" name="mixamorig_Spine"><source id="mixamorig_Spine-Matrix-animation-input"><float_array id="mixamorig_Spine-Matrix-animation-input-array" count="72">

0.000000 0.033333 0.066667 0.100000 0.133333 0.166667 0.200000 0.233333 0.266667 0.300000 0.333333 0.366667 0.400000 0.433333 0.466667 0.500000
0.533333 0.566667 0.600000 0.633333 0.666667 0.700000 0.733333 0.766667 0.800000 0.833333 0.866667 0.900000 0.933333 0.966667 1.000000 1.033333
1.066667 1.100000 1.133333 1.166667 1.200000 1.233333 1.266667 1.300000 1.333333 1.366667 1.400000 1.433333 1.466667 1.500000 1.533333 1.566667
1.600000 1.633333 1.666667 1.700000 1.733333 1.766667 1.800000 1.833333 1.866667 1.900000 1.933333 1.966667 2.000000 2.033333 2.066667 2.100000
2.133333 2.166667 2.200000 2.233333 2.266667 2.300000 2.333333 2.366667</float_array><technique_common><accessor source="#mixamorig_Spine-Matrix-animation-input-array" count="72"><param name="TIME" type="float"/></accessor></technique_common></source><source id="mixamorig_Spine-Matrix-animation-output-transform"><float_array id="mixamorig_Spine-Matrix-animation-output-transform-array" count="1152">

0.996404 0.004715 0.084604 0.000000 -0.009773 0.998182 0.059478 1.040100 -0.084170 -0.060091 0.994638 -0.168800 0.000000 0.000000 0.000000 1.000000
0.997202 0.001100 0.074753 0.000000 -0.006245 0.997623 0.068626 1.040100 -0.074499 -0.068901 0.994838 -0.168800 0.000000 0.000000 0.000000 1.000000
0.997797 -0.003430 0.066246 0.000000 -0.001705 0.997006 0.077303 1.040100 -0.066313 -0.077246 0.994804 -0.168800 0.000000 0.000000 0.000000 1.000000
0.998209 -0.006356 0.059490 0.000000 0.001219 0.996296 0.085977 1.040100 -0.059816 -0.085751 0.994519 -0.168800 0.000000 0.000000 0.000000 1.000000
0.998588 -0.005353 0.052853 0.000000 0.000292 0.995450 0.095289 1.040100 -0.053123 -0.095139 0.994046 -0.168800 0.000000 0.000000 0.000000 1.000000
0.998962 -0.005157 0.045266 0.000000 0.000469 0.994684 0.102972 1.040100 -0.045557 -0.102844 0.993654 -0.168800 0.000000 0.000000 0.000000 1.000000
0.999219 -0.008225 0.038661 0.000000 0.004005 0.994145 0.107979 1.040100 -0.039322 -0.107740 0.993401 -0.168800 0.000000 0.000000 0.000000 1.000000
0.999400 -0.010435 0.033037 0.000000 0.006902 0.994416 0.105307 1.040100 -0.033952 -0.105016 0.993891 -0.168800 0.000000 0.000000 0.000000 1.000000
0.999632 -0.004773 0.026691 0.000000 0.002218 0.995478 0.094971 1.040100 -0.027024 -0.094877 0.995122 -0.168800 0.000000 0.000000 0.000000 1.000000
0.999856 -0.002270 0.016805 0.000000 0.000731 0.995852 0.090988 1.040100 -0.016942 -0.090963 0.995710 -0.168800 0.000000 0.000000 0.000000 1.000000
0.999961 -0.006567 0.005849 0.000000 0.006013 0.995903 0.090231 1.040100 -0.006417 -0.090192 0.995904 -0.168800 0.000000 0.000000 0.000000 1.000000
0.999898 -0.013293 0.005139 0.000000 0.012809 0.996307 0.084904 1.040100 -0.006249 -0.084830 0.996376 -0.168800 0.000000 0.000000 0.000000 1.000000
0.999641 -0.021353 0.016209 0.000000 0.019876 0.996063 0.086389 1.040100 -0.017990 -0.086036 0.996130 -0.168800 0.000000 0.000000 0.000000 1.000000
0.999330 -0.025823 0.025946 0.000000 0.023454 0.995861 0.087809 1.040100 -0.028106 -0.087141 0.995799 -0.168800 0.000000 0.000000 0.000000 1.000000
0.999235 -0.027662 0.027662 0.000000 0.025231 0.996091 0.084657 1.040100 -0.029895 -0.083894 0.996026 -0.168800 0.000000 0.000000 0.000000 1.000000
0.999142 -0.032157 0.026096 0.000000 0.029783 0.995785 0.086746 1.040100 -0.028776 -0.085895 0.995889 -0.168800 0.000000 0.000000 0.000000 1.000000
0.999062 -0.036208 0.023741 0.000000 0.033756 0.994750 0.096604 1.040100 -0.027115 -0.095712 0.995040 -0.168800 0.000000 0.000000 0.000000 1.000000
0.998995 -0.037883 0.023973 -0.000000 0.035201 0.993971 0.103841 1.040100 -0.027762 -0.102893 0.994305 -0.168800 0.000000 0.000000 0.000000 1.000000
0.998996 -0.037536 0.024441 0.000000 0.034928 0.994420 0.099548 1.040100 -0.028042 -0.098595 0.994733 -0.168800 0.000000 0.000000 0.000000 1.000000
0.999164 -0.035968 0.019415 0.000000 0.034042 0.995198 0.091774 1.040100 -0.022623 -0.091036 0.995591 -0.168800 0.000000 0.000000 0.000000 1.000000
0.998501 -0.050817 0.020320 0.000000 0.048891 0.995083 0.086138 1.040100 -0.024597 -0.085015 0.996076 -0.168800 0.000000 0.000000 0.000000 1.000000
0.996097 -0.081869 0.032990 0.000000 0.079019 0.993657 0.080010 1.040100 -0.039331 -0.077090 0.996248 -0.168800 0.000000 0.000000 0.000000 1.000000
0.995721 -0.086298 0.033056 0.000000 0.083306 0.993049 0.083155 1.040100 -0.040002 -0.080045 0.995988 -0.168800 0.000000 0.000000 0.000000 1.000000
0.996194 -0.082056 0.029385 0.000000 0.079087 0.992712 0.090934 1.040100 -0.036632 -0.088264 0.995423 -0.168800 0.000000 0.000000 0.000000 1.000000
0.997361 -0.069160 0.022111 0.000000 0.066655 0.992862 0.098907 1.040100 -0.028793 -0.097172 0.994851 -0.168800 0.000000 0.000000 0.000000 1.000000
0.997510 -0.068031 0.018567 0.000000 0.065758 0.992447 0.103558 1.040100 -0.025472 -0.102080 0.994450 -0.168800 0.000000 0.000000 0.000000 1.000000
0.997523 -0.069918 0.007753 0.000000 0.068711 0.992025 0.105666 1.040100 -0.015079 -0.104872 0.994371 -0.168800 0.000000 0.000000 0.000000 1.000000
0.997272 -0.073708 -0.003932 -0.000000 0.073702 0.991427 0.107888 1.040100 -0.004054 -0.107883 0.994155 -0.168800 0.000000 0.000000 0.000000 1.000000
0.997402 -0.071882 -0.004712 -0.000000 0.071973 0.991665 0.106863 1.040100 -0.003009 -0.106925 0.994263 -0.168800 0.000000 0.000000 0.000000 1.000000
0.997178 -0.075056 0.001589 0.000000 0.074556 0.992576 0.096093 1.040100 -0.008790 -0.095704 0.995371 -0.168800 0.000000 0.000000 0.000000 1.000000
0.996567 -0.082437 0.007666 0.000000 0.081587 0.993581 0.078360 1.040100 -0.014076 -0.077466 0.996896 -0.168800 0.000000 0.000000 0.000000 1.000000
0.996529 -0.082948 0.007100 0.000000 0.082408 0.994948 0.057330 1.040100 -0.011820 -0.056546 0.998330 -0.168800 0.000000 0.000000 0.000000 1.000000
0.997253 -0.074000 0.003158 0.000000 0.073855 0.996713 0.033297 1.040100 -0.005611 -0.032972 0.999441 -0.168800 0.000000 0.000000 0.000000 1.000000
0.998812 -0.048673 -0.002460 0.000000 0.048690 0.998785 0.007660 1.040100 0.002084 -0.007771 0.999968 -0.168800 0.000000 0.000000 0.000000 1.000000
0.999834 -0.011586 -0.014092 0.000000 0.011583 0.999933 -0.000330 1.040100 0.014095 0.000166 0.999901 -0.168800 0.000000 0.000000 0.000000 1.000000
0.999738 0.014526 -0.017694 0.000000 -0.014238 0.999765 0.016341 1.040100 0.017927 -0.016084 0.999710 -0.168800 0.000000 0.000000 0.000000 1.000000
0.999165 0.035923 -0.019479 0.000000 -0.034774 0.997802 0.056414 1.040100 0.021463 -0.055690 0.998217 -0.168800 0.000000 0.000000 0.000000 1.000000
0.998194 0.054744 -0.024736 0.000000 -0.052665 0.995559 0.078027 1.040100 0.028898 -0.076583 0.996644 -0.168800 0.000000 0.000000 0.000000 1.000000
0.997850 0.064278 -0.012760 -0.000000 -0.063427 0.996266 0.058580 1.040100 0.016478 -0.057644 0.998201 -0.168800 0.000000 0.000000 0.000000 1.000000
0.998033 0.062274 0.007208 0.000000 -0.062415 0.997822 0.021358 1.040100 -0.005862 -0.021765 0.999746 -0.168800 0.000000 0.000000 0.000000 1.000000
0.998261 0.058038 0.010344 -0.000000 -0.058097 0.998296 0.005504 1.040100 -0.010007 -0.006095 0.999931 -0.168800 0.000000 0.000000 0.000000 1.000000
0.998277 0.058677 0.000448 0.000000 -0.058678 0.998240 0.008549 1.040100 0.000054 -0.008561 0.999963 -0.168800 0.000000 0.000000 0.000000 1.000000
0.997902 0.064294 -0.007575 0.000000 -0.064201 0.997866 0.011941 1.040100 0.008326 -0.011429 0.999900 -0.168800 0.000000 0.000000 0.000000 1.000000
0.997314 0.073127 -0.004056 0.000000 -0.073031 0.997127 0.020124 1.040100 0.005516 -0.019774 0.999789 -0.168800 0.000000 0.000000 0.000000 1.000000
0.996725 0.080795 0.003354 0.000000 -0.080863 0.996166 0.033393 1.040100 -0.000643 -0.033555 0.999437 -0.168800 0.000000 0.000000 0.000000 1.000000
0.996695 0.080340 0.012051 -0.000000 -0.080728 0.996079 0.036200 1.040100 -0.009095 -0.037054 0.999272 -0.168800 0.000000 0.000000 0.000000 1.000000
0.996733 0.077529 0.022652 -0.000000 -0.078295 0.996310 0.035167 1.040100 -0.019842 -0.036825 0.999125 -0.168800 0.000000 0.000000 0.000000 1.000000
0.996521 0.077059 0.031734 0.000000 -0.078328 0.996089 0.040895 1.040100 -0.028459 -0.043238 0.998659 -0.168800 0.000000 0.000000 0.000000 1.000000
0.996536 0.073767 0.038404 0.000000 -0.075582 0.995975 0.048168 1.040100 -0.034696 -0.050904 0.998101 -0.168800 0.000000 0.000000 0.000000 1.000000
0.996600 0.066686 0.048396 0.000000 -0.069463 0.995888 0.058154 1.040100 -0.044319 -0.061318 0.997134 -0.168800 0.000000 0.000000 0.000000 1.000000
0.996556 0.059399 0.057856 0.000000 -0.063348 0.995603 0.069008 1.040100 -0.053502 -0.072435 0.995937 -0.168800 0.000000 0.000000 0.000000 1.000000
0.996391 0.054715 0.064891 0.000000 -0.059644 0.995274 0.076624 1.040100 -0.060392 -0.080218 0.994946 -0.168800 0.000000 0.000000 0.000000 1.000000
0.995830 0.054901 0.072862 0.000000 -0.060602 0.995071 0.078490 1.040100 -0.068194 -0.082578 0.994249 -0.168800 0.000000 0.000000 0.000000 1.000000
0.995285 0.052918 0.081281 0.000000 -0.059262 0.995212 0.077728 1.040100 -0.076779 -0.082178 0.993656 -0.168800 0.000000 0.000000 0.000000 1.000000
0.995061 0.047347 0.087247 0.000000 -0.054287 0.995397 0.078976 1.040100 -0.083106 -0.083322 0.993051 -0.168800 0.000000 0.000000 0.000000 1.000000
0.994948 0.043688 0.090389 0.000000 -0.051271 0.995201 0.083343 1.040100 -0.086314 -0.087556 0.992413 -0.168800 0.000000 0.000000 0.000000 1.000000
0.995019 0.038911 0.091780 0.000000 -0.047043 0.994994 0.088170 1.040100 -0.087890 -0.092048 0.991868 -0.168800 0.000000 0.000000 0.000000 1.000000
0.995302 0.032440 0.091224 -0.000000 -0.040701 0.995091 0.090208 1.040100 -0.087850 -0.093498 0.991736 -0.168800 0.000000 0.000000 0.000000 1.000000
0.995554 0.027525 0.090086 0.000000 -0.035700 0.995262 0.090433 1.040100 -0.087170 -0.093247 0.991820 -0.168800 0.000000 0.000000 0.000000 1.000000
0.995666 0.024056 0.089836 -0.000000 -0.032087 0.995510 0.089050 1.040100 -0.087291 -0.091546 0.991968 -0.168800 0.000000 0.000000 0.000000 1.000000
0.995689 0.022255 0.090045 0.000000 -0.030027 0.995851 0.085901 1.040100 -0.087760 -0.088235 0.992226 -0.168800 0.000000 0.000000 0.000000 1.000000
0.995743 0.020945 0.089761 0.000000 -0.028488 0.996092 0.083602 1.040100 -0.087659 -0.085803 0.992448 -0.168800 0.000000 0.000000 0.000000 1.000000
0.995812 0.019262 0.089371 -0.000000 -0.026831 0.996081 0.084276 1.040100 -0.087397 -0.086321 0.992427 -0.168800 0.000000 0.000000 0.000000 1.000000
0.995863 0.017973 0.089070 0.000000 -0.025581 0.996050 0.085029 1.040100 -0.087190 -0.086956 0.992389 -0.168800 0.000000 0.000000 0.000000 1.000000
0.995894 0.017834 0.088752 0.000000 -0.025273 0.996194 0.083414 1.040100 -0.086927 -0.085314 0.992555 -0.168800 0.000000 0.000000 0.000000 1.000000
0.995890 0.017680 0.088826 0.000000 -0.024878 0.996436 0.080598 1.040100 -0.087084 -0.082477 0.992781 -0.168800 0.000000 0.000000 0.000000 1.000000
0.995904 0.015646 0.089048 0.000000 -0.022625 0.996704 0.077909 1.040100 -0.087536 -0.079605 0.992976 -0.168800 0.000000 0.000000 0.000000 1.000000
0.996021 0.012358 0.088261 0.000000 -0.018972 0.997041 0.074500 1.040100 -0.087079 -0.075878 0.993308 -0.168800 0.000000 0.000000 0.000000 1.000000
0.996155 0.009826 0.087053 0.000000 -0.015942 0.997430 0.069846 1.040100 -0.086143 -0.070965 0.993752 -0.168800 0.000000 0.000000 0.000000 1.000000
0.996182 0.008424 0.086890 -0.000000 -0.014165 0.997741 0.065667 1.040100 -0.086141 -0.066647 0.994051 -0.168800 0.000000 0.000000 0.000000 1.000000
0.996235 0.006854 0.086427 0.000000 -0.012299 0.997961 0.062631 1.040100 -0.085822 -0.063458 0.994288 -0.168800 0.000000 0.000000 0.000000 1.000000
0.996403 0.004715 0.084605 -0.000000 -0.009774 0.998182 0.059478 1.040100 -0.084170 -0.060091 0.994638 -0.168800 0.000000 0.000000 0.000000 1.000000</float_array><technique_common><accessor source="#mixamorig_Spine-Matrix-animation-output-transform-array" count="72" stride="16"><param type="float4x4"/></accessor></technique_common></source><source id="mixamorig_Spine-Interpolations"><Name_array id="mixamorig_Spine-Interpolations-array" count="72">
 LINEAR LINEAR LINEAR LINEAR LINEAR LINEAR LINEAR LINEAR LINEAR LINEAR LINEAR
LINEAR LINEAR LINEAR LINEAR LINEAR LINEAR LINEAR LINEAR LINEAR LINEAR LINEAR LINEAR
LINEAR LINEAR LINEAR LINEAR LINEAR LINEAR LINEAR LINEAR LINEAR LINEAR LINEAR LINEAR
LINEAR LINEAR LINEAR LINEAR LINEAR LINEAR LINEAR LINEAR LINEAR LINEAR LINEAR LINEAR
LINEAR LINEAR LINEAR LINEAR LINEAR LINEAR LINEAR LINEAR LINEAR LINEAR LINEAR LINEAR
LINEAR LINEAR LINEAR LINEAR LINEAR LINEAR LINEAR LINEAR LINEAR LINEAR LINEAR LINEAR
LINEAR</Name_array><technique_common><accessor source="#mixamorig_Spine-Interpolations-array" count="72"><param type="name"/></accessor></technique_common></source><sampler id="mixamorig_Spine-Matrix-animation-transform"><input semantic="INPUT" source="#mixamorig_Spine-Matrix-animation-input"/><input semantic="OUTPUT" source="#mixamorig_Spine-Matrix-animation-output-transform"/><input semantic="INTERPOLATION" source="#mixamorig_Spine-Interpolations"/></sampler><channel source="#mixamorig_Spine-Matrix-animation-transform" target="mixamorig_Spine/matrix"/></animation>
    <animation id="mixamorig_Spine1-anim" name="mixamorig_Spine1"><source id="mixamorig_Spine1-Matrix-animation-input"><float_array id="mixamorig_Spine1-Matrix-animation-input-array" count="72">

0.000000 0.033333 0.066667 0.100000 0.133333 0.166667 0.200000 0.233333 0.266667 0.300000 0.333333 0.366667 0.400000 0.433333 0.466667 0.500000
0.533333 0.566667 0.600000 0.633333 0.666667 0.700000 0.733333 0.766667 0.800000 0.833333 0.866667 0.900000 0.933333 0.966667 1.000000 1.033333
1.066667 1.100000 1.133333 1.166667 1.200000 1.233333 1.266667 1.300000 1.333333 1.366667 1.400000 1.433333 1.466667 1.500000 1.533333 1.566667
1.600000 1.633333 1.666667 1.700000 1.733333 1.766667 1.800000 1.833333 1.866667 1.900000 1.933333 1.966667 2.000000 2.033333 2.066667 2.100000
2.133333 2.166667 2.200000 2.233333 2.266667 2.300000 2.333333 2.366667</float_array><technique_common><accessor source="#mixamorig_Spine1-Matrix-animation-input-array" count="72"><param name="TIME" type="float"/></accessor></technique_common></source><source id="mixamorig_Spine1-Matrix-animation-output-transform"><float_array id="mixamorig_Spine1-Matrix-animation-output-transform-array" count="1152">

0.986155 0.027288 0.163565 0.000000 0.006138 0.979685 -0.200449 1.229300 -0.165711 0.198677 0.965954 0.000000 0.000000 0.000000 0.000000 1.000000
0.989123 0.026860 0.144617 -0.000000 0.000092 0.983072 -0.183220 1.229300 -0.147091 0.181241 0.972377 -0.000000 0.000000 0.000000 0.000000 1.000000
0.991487 0.025877 0.127607 0.000000 -0.004293 0.986016 -0.166594 1.229300 -0.130134 0.164628 0.977734 0.000000 0.000000 0.000000 0.000000 1.000000
0.993168 0.028293 0.113208 0.000000 -0.011089 0.988655 -0.149797 1.229300 -0.116162 0.147519 0.982214 0.000000 0.000000 0.000000 0.000000 1.000000
0.994516 0.035345 0.098434 0.000000 -0.022205 0.991065 -0.131516 1.229300 -0.102203 0.128609 0.986415 0.000000 0.000000 0.000000 0.000000 1.000000
0.995871 0.038904 0.082023 0.000000 -0.029223 0.992809 -0.116085 1.229300 -0.085950 0.113209 0.989847 0.000000 0.000000 0.000000 0.000000 1.000000
0.997197 0.032791 0.067252 0.000000 -0.025561 0.994072 -0.105676 1.229300 -0.070319 0.103661 0.992124 -0.000000 0.000000 0.000000 0.000000 1.000000
0.998276 0.023243 0.053897 0.000000 -0.017166 0.993717 -0.110597 1.229300 -0.056129 0.109481 0.992403 -0.000000 0.000000 0.000000 0.000000 1.000000
0.999006 0.018764 0.040440 0.000000 -0.013316 0.991292 -0.131006 1.229300 -0.042546 0.130337 0.990556 0.000000 0.000000 0.000000 0.000000 1.000000
0.999723 0.006970 0.022472 0.000000 -0.003783 0.990303 -0.138872 1.229300 -0.023222 0.138749 0.990055 0.000000 0.000000 0.000000 0.000000 1.000000
0.999909 -0.012550 0.004929 0.000000 0.013118 0.989991 -0.140518 1.229300 -0.003116 0.140570 0.990066 0.000000 0.000000 0.000000 0.000000 1.000000
0.999691 -0.024124 0.006047 0.000000 0.024760 0.988220 -0.151023 1.229300 -0.002333 0.151126 0.988512 -0.000000 0.000000 0.000000 0.000000 1.000000
0.999274 -0.029622 0.023968 0.000000 0.032846 0.988478 -0.147760 1.229300 -0.019314 0.148440 0.988733 0.000000 0.000000 0.000000 0.000000 1.000000
0.998929 -0.028892 0.036130 -0.000000 0.033839 0.988880 -0.144817 1.229300 -0.031544 0.145884 0.988799 0.000000 0.000000 0.000000 0.000000 1.000000
0.998817 -0.029339 0.038788 0.000000 0.034884 0.987912 -0.151041 1.229300 -0.033888 0.152215 0.987766 0.000000 0.000000 0.000000 0.000000 1.000000
0.998480 -0.039014 0.038918 0.000000 0.044333 0.988175 -0.146783 1.229300 -0.032731 0.148286 0.988403 -0.000000 0.000000 0.000000 0.000000 1.000000
0.998170 -0.048140 0.036606 0.000000 0.052432 0.990503 -0.127101 1.229300 -0.030139 0.128788 0.991214 0.000000 0.000000 0.000000 0.000000 1.000000
0.997968 -0.051212 0.037897 0.000000 0.055188 0.992104 -0.112619 1.229300 -0.031830 0.114481 0.992915 0.000000 0.000000 0.000000 0.000000 1.000000
0.997740 -0.052769 0.041602 0.000000 0.057463 0.990970 -0.121146 1.229300 -0.034833 0.123262 0.991763 0.000000 0.000000 0.000000 0.000000 1.000000
0.997664 -0.057644 0.036669 0.000000 0.062148 0.988663 -0.136688 1.229300 -0.028374 0.138647 0.989935 0.000000 0.000000 0.000000 0.000000 1.000000
0.997469 -0.066088 0.026211 0.000000 0.069250 0.986602 -0.147721 1.229300 -0.016097 0.149162 0.988682 0.000000 0.000000 0.000000 0.000000 1.000000
0.995903 -0.085383 0.029778 0.000000 0.089063 0.983157 -0.159595 1.229300 -0.015650 0.161593 0.986733 0.000000 0.000000 0.000000 0.000000 1.000000
0.994589 -0.098589 0.032741 -0.000000 0.102471 0.982859 -0.153254 1.229300 -0.017071 0.155780 0.987644 0.000000 0.000000 0.000000 0.000000 1.000000
0.994431 -0.100954 0.030252 0.000000 0.104185 0.984967 -0.137791 1.229300 -0.015887 0.140176 0.989999 0.000000 0.000000 0.000000 0.000000 1.000000
0.994298 -0.102626 0.028971 -0.000000 0.105419 0.986910 -0.122044 1.229300 -0.016067 0.124402 0.992102 -0.000000 0.000000 0.000000 0.000000 1.000000
0.993419 -0.111353 0.026818 0.000000 0.113689 0.987087 -0.112845 1.229300 -0.013906 0.115152 0.993251 0.000000 0.000000 0.000000 0.000000 1.000000
0.990801 -0.134406 0.015777 0.000000 0.135326 0.984775 -0.109110 1.229300 -0.000872 0.110242 0.993904 -0.000000 0.000000 0.000000 0.000000 1.000000
0.986545 -0.163348 0.006840 0.000000 0.163152 0.980942 -0.105515 1.229300 0.010526 0.105211 0.994394 0.000000 0.000000 0.000000 0.000000 1.000000
0.985303 -0.170084 0.015770 0.000000 0.170790 0.979434 -0.107420 1.229300 0.002825 0.108535 0.994089 -0.000000 0.000000 0.000000 0.000000 1.000000
0.984151 -0.174515 0.031500 0.000000 0.177136 0.975832 -0.127966 1.229300 -0.008407 0.131518 0.991278 0.000000 0.000000 0.000000 0.000000 1.000000
0.982561 -0.181333 0.041147 0.000000 0.185651 0.969102 -0.162403 1.229300 -0.010427 0.167210 0.985866 0.000000 0.000000 0.000000 0.000000 1.000000
0.983519 -0.176845 0.037641 -0.000000 0.180806 0.962133 -0.203985 1.229300 -0.000142 0.207428 0.978250 0.000000 0.000000 0.000000 0.000000 1.000000
0.986919 -0.158294 0.030550 0.000000 0.160865 0.954436 -0.251344 1.229300 0.010628 0.252971 0.967415 0.000000 0.000000 0.000000 0.000000 1.000000
0.993670 -0.110469 0.020398 -0.000000 0.111463 0.946954 -0.301419 1.229300 0.013981 0.301785 0.953274 0.000000 0.000000 0.000000 0.000000 1.000000
0.999222 -0.038958 -0.006172 -0.000000 0.034986 0.947636 -0.317430 1.229300 0.018215 0.316967 0.948262 0.000000 0.000000 0.000000 0.000000 1.000000
0.999773 0.012011 -0.017570 0.000000 -0.016531 0.958218 -0.285561 1.229300 0.013406 0.285787 0.958199 0.000000 0.000000 0.000000 0.000000 1.000000
0.998847 0.045196 -0.016182 0.000000 -0.047577 0.976947 -0.208113 1.229300 0.006403 0.208643 0.977971 0.000000 0.000000 0.000000 0.000000 1.000000
0.997976 0.058216 -0.025590 0.000000 -0.061678 0.984098 -0.166575 1.229300 0.015486 0.167816 0.985697 -0.000000 0.000000 0.000000 0.000000 1.000000
0.997877 0.061035 -0.022716 0.000000 -0.064406 0.976577 -0.205304 1.229300 0.009653 0.206331 0.978435 0.000000 0.000000 0.000000 0.000000 1.000000
0.997375 0.072412 -0.000520 -0.000000 -0.069730 0.958446 -0.276619 1.229300 -0.019532 0.275929 0.960980 0.000000 0.000000 0.000000 0.000000 1.000000
0.997078 0.076002 0.007725 0.000000 -0.069979 0.949239 -0.306672 1.229300 -0.030641 0.305235 0.951784 -0.000000 0.000000 0.000000 0.000000 1.000000
0.997748 0.067042 0.002103 0.000000 -0.063295 0.951432 -0.301283 1.229300 -0.022200 0.300472 0.953532 0.000000 0.000000 0.000000 0.000000 1.000000
0.997208 0.074650 0.001727 0.000000 -0.070817 0.952836 -0.295108 1.229300 -0.023675 0.294162 0.955462 0.000000 0.000000 0.000000 0.000000 1.000000
0.994649 0.102631 0.011826 -0.000000 -0.095272 0.955502 -0.279176 1.229300 -0.039952 0.276555 0.960167 0.000000 0.000000 0.000000 0.000000 1.000000
0.991754 0.126553 0.020207 0.000000 -0.117363 0.960201 -0.253455 1.229300 -0.051478 0.248994 0.967136 0.000000 0.000000 0.000000 0.000000 1.000000
0.991322 0.128292 0.028662 0.000000 -0.117280 0.961637 -0.247992 1.229300 -0.059378 0.242479 0.968338 0.000000 0.000000 0.000000 0.000000 1.000000
0.991883 0.119832 0.042533 0.000000 -0.105560 0.962480 -0.249979 1.229300 -0.070892 0.243460 0.967317 0.000000 0.000000 0.000000 0.000000 1.000000
0.991847 0.114165 0.056612 0.000000 -0.097581 0.966163 -0.238761 1.229300 -0.081954 0.231290 0.969427 0.000000 0.000000 0.000000 0.000000 1.000000
0.992414 0.105922 0.062402 0.000000 -0.089463 0.970389 -0.224370 1.229300 -0.084320 0.217085 0.972504 0.000000 0.000000 0.000000 0.000000 1.000000
0.992647 0.098839 0.069875 0.000000 -0.082712 0.975340 -0.204625 1.229300 -0.088376 0.197340 0.976343 0.000000 0.000000 0.000000 0.000000 1.000000
0.992217 0.095400 0.080024 0.000000 -0.079427 0.979844 -0.183295 1.229300 -0.095898 0.175512 0.979795 0.000000 0.000000 0.000000 0.000000 1.000000
0.990986 0.097018 0.092385 0.000000 -0.080467 0.982407 -0.168529 1.229300 -0.107110 0.159576 0.981358 -0.000000 0.000000 0.000000 0.000000 1.000000
0.988915 0.098392 0.111205 0.000000 -0.079275 0.983122 -0.164884 1.229300 -0.125552 0.154240 0.980024 0.000000 0.000000 0.000000 0.000000 1.000000
0.987361 0.088360 0.131567 0.000000 -0.065977 0.983967 -0.165695 1.229300 -0.144098 0.154921 0.977361 -0.000000 0.000000 0.000000 0.000000 1.000000
0.986471 0.072598 0.146983 0.000000 -0.048358 0.985566 -0.162239 1.229300 -0.156639 0.152936 0.975743 -0.000000 0.000000 0.000000 0.000000 1.000000
0.985394 0.062457 0.158420 -0.000000 -0.038010 0.987511 -0.152897 1.229300 -0.165991 0.144643 0.975462 0.000000 0.000000 0.000000 0.000000 1.000000
0.984757 0.051191 0.166231 0.000000 -0.027346 0.989390 -0.142687 1.229300 -0.171772 0.135966 0.975709 0.000000 0.000000 0.000000 0.000000 1.000000
0.984810 0.039184 0.169158 0.000000 -0.015666 0.990283 -0.138185 1.229300 -0.172929 0.133436 0.975854 0.000000 0.000000 0.000000 0.000000 1.000000
0.984762 0.033674 0.170618 0.000000 -0.010000 0.990416 -0.137757 1.229300 -0.173622 0.133952 0.975660 0.000000 0.000000 0.000000 0.000000 1.000000
0.984489 0.032511 0.172410 0.000000 -0.008047 0.990015 -0.140733 1.229300 -0.175264 0.137163 0.974920 0.000000 0.000000 0.000000 0.000000 1.000000
0.984199 0.034489 0.173673 0.000000 -0.008666 0.989053 -0.147304 1.229300 -0.176852 0.143472 0.973724 0.000000 0.000000 0.000000 0.000000 1.000000
0.984318 0.034192 0.173057 0.000000 -0.007616 0.988358 -0.151958 1.229300 -0.176238 0.148257 0.973119 -0.000000 0.000000 0.000000 0.000000 1.000000
0.984459 0.034177 0.172255 0.000000 -0.007924 0.988525 -0.150848 1.229300 -0.175434 0.147139 0.973434 0.000000 0.000000 0.000000 0.000000 1.000000
0.984317 0.038895 0.172067 0.000000 -0.012843 0.988603 -0.149996 1.229300 -0.175940 0.145434 0.973599 0.000000 0.000000 0.000000 0.000000 1.000000
0.984248 0.042806 0.171533 0.000000 -0.016202 0.988002 -0.153587 1.229300 -0.176050 0.148389 0.973133 0.000000 0.000000 0.000000 0.000000 1.000000
0.984242 0.043484 0.171396 0.000000 -0.015888 0.987119 -0.159198 1.229300 -0.176111 0.153966 0.972255 -0.000000 0.000000 0.000000 0.000000 1.000000
0.984285 0.041045 0.171754 0.000000 -0.012434 0.986307 -0.164448 1.229300 -0.176152 0.159728 0.971317 0.000000 0.000000 0.000000 0.000000 1.000000
0.984729 0.036552 0.170214 0.000000 -0.007000 0.985233 -0.171075 1.229300 -0.173954 0.167271 0.970443 -0.000000 0.000000 0.000000 0.000000 1.000000
0.985246 0.033288 0.167874 0.000000 -0.002533 0.983631 -0.180179 1.229300 -0.171123 0.177095 0.969203 0.000000 0.000000 0.000000 0.000000 1.000000
0.985316 0.032050 0.167704 0.000000 0.000115 0.982098 -0.188369 1.229300 -0.170739 0.185622 0.967674 0.000000 0.000000 0.000000 0.000000 1.000000
0.985488 0.030361 0.167007 0.000000 0.002708 0.980937 -0.194305 1.229300 -0.169723 0.191937 0.966620 0.000000 0.000000 0.000000 0.000000 1.000000
0.986155 0.027288 0.163565 0.000000 0.006138 0.979685 -0.200449 1.229300 -0.165712 0.198677 0.965954 0.000000 0.000000 0.000000 0.000000 1.000000</float_array><technique_common><accessor source="#mixamorig_Spine1-Matrix-animation-output-transform-array" count="72" stride="16"><param type="float4x4"/></accessor></technique_common></source><source id="mixamorig_Spine1-Interpolations"><Name_array id="mixamorig_Spine1-Interpolations-array" count="72">
 LINEAR LINEAR LINEAR LINEAR LINEAR LINEAR LINEAR LINEAR LINEAR LINEAR LINEAR
LINEAR LINEAR LINEAR LINEAR LINEAR LINEAR LINEAR LINEAR LINEAR LINEAR LINEAR LINEAR
LINEAR LINEAR LINEAR LINEAR LINEAR LINEAR LINEAR LINEAR LINEAR LINEAR LINEAR LINEAR
LINEAR LINEAR LINEAR LINEAR LINEAR LINEAR LINEAR LINEAR LINEAR LINEAR LINEAR LINEAR
LINEAR LINEAR LINEAR LINEAR LINEAR LINEAR LINEAR LINEAR LINEAR LINEAR LINEAR LINEAR
LINEAR LINEAR LINEAR LINEAR LINEAR LINEAR LINEAR LINEAR LINEAR LINEAR LINEAR LINEAR
